0.0011101,-0.027665,-2.463e+05,-26984
-3.5918e-05,-0.0038293,-1.9304e+05,-23484
-4.7546e-05,-0.0013165,-1.7539e+05,-9780.9
-4.968e-05,-2.1225e-05,-1.8899e+05,-207.72
-5.0899e-05,0.0004968,-1.9303e+05,3449.1
-5.1177e-05,0.00074218,-1.9401e+05,5167.8
-5.1223e-05,0.00071847,-1.9411e+05,5006.6
-5.1145e-05,0.00068197,-1.9376e+05,4756.5
-5.101e-05,0.00063982,-1.9329e+05,4459
-5.0895e-05,0.00060821,-1.9289e+05,4235.9
-5.0822e-05,0.00057914,-1.9265e+05,4030.7
-5.0758e-05,0.00055566,-1.9243e+05,3864.9
-5.0658e-05,0.00052908,-1.9208e+05,3677.3
-5.0524e-05,0.00047959,-1.9162e+05,3328
-5.0444e-05,0.00043441,-1.9138e+05,3009
-5.0498e-05,0.00043077,-1.9158e+05,2983.3
-5.067e-05,0.00049474,-1.9216e+05,3434.8
-5.0865e-05,0.00058707,-1.928e+05,4086.7
-5.1029e-05,0.0006569,-1.9334e+05,4579.6
-5.1184e-05,0.00073909,-1.9393e+05,5153.4
-5.1344e-05,0.00080525,-1.9453e+05,5616.5
-5.1519e-05,0.0008723,-1.9495e+05,6102
-5.1751e-05,0.00094145,-1.954e+05,6615.1
-5.2001e-05,0.0010333,-1.9548e+05,7316.5
-5.2217e-05,0.0010886,-1.9564e+05,7746.8
-5.2371e-05,0.0011497,-1.9536e+05,8230.4
-5.2327e-05,0.0011562,-1.9504e+05,8285.8
-5.2127e-05,0.0011454,-1.9434e+05,8206.1
-5.1841e-05,0.0010348,-1.9464e+05,7342.2
-5.139e-05,0.00092069,-1.9371e+05,6491.4
-5.1031e-05,0.00073328,-1.9323e+05,5121.4
-5.0796e-05,0.000619,-1.925e+05,4312.3
-5.0608e-05,0.00052216,-1.919e+05,3628.6
-5.0482e-05,0.00046924,-1.9148e+05,3255.1
-5.0447e-05,0.00042148,-1.914e+05,2917.8
-5.0506e-05,0.00044563,-1.916e+05,3088.3
-5.0656e-05,0.00047682,-1.9213e+05,3308.3
-5.1061e-05,0.0005593,-1.9358e+05,3890.4
-5.124e-05,0.00065562,-1.9415e+05,4570.3
-5.1162e-05,0.00080369,-1.9364e+05,5619.5
-5.1283e-05,0.00087719,-1.9467e+05,6096.1
-5.1474e-05,0.00096801,-1.9461e+05,6782.8
-5.1666e-05,0.00099404,-1.9517e+05,6975.6
-5.1747e-05,0.0010298,-1.9518e+05,7246
-5.1845e-05,0.0010302,-1.9554e+05,7250
-5.2038e-05,0.0010754,-1.9587e+05,7593
-5.2194e-05,0.0011061,-1.9611e+05,7831.1
-5.2365e-05,0.0011601,-1.9611e+05,8250.8
-5.2506e-05,0.0011827,-1.9639e+05,8424.9
-5.2654e-05,0.0012273,-1.9635e+05,8775.9
-5.2888e-05,0.0012518,-1.9684e+05,8972.4
-5.3079e-05,0.0013209,-1.9638e+05,9529.4
-5.3111e-05,0.0013163,-1.9662e+05,9489.4
-5.3002e-05,0.0013263,-1.959e+05,9578.7
-5.2772e-05,0.0012732,-1.9577e+05,9161.7
-5.2382e-05,0.0012177,-1.9497e+05,8730
-5.1874e-05,0.0010907,-1.9471e+05,7735.3
-5.147e-05,0.00096585,-1.9444e+05,6778.4
-5.1137e-05,0.00079147,-1.9392e+05,5507.7
-5.0885e-05,0.000664,-1.9279e+05,4629.9
-5.0678e-05,0.00055834,-1.9212e+05,3884
-5.0583e-05,0.00049764,-1.9183e+05,3455.4
-5.0581e-05,0.00048162,-1.9184e+05,3342.3
-5.0575e-05,0.00049595,-1.918e+05,3443.5
-5.0544e-05,0.00047636,-1.9170e+05,3305.2
-5.0463e-05,0.00046226,-1.9141e+05,3205.7
-5.0361e-05,0.00040333,-1.9109e+05,2789.7
-5.0212e-05,0.00036019,-1.9058e+05,2485.2
-4.999e-05,0.00026892,-1.8984e+05,1841
-4.9784e-05,0.00017398,-1.8916e+05,1170.7
-4.962e-05,8.7475e-05,-1.8864e+05,560.05
-4.9443e-05,2.2007e-05,-1.8804e+05,97.945
-4.9272e-05,-6.4912e-05,-1.8749e+05,-515.65
-4.911e-05,-0.00012966,-1.8695e+05,-972.67
-4.8979e-05,-0.00020023,-1.8654e+05,-1470.9
-4.8844e-05,-0.00024743,-1.8608e+05,-1804.1
-4.8732e-05,-0.00031013,-1.8572e+05,-2246.7
-4.8664e-05,-0.00034348,-1.8551e+05,-2482.1
-4.8606e-05,-0.0003706,-1.8532e+05,-2673.6
-4.8559e-05,-0.00039123,-1.8516e+05,-2819.2
-4.8542e-05,-0.00040876,-1.8512e+05,-2943
-4.8514e-05,-0.00040868,-1.8501e+05,-2942.4
-4.8473e-05,-0.00043309,-1.8488e+05,-3114.7
-4.8428e-05,-0.00044507,-1.8473e+05,-3199.3
-4.8347e-05,-0.00047839,-1.8446e+05,-3434.4
-4.8251e-05,-0.0005153,-1.8414e+05,-3695
-4.8174e-05,-0.0005609,-1.839e+05,-4016.9
-4.8084e-05,-0.0005865,-1.8359e+05,-4197.6
-4.7992e-05,-0.00063644,-1.833e+05,-4550.2
-4.7923e-05,-0.00066399,-1.8311e+05,-4741.2
-4.7858e-05,-0.00069402,-1.8293e+05,-4951.3
-4.7803e-05,-0.00071869,-1.8272e+05,-5127.5
-4.7779e-05,-0.00074436,-1.8259e+05,-5313.6
-4.7756e-05,-0.00074813,-1.8248e+05,-5342.8
-4.7734e-05,-0.00077157,-1.8233e+05,-5514.5
-4.7708e-05,-0.00077589,-1.8221e+05,-5546.9
-4.7672e-05,-0.00079641,-1.8213e+05,-5689
-4.7643e-05,-0.0008023,-1.82e+05,-5732.9
-4.7618e-05,-0.00082238,-1.8187e+05,-5879.6
-4.764e-05,-0.00082122,-1.8188e+05,-5876.6
-4.7649e-05,-0.00081738,-1.8196e+05,-5846.5
-4.7635e-05,-0.00081409,-1.8194e+05,-5820.5
-4.7646e-05,-0.0008295,-1.8176e+05,-5944.6
-4.7653e-05,-0.00082065,-1.8179e+05,-5881.6
-4.7668e-05,-0.00082189,-1.8183e+05,-5891.1
-4.7693e-05,-0.00080469,-1.8197e+05,-5764.9
-4.7696e-05,-0.00079557,-1.8218e+05,-5687.6
-4.7691e-05,-0.00078232,-1.8212e+05,-5594.8
-4.772e-05,-0.00077015,-1.8253e+05,-5488.5
-4.7695e-05,-0.00075708,-1.8276e+05,-5371.1
-4.7689e-05,-0.00074917,-1.8269e+05,-5318.1
-4.7745e-05,-0.00072812,-1.8317e+05,-5147.2
-4.7817e-05,-0.0007093,-1.8323e+05,-5027.5
-4.7864e-05,-0.0006903,-1.832e+05,-4906.8
-4.7925e-05,-0.00068073,-1.8332e+05,-4846.1
-4.7993e-05,-0.00065341,-1.8339e+05,-4664.4
-4.8041e-05,-0.000636,-1.8352e+05,-4544.5
-4.8052e-05,-0.00061902,-1.8352e+05,-4426.3
-4.8092e-05,-0.00061954,-1.8367e+05,-4430
-4.8154e-05,-0.00057895,-1.8384e+05,-4144.4
-4.8199e-05,-0.0005727,-1.8401e+05,-4100.3
-4.8261e-05,-0.0005351,-1.842e+05,-3834.8
-4.8286e-05,-0.00052567,-1.8428e+05,-3768.3
-4.8315e-05,-0.00051127,-1.8437e+05,-3666.6
-4.8379e-05,-0.00049368,-1.846e+05,-3542.5
-4.8427e-05,-0.0004585,-1.8474e+05,-3294.1
-4.847e-05,-0.00045433,-1.849e+05,-3264.7
-4.8539e-05,-0.00041586,-1.8511e+05,-2993.1
-4.8581e-05,-0.00040105,-1.8526e+05,-2888.6
-4.8611e-05,-0.0003802,-1.8535e+05,-2741.4
-4.8647e-05,-0.00037063,-1.8547e+05,-2673.9
-4.8676e-05,-0.00034836,-1.8556e+05,-2516.6
-4.869e-05,-0.00034583,-1.8560e+05,-2498.8
-4.8729e-05,-0.00033239,-1.8574e+05,-2403.9
-4.8749e-05,-0.00031419,-1.858e+05,-2275.4
-4.8762e-05,-0.00031742,-1.8585e+05,-2298.3
-4.8786e-05,-0.0002999,-1.8592e+05,-2174.6
-4.8774e-05,-0.00030341,-1.8588e+05,-2199.3
-4.8783e-05,-0.00030614,-1.8591e+05,-2218.6
-4.8769e-05,-0.00030003,-1.8585e+05,-2175.4
-4.8764e-05,-0.00031524,-1.8585e+05,-2282.9
-4.8796e-05,-0.00029973,-1.8595e+05,-2173.3
-4.884e-05,-0.00028777,-1.8611e+05,-2089
-4.8868e-05,-0.00026504,-1.8619e+05,-1928.4
-4.8917e-05,-0.00025938,-1.8637e+05,-1888.6
-4.8993e-05,-0.00021689,-1.8661e+05,-1588.6
-4.9082e-05,-0.00019565,-1.8692e+05,-1438.7
-4.9257e-05,-0.00012167,-1.875e+05,-916.46
-4.9453e-05,-4.8635e-05,-1.8816e+05,-400.95
-4.9697e-05,5.0938e-05,-1.8897e+05,301.94
-5.0032e-05,0.00018365,-1.901e+05,1238.7
-5.0462e-05,0.00035883,-1.9153e+05,2475.3
-5.0936e-05,0.00055401,-1.9311e+05,3853.2
-5.1495e-05,0.00079451,-1.9501e+05,5547.7
-5.2189e-05,0.0010115,-1.961e+05,7168.8
-5.2691e-05,0.001155,-1.9625e+05,8287.4
-5.2905e-05,0.0012175,-1.9669e+05,8746.9
-5.3054e-05,0.0012623,-1.9691e+05,9079.7
-5.3126e-05,0.0012805,-1.9669e+05,9241.3
-5.3106e-05,0.0012876,-1.9645e+05,9303.9
-5.2968e-05,0.0012835,-1.9615e+05,9261.4
-5.2642e-05,0.0012566,-1.956e+05,9031
-5.2232e-05,0.0011854,-1.9537e+05,8448.4
-5.1536e-05,0.0010587,-1.9444e+05,7449.2
-5.0443e-05,0.00073468,-1.9125e+05,5113.5
-4.8717e-05,0.00027685,-1.8499e+05,1898.2
-4.7059e-05,-0.00040999,-1.7948e+05,-2950.1
-4.6906e-05,-0.0010228,-1.7628e+05,-7494.9
-4.9284e-05,-0.0016701,-2.0861e+05,-10747
-5.7114e-05,-0.0013354,-2.1412e+05,-9806.4
-5.8285e-05,-0.00074483,-2.2268e+05,-5320.9
-5.9626e-05,-0.00025537,-2.2710e+05,-1872.7
-6.0613e-05,0.00020473,-2.3032e+05,1375.4
-6.1138e-05,0.00042933,-2.3206e+05,2961
-6.128e-05,0.00055772,-2.3246e+05,3867.5
-6.1203e-05,0.0005154,-2.3221e+05,3568.7
-6.1176e-05,0.00050529,-2.3212e+05,3497.3
-6.1148e-05,0.00049518,-2.3202e+05,3426
-6.112e-05,0.00048508,-2.3193e+05,3354.7
-6.1092e-05,0.00047498,-2.3184e+05,3283.4
-6.107e-05,0.00046541,-2.3176e+05,3215.8
-6.1053e-05,0.00045981,-2.317e+05,3176.3
-6.1035e-05,0.00045422,-2.3164e+05,3136.8
-6.1019e-05,0.00044858,-2.3159e+05,3097
-6.1003e-05,0.00044296,-2.3153e+05,3057.4
-6.0989e-05,0.00043733,-2.3148e+05,3017.6
-6.0974e-05,0.00043168,-2.3143e+05,2977.8
-6.0959e-05,0.00042598,-2.3138e+05,2937.5
-6.0944e-05,0.00042034,-2.3133e+05,2897.7
-6.0929e-05,0.0004147,-2.3128e+05,2857.8
-6.0914e-05,0.00040905,-2.3123e+05,2818
-6.0899e-05,0.00040335,-2.3118e+05,2777.7
-6.0885e-05,0.0003977,-2.3113e+05,2737.9
-6.087e-05,0.00039206,-2.3108e+05,2698.1
-6.0855e-05,0.00038641,-2.3103e+05,2658.2
-6.084e-05,0.00038071,-2.3098e+05,2617.9
-6.0825e-05,0.00037507,-2.3093e+05,2578.1
-6.081e-05,0.00036943,-2.3088e+05,2538.3
-6.0796e-05,0.00036378,-2.3083e+05,2498.4
-6.0781e-05,0.00035813,-2.3078e+05,2458.6
-6.0766e-05,0.00035244,-2.3073e+05,2418.3
-6.0751e-05,0.00034679,-2.3068e+05,2378.5
-6.0736e-05,0.00034115,-2.3063e+05,2338.7
-6.072e-05,0.00033553,-2.3058e+05,2299
-6.0704e-05,0.00032986,-2.3052e+05,2259
-6.0689e-05,0.00032424,-2.3047e+05,2219.3
-6.0673e-05,0.00031863,-2.3042e+05,2179.7
-6.0657e-05,0.000313,-2.3036e+05,2140
-6.0641e-05,0.00030733,-2.3031e+05,2099.9
-6.0625e-05,0.00030172,-2.3026e+05,2060.3
-6.061e-05,0.0002961,-2.3020e+05,2020.7
-6.0594e-05,0.00029048,-2.3015e+05,1981
-6.0578e-05,0.00028481,-2.301e+05,1941
-6.0562e-05,0.00027919,-2.3004e+05,1901.3
-6.0547e-05,0.00027358,-2.2999e+05,1861.7
-6.0531e-05,0.00026797,-2.2994e+05,1822
-6.0515e-05,0.00026234,-2.2988e+05,1782.4
-6.0499e-05,0.00025667,-2.2983e+05,1742.3
-6.0484e-05,0.00025106,-2.2978e+05,1702.7
-6.0468e-05,0.00024544,-2.2972e+05,1663.1
-6.0452e-05,0.00023982,-2.2967e+05,1623.4
-6.0436e-05,0.00023415,-2.2962e+05,1583.4
-6.0421e-05,0.00022854,-2.2956e+05,1543.7
-6.0405e-05,0.00022292,-2.2951e+05,1504.1
-6.039e-05,0.0002173,-2.2946e+05,1464.4
-6.0375e-05,0.00021161,-2.2941e+05,1424.2
-6.036e-05,0.00020597,-2.2936e+05,1384.5
-6.0345e-05,0.00020034,-2.2931e+05,1344.7
-6.033e-05,0.00019469,-2.2926e+05,1304.8
-6.0315e-05,0.000189,-2.2921e+05,1264.6
-6.03e-05,0.00018337,-2.2916e+05,1224.9
-6.0285e-05,0.00017773,-2.2911e+05,1185.1
-6.027e-05,0.00017209,-2.2906e+05,1145.3
-6.0255e-05,0.00016645,-2.2900e+05,1105.5
-6.024e-05,0.00016076,-2.2895e+05,1065.3
-6.0225e-05,0.00015512,-2.289e+05,1025.5
-6.021e-05,0.00014949,-2.2885e+05,985.72
-6.0195e-05,0.00014385,-2.288e+05,945.88
-6.018e-05,0.00013815,-2.2875e+05,905.71
-6.0165e-05,0.00013252,-2.287e+05,865.96
-6.015e-05,0.00012689,-2.2865e+05,826.22
-6.0134e-05,0.00012127,-2.286e+05,786.51
-6.0118e-05,0.00011559,-2.2854e+05,746.45
-6.0102e-05,0.00010999,-2.2849e+05,706.88
-6.0086e-05,0.00010438,-2.2844e+05,667.31
-6.007e-05,9.8769e-05,-2.2838e+05,627.69
-6.0054e-05,9.3107e-05,-2.2833e+05,587.72
-6.0038e-05,8.7501e-05,-2.2827e+05,548.15
-6.0016e-05,8.1387e-05,-2.282e+05,504.99
-5.9988e-05,7.1323e-05,-2.281e+05,433.95
-5.996e-05,6.1253e-05,-2.28e+05,362.87
-5.9933e-05,5.1124e-05,-2.2792e+05,291.37
-5.9905e-05,4.1032e-05,-2.2782e+05,220.12
-5.9877e-05,3.096e-05,-2.2772e+05,149.03
-5.9849e-05,2.0887e-05,-2.2763e+05,77.927
-5.982e-05,1.0814e-05,-2.2753e+05,6.823
-5.9573e-05,-1.757e-05,-2.2662e+05,-193.35
-5.8345e-05,-0.00025194,-2.2223e+05,-1847.1
-5.7114e-05,-0.0010598,-2.1662e+05,-7679.7
0.00022443,-0.0074398,36871,-15466
