0.0020393,-0.047878,-5.6529e+05,-1.0384e+05
-5.7689e-05,-0.0050594,-4.4587e+05,-48384
-7.283e-05,-0.0021554,-3.3388e+05,-24954
-7.575e-05,-0.00063826,-3.2207e+05,-8368
-7.771e-05,8.8272e-05,-3.1528e+05,-636.36
-7.9043e-05,0.00061303,-3.1005e+05,4949
-7.9672e-05,0.00084133,-3.0798e+05,7377.9
-8.0026e-05,0.00096919,-3.0682e+05,8738.1
-8.0364e-05,0.0010762,-3.0603e+05,9875.7
-8.0776e-05,0.0011715,-3.0588e+05,10880
-8.1181e-05,0.0012672,-3.0567e+05,11890
-8.14e-05,0.0013679,-3.0442e+05,12971
-8.1325e-05,0.0013768,-3.0405e+05,13059
-8.1193e-05,0.0013512,-3.0416e+05,12779
-8.114e-05,0.0013286,-3.0441e+05,12537
-8.134e-05,0.001346,-3.0487e+05,12720
-8.1905e-05,0.0014507,-3.0471e+05,13854
-8.2698e-05,0.0016084,-3.0361e+05,15604
-8.3555e-05,0.0017555,-3.0261e+05,17261
-8.4474e-05,0.0019313,-3.0065e+05,19261
-8.5268e-05,0.0021047,-2.9827e+05,21228
-8.5718e-05,0.0022489,-2.9559e+05,22850
-8.5968e-05,0.0023246,-2.9442e+05,23690
-8.5692e-05,0.0023454,-2.9252e+05,23935
-8.4601e-05,0.0021089,-2.949e+05,21318
-8.3103e-05,0.001813,-2.9798e+05,17988
-8.1895e-05,0.001542,-3.0162e+05,14913
-8.1121e-05,0.0013454,-3.035e+05,12751
-8.04e-05,0.0012179,-3.0343e+05,11382
-8.0127e-05,0.0011749,-3.0326e+05,10922
-8.0115e-05,0.0010792,-3.0496e+05,9912.5
-8.0111e-05,0.001059,-3.0536e+05,9696.9
-8.0107e-05,0.0010723,-3.0507e+05,9838.8
-8.0108e-05,0.0011253,-3.0409e+05,10399
-8.0177e-05,0.0011474,-3.0399e+05,10629
-8.0259e-05,0.0012276,-3.0279e+05,11479
-8.0267e-05,0.0012096,-3.0318e+05,11287
-8.0303e-05,0.0012659,-3.0214e+05,11892
-8.0685e-05,0.0013079,-3.0265e+05,12348
-8.0913e-05,0.0013325,-3.0281e+05,12625
-8.1184e-05,0.001355,-3.0357e+05,12853
-8.1958e-05,0.0014496,-3.0435e+05,13881
-8.2968e-05,0.0016191,-3.0367e+05,15766
-8.4167e-05,0.0018188,-3.0229e+05,18022
-8.5335e-05,0.0020659,-2.9914e+05,20822
-8.6158e-05,0.0023253,-2.9466e+05,23722
-8.6487e-05,0.0024706,-2.9216e+05,25305
-8.6624e-05,0.0026005,-2.8988e+05,26686
-8.6646e-05,0.0026251,-2.8947e+05,26944
-8.6622e-05,0.0026496,-2.889e+05,27200
-8.6628e-05,0.0026216,-2.8949e+05,26907
-8.6618e-05,0.002645,-2.8896e+05,27153
-8.6475e-05,0.0025593,-2.9013e+05,26254
-8.6142e-05,0.0024594,-2.9101e+05,25191
-8.5628e-05,0.0022811,-2.9374e+05,23242
-8.4839e-05,0.0021323,-2.9488e+05,21593
-8.3535e-05,0.0018998,-2.9697e+05,18971
-8.1964e-05,0.0016214,-2.9935e+05,15822
-8.0697e-05,0.0012864,-3.032e+05,12113
-7.9993e-05,0.00097758,-3.0652e+05,8828.5
-7.9392e-05,0.00069385,-3.0983e+05,5806.2
-7.896e-05,0.00046621,-3.1269e+05,3380.3
-7.8624e-05,0.00030956,-3.1451e+05,1711.8
-7.8328e-05,0.00018432,-3.1585e+05,378.48
-7.8071e-05,5.3911e-05,-3.1745e+05,-1011.1
-7.7804e-05,-5.335e-05,-3.1855e+05,-2152.8
-7.759e-05,-0.00017658,-3.2018e+05,-3466.6
-7.7354e-05,-0.00026797,-3.2108e+05,-4439.4
-7.7077e-05,-0.00038306,-3.2229e+05,-5664.8
-7.6864e-05,-0.0004945,-3.2369e+05,-6852.6
-7.6723e-05,-0.00057238,-3.247e+05,-7682.8
-7.6579e-05,-0.00063209,-3.2533e+05,-8318.7
-7.6445e-05,-0.00070087,-3.2618e+05,-9051.7
-7.6317e-05,-0.00075296,-3.2672e+05,-9606.4
-7.6225e-05,-0.00080681,-3.2744e+05,-10181
-7.6132e-05,-0.00083619,-3.2766e+05,-10493
-7.6022e-05,-0.00088424,-3.2819e+05,-11005
-7.5925e-05,-0.00092398,-3.2861e+05,-11428
-7.5855e-05,-0.00094945,-3.2884e+05,-11699
-7.579e-05,-0.00098007,-3.292e+05,-12025
-7.5765e-05,-0.00099659,-3.2943e+05,-12202
-7.5729e-05,-0.0010034,-3.2942e+05,-12274
-7.5689e-05,-0.0010305,-3.2985e+05,-12560
-7.5641e-05,-0.0010469,-3.3007e+05,-12729
-7.5598e-05,-0.0010694,-3.304e+05,-12965
-7.5553e-05,-0.0011048,-3.3104e+05,-13335
-7.5573e-05,-0.0011337,-3.317e+05,-13646
-7.5609e-05,-0.0011442,-3.3206e+05,-13759
-7.559e-05,-0.0011761,-3.3264e+05,-14100
-7.5594e-05,-0.0012019,-3.3307e+05,-14385
-7.558e-05,-0.0012185,-3.3331e+05,-14565
-7.5577e-05,-0.0012448,-3.3373e+05,-14854
-7.5591e-05,-0.0012568,-3.3394e+05,-14990
-7.5599e-05,-0.0012555,-3.3392e+05,-14978
-7.5605e-05,-0.0012689,-3.3411e+05,-15129
-7.5594e-05,-0.0012697,-3.3403e+05,-15140
-7.5554e-05,-0.0012824,-3.3402e+05,-15284
-7.5515e-05,-0.0012899,-3.3396e+05,-15367
-7.5497e-05,-0.0013055,-3.3412e+05,-15539
-7.5531e-05,-0.0012993,-3.3416e+05,-15472
-7.5538e-05,-0.0012779,-3.3385e+05,-15236
-7.5524e-05,-0.0012724,-3.3371e+05,-15175
-7.5527e-05,-0.0012838,-3.3389e+05,-15301
-7.5521e-05,-0.0012685,-3.3364e+05,-15131
-7.5479e-05,-0.0012665,-3.3343e+05,-15108
-7.5454e-05,-0.001251,-3.3308e+05,-14938
-7.5397e-05,-0.0012346,-3.326e+05,-14754
-7.537e-05,-0.0012181,-3.3222e+05,-14573
-7.5374e-05,-0.001191,-3.3174e+05,-14278
-7.5311e-05,-0.0011745,-3.312e+05,-14097
-7.5286e-05,-0.0011551,-3.3077e+05,-13884
-7.5332e-05,-0.0011269,-3.3037e+05,-13583
-7.5395e-05,-0.0010928,-3.2999e+05,-13216
-7.5449e-05,-0.0010678,-3.2966e+05,-12952
-7.5527e-05,-0.0010443,-3.2951e+05,-12702
-7.5641e-05,-0.0010034,-3.2906e+05,-12272
-7.5745e-05,-0.00096601,-3.2872e+05,-11874
-7.5777e-05,-0.00093624,-3.2825e+05,-11556
-7.5862e-05,-0.00092905,-3.2845e+05,-11481
-7.5978e-05,-0.0008681,-3.2768e+05,-10832
-7.6067e-05,-0.00085104,-3.277e+05,-10651
-7.6194e-05,-0.00078613,-3.2689e+05,-9959.1
-7.6231e-05,-0.00076351,-3.2658e+05,-9717.8
-7.6271e-05,-0.00074484,-3.2636e+05,-9518.9
-7.6373e-05,-0.00071219,-3.2611e+05,-9171.7
-7.6458e-05,-0.00066202,-3.2544e+05,-8636.8
-7.6556e-05,-0.00064087,-3.2541e+05,-8412.6
-7.6725e-05,-0.00056727,-3.246e+05,-7628.6
-7.6837e-05,-0.00051815,-3.2405e+05,-7105.5
-7.6897e-05,-0.00048085,-3.2354e+05,-6707.7
-7.6965e-05,-0.00045683,-3.2333e+05,-6452.1
-7.7006e-05,-0.00042011,-3.2275e+05,-6060.2
-7.7044e-05,-0.00041034,-3.227e+05,-5956.5
-7.7139e-05,-0.0003768,-3.2241e+05,-5599.7
-7.7195e-05,-0.00033761,-3.2184e+05,-5181.6
-7.7227e-05,-0.00033566,-3.2193e+05,-5161.4
-7.7287e-05,-0.00029916,-3.2143e+05,-4772.1
-7.7287e-05,-0.0002956,-3.2136e+05,-4734.1
-7.7348e-05,-0.00028375,-3.2136e+05,-4608.5
-7.7351e-05,-0.00025288,-3.2075e+05,-4278.4
-7.7344e-05,-0.00026927,-3.2105e+05,-4453.6
-7.7444e-05,-0.00023086,-3.2068e+05,-4044.8
-7.7585e-05,-0.00018384,-3.203e+05,-3544.7
-7.7678e-05,-0.00012711,-3.1952e+05,-2939.9
-7.778e-05,-9.6462e-05,-3.1932e+05,-2614.2
-7.7957e-05,-1.3179e-05,-3.1835e+05,-1727
-7.8166e-05,5.5733e-05,-3.178e+05,-994.15
-7.8503e-05,0.00019802,-3.1628e+05,520.89
-7.8868e-05,0.00033824,-3.1492e+05,2013.3
-7.9322e-05,0.00052161,-3.1304e+05,3965.2
-7.9911e-05,0.00075682,-3.1067e+05,6468.9
-8.0672e-05,0.001048,-3.0786e+05,9567.1
-8.1964e-05,0.0013542,-3.0700e+05,12812
-8.3796e-05,0.0017015,-3.0464e+05,16680
-8.5478e-05,0.0020281,-3.007e+05,20402
-8.6476e-05,0.0022944,-2.9660e+05,23386
-8.6922e-05,0.0024578,-2.941e+05,25167
-8.7152e-05,0.0025908,-2.9226e+05,26573
-8.72e-05,0.0026924,-2.9063e+05,27627
-8.7146e-05,0.0027412,-2.8974e+05,28122
-8.698e-05,0.0027722,-2.8878e+05,28431
-8.6574e-05,0.0027013,-2.8869e+05,27689
-8.5893e-05,0.0025202,-2.9006e+05,25769
-8.4217e-05,0.0022706,-2.901e+05,23050
-8.1226e-05,0.0017351,-2.9491e+05,17003
-7.7568e-05,0.00098553,-2.9648e+05,8961.6
-6.2981e-05,-0.00026399,-2.6236e+05,-4106.2
-6.8912e-05,-0.0023327,-3.2006e+05,-26824
-8.0268e-05,-0.0036912,-4.5582e+05,-38062
-9.0795e-05,-0.0025175,-4.111e+05,-29443
-9.0635e-05,-0.0018565,-4.051e+05,-21890
-9.1718e-05,-0.0013397,-4.0199e+05,-16165
-9.325e-05,-0.00079036,-3.966e+05,-10351
-9.4743e-05,-0.00024399,-3.9155e+05,-4537
-9.5909e-05,0.00027526,-3.8574e+05,993.47
-9.6319e-05,0.00054763,-3.8188e+05,3898.4
-9.63e-05,0.0005406,-3.8194e+05,3823.6
-9.628e-05,0.00053357,-3.8201e+05,3748.8
-9.6261e-05,0.00052653,-3.8207e+05,3673.9
-9.6243e-05,0.00051949,-3.8214e+05,3598.9
-9.6229e-05,0.0005128,-3.8222e+05,3527.6
-9.6219e-05,0.00050886,-3.8226e+05,3485.8
-9.621e-05,0.00050491,-3.823e+05,3443.7
-9.62e-05,0.00050093,-3.8234e+05,3401.3
-9.619e-05,0.000497,-3.8238e+05,3359.5
-9.6179e-05,0.00049309,-3.8241e+05,3317.9
-9.6168e-05,0.00048917,-3.8245e+05,3276.2
-9.6157e-05,0.00048522,-3.8248e+05,3234.2
-9.6145e-05,0.00048131,-3.8252e+05,3192.6
-9.6134e-05,0.00047741,-3.8255e+05,3151
-9.6123e-05,0.00047349,-3.8258e+05,3109.4
-9.6112e-05,0.00046954,-3.8262e+05,3067.4
-9.61e-05,0.00046564,-3.8265e+05,3025.8
-9.6089e-05,0.00046173,-3.8269e+05,2984.2
-9.6078e-05,0.00045782,-3.8272e+05,2942.6
-9.6067e-05,0.00045387,-3.8275e+05,2900.6
-9.6056e-05,0.00044996,-3.8279e+05,2859.1
-9.6044e-05,0.00044606,-3.8282e+05,2817.5
-9.6033e-05,0.00044215,-3.8286e+05,2775.9
-9.6022e-05,0.00043824,-3.8289e+05,2734.3
-9.6011e-05,0.00043429,-3.8292e+05,2692.4
-9.6e-05,0.00043038,-3.8296e+05,2650.8
-9.5989e-05,0.00042648,-3.8299e+05,2609.2
-9.5979e-05,0.00042255,-3.8303e+05,2567.4
-9.5968e-05,0.00041859,-3.8307e+05,2525.3
-9.5958e-05,0.00041467,-3.8310e+05,2483.5
-9.5947e-05,0.00041075,-3.8314e+05,2441.8
-9.5937e-05,0.00040682,-3.8318e+05,2400
-9.5926e-05,0.00040286,-3.8322e+05,2357.9
-9.5916e-05,0.00039894,-3.8326e+05,2316.1
-9.5906e-05,0.00039502,-3.8329e+05,2274.4
-9.5895e-05,0.00039109,-3.8333e+05,2232.6
-9.5885e-05,0.00038713,-3.8337e+05,2190.5
-9.5875e-05,0.00038321,-3.8340e+05,2148.8
-9.5864e-05,0.00037929,-3.8344e+05,2107.1
-9.5854e-05,0.00037537,-3.8348e+05,2065.3
-9.5843e-05,0.00037145,-3.8352e+05,2023.6
-9.5833e-05,0.00036749,-3.8356e+05,1981.5
-9.5822e-05,0.00036357,-3.8359e+05,1939.7
-9.5812e-05,0.00035965,-3.8363e+05,1898
-9.5802e-05,0.00035573,-3.8367e+05,1856.3
-9.5791e-05,0.00035177,-3.8370e+05,1814.2
-9.5781e-05,0.00034785,-3.8374e+05,1772.5
-9.577e-05,0.00034394,-3.8378e+05,1730.8
-9.576e-05,0.00034001,-3.8382e+05,1689
-9.5749e-05,0.00033607,-3.8385e+05,1647.1
-9.5738e-05,0.00033216,-3.8388e+05,1605.5
-9.5727e-05,0.00032826,-3.8392e+05,1564
-9.5715e-05,0.00032435,-3.8395e+05,1522.4
-9.5704e-05,0.00032041,-3.8399e+05,1480.5
-9.5693e-05,0.00031651,-3.8402e+05,1439
-9.5682e-05,0.0003126,-3.8406e+05,1397.4
-9.5671e-05,0.0003087,-3.8409e+05,1355.9
-9.566e-05,0.0003048,-3.8412e+05,1314.3
-9.5649e-05,0.00030085,-3.8416e+05,1272.4
-9.5638e-05,0.00029695,-3.8419e+05,1230.9
-9.5627e-05,0.00029305,-3.8423e+05,1189.4
-9.5616e-05,0.00028914,-3.8426e+05,1147.8
-9.5605e-05,0.0002852,-3.843e+05,1105.9
-9.5594e-05,0.0002813,-3.8433e+05,1064.3
-9.5583e-05,0.00027739,-3.8437e+05,1022.8
-9.5572e-05,0.00027348,-3.844e+05,981.11
-9.5562e-05,0.00026953,-3.8444e+05,939.06
-9.5552e-05,0.00026561,-3.8448e+05,897.35
-9.5542e-05,0.00026169,-3.8452e+05,855.64
-9.5532e-05,0.00025777,-3.8456e+05,813.88
-9.5521e-05,0.00025381,-3.846e+05,771.75
-9.5511e-05,0.00024989,-3.8463e+05,730.04
-9.5497e-05,0.00024562,-3.8466e+05,684.63
-9.5479e-05,0.00023858,-3.8473e+05,609.74
-9.5459e-05,0.00023155,-3.848e+05,534.91
-9.5439e-05,0.00022455,-3.8486e+05,460.49
-9.5421e-05,0.00021754,-3.8492e+05,385.81
-9.5402e-05,0.0002105,-3.8499e+05,310.99
-9.5384e-05,0.00020347,-3.8506e+05,236.16
-9.5237e-05,0.00018573,-3.8482e+05,49.324
-9.4678e-05,6.1002e-05,-3.8508e+05,-1273.5
-9.2945e-05,-0.00032203,-3.858e+05,-5335.6
-9.0626e-05,-0.0013815,-3.9737e+05,-16663
0.00059038,-0.014639,-1.6096e+05,-54319
