0.00074205,-0.020003,-1.7784e+05,-23569
-2.6877e-05,-0.0035765,-1.5256e+05,-22023
-3.7597e-05,-0.0013088,-1.3453e+05,-9872.4
-3.8915e-05,-0.00016771,-1.4821e+05,-1229.6
-4.0065e-05,0.00031044,-1.5204e+05,2145.6
-4.0139e-05,0.00054289,-1.5218e+05,3777.8
-4.0092e-05,0.00050774,-1.5191e+05,3538.8
-4.0276e-05,0.00044757,-1.5268e+05,3113.7
-4.0223e-05,0.00039704,-1.5253e+05,2756.9
-4.0093e-05,0.00040004,-1.5204e+05,2778.2
-4.0023e-05,0.00039548,-1.5178e+05,2746.1
-3.9927e-05,0.0003855,-1.5142e+05,2675.7
-3.9735e-05,0.00031692,-1.5077e+05,2191.7
-3.9538e-05,0.00024447,-1.5010e+05,1680.3
-3.94e-05,0.00017634,-1.4966e+05,1199.4
-3.9388e-05,0.00014834,-1.4964e+05,1001.7
-3.9498e-05,0.0001777,-1.5003e+05,1208.9
-3.9667e-05,0.00025292,-1.5058e+05,1739.9
-3.9831e-05,0.00031982,-1.5113e+05,2212.1
-4e-05,0.00040214,-1.5168e+05,2793.2
-4.0155e-05,0.00046853,-1.522e+05,3261.8
-4.0274e-05,0.00053053,-1.5257e+05,3699.5
-4.0387e-05,0.00057639,-1.5301e+05,4019
-4.0483e-05,0.00063497,-1.5334e+05,4430.7
-4.0562e-05,0.00066298,-1.5356e+05,4632.3
-4.0636e-05,0.0007028,-1.5365e+05,4923.9
-4.0698e-05,0.00071701,-1.5381e+05,5028.4
-4.074e-05,0.00074191,-1.5377e+05,5216.1
-4.0776e-05,0.00074376,-1.5388e+05,5230.2
-4.0786e-05,0.00076413,-1.5381e+05,5380.4
-4.0757e-05,0.00074566,-1.5384e+05,5241.2
-4.0714e-05,0.00073947,-1.5373e+05,5194.5
-4.0637e-05,0.00070573,-1.5356e+05,4949.8
-4.0542e-05,0.00068025,-1.5327e+05,4767
-4.0467e-05,0.00063302,-1.5314e+05,4426.9
-4.0394e-05,0.0006172,-1.5291e+05,4312.6
-4.0366e-05,0.00058494,-1.529e+05,4080.6
-4.0385e-05,0.00059788,-1.5294e+05,4173.4
-4.0423e-05,0.0005968,-1.5306e+05,4167.8
-4.0449e-05,0.0006276,-1.531e+05,4387.1
-4.0447e-05,0.00061505,-1.5312e+05,4297.6
-4.0424e-05,0.00065584,-1.5296e+05,4587.2
-4.0456e-05,0.00068871,-1.5309e+05,4816.4
-4.0505e-05,0.00073397,-1.5321e+05,5137.2
-4.0666e-05,0.00075316,-1.5392e+05,5265.3
-4.0821e-05,0.00079506,-1.5449e+05,5560
-4.089e-05,0.0008202,-1.5462e+05,5744.7
-4.1004e-05,0.00087122,-1.5459e+05,6132
-4.1141e-05,0.00089634,-1.5492e+05,6320.6
-4.1258e-05,0.0009316,-1.5495e+05,6593.6
-4.1387e-05,0.00095035,-1.5515e+05,6743.6
-4.1512e-05,0.00099178,-1.5504e+05,7070.8
-4.1489e-05,0.00099379,-1.5494e+05,7085.7
-4.1344e-05,0.00097613,-1.5455e+05,6952.4
-4.1182e-05,0.00091748,-1.5458e+05,6500.2
-4.0969e-05,0.00087966,-1.5408e+05,6215.5
-4.07e-05,0.00078165,-1.5391e+05,5474.1
-4.0459e-05,0.00069452,-1.534e+05,4836.6
-4.0247e-05,0.00056745,-1.5252e+05,3953.9
-4.0079e-05,0.00048457,-1.5188e+05,3375.2
-3.9974e-05,0.00042417,-1.5156e+05,2948.8
-3.9967e-05,0.00040478,-1.5155e+05,2811.9
-4.0046e-05,0.00042588,-1.5183e+05,2960.8
-4.0112e-05,0.00047225,-1.5204e+05,3287
-4.0143e-05,0.00048461,-1.5216e+05,3373
-4.013e-05,0.00049641,-1.521e+05,3456.8
-4.0087e-05,0.00046801,-1.5195e+05,3257
-4.0003e-05,0.00044923,-1.5164e+05,3125.4
-3.9848e-05,0.00038756,-1.5112e+05,2690.3
-3.9696e-05,0.00031868,-1.5062e+05,2204.2
-3.9572e-05,0.00025411,-1.5022e+05,1748.3
-3.9432e-05,0.0002035,-1.4975e+05,1391.2
-3.929e-05,0.00013251,-1.4929e+05,890.01
-3.9148e-05,7.6583e-05,-1.4882e+05,495.28
-3.9027e-05,1.3381e-05,-1.4843e+05,49.126
-3.8895e-05,-3.3928e-05,-1.4798e+05,-284.79
-3.8782e-05,-9.4354e-05,-1.4762e+05,-711.35
-3.8701e-05,-0.00013278,-1.4736e+05,-982.62
-3.8627e-05,-0.00016622,-1.4711e+05,-1218.6
-3.8562e-05,-0.00019498,-1.469e+05,-1421.7
-3.8522e-05,-0.00022069,-1.4678e+05,-1603.2
-3.8473e-05,-0.00023232,-1.4661e+05,-1685.2
-3.8416e-05,-0.00026258,-1.4642e+05,-1898.8
-3.8354e-05,-0.00028366,-1.4622e+05,-2047.6
-3.826e-05,-0.00032212,-1.459e+05,-2319.1
-3.8158e-05,-0.00036358,-1.4556e+05,-2611.8
-3.8073e-05,-0.00041119,-1.453e+05,-2947.8
-3.798e-05,-0.00044119,-1.4498e+05,-3159.6
-3.7887e-05,-0.00048944,-1.4468e+05,-3500.1
-3.7814e-05,-0.00051966,-1.4448e+05,-3710.2
-3.7748e-05,-0.00054948,-1.443e+05,-3918.3
-3.7695e-05,-0.00057391,-1.4411e+05,-4092.6
-3.7667e-05,-0.00059869,-1.4397e+05,-4272.2
-3.7643e-05,-0.00060506,-1.4385e+05,-4319.5
-3.7619e-05,-0.00062705,-1.4369e+05,-4481.4
-3.7593e-05,-0.00063366,-1.4356e+05,-4530.3
-3.7553e-05,-0.00065254,-1.4346e+05,-4661.3
-3.7524e-05,-0.00065986,-1.4335e+05,-4714.4
-3.75e-05,-0.00067699,-1.4324e+05,-4839.5
-3.751e-05,-0.00067793,-1.4322e+05,-4850.2
-3.7499e-05,-0.00067619,-1.4326e+05,-4832.8
-3.7481e-05,-0.00067525,-1.4328e+05,-4821
-3.749e-05,-0.00068742,-1.431e+05,-4921.8
-3.7491e-05,-0.00068151,-1.4312e+05,-4877.7
-3.7501e-05,-0.00068235,-1.4316e+05,-4884
-3.7527e-05,-0.00066905,-1.4322e+05,-4790.6
-3.7509e-05,-0.00066112,-1.4347e+05,-4713.9
-3.7506e-05,-0.0006497,-1.4342e+05,-4634.2
-3.7533e-05,-0.00063852,-1.4384e+05,-4533
-3.7501e-05,-0.00062771,-1.4409e+05,-4429.5
-3.7499e-05,-0.00061958,-1.4401e+05,-4375.9
-3.7549e-05,-0.00060186,-1.4449e+05,-4226.7
-3.762e-05,-0.00058471,-1.4453e+05,-4119.5
-3.7668e-05,-0.00056802,-1.4451e+05,-4014.4
-3.7723e-05,-0.00055936,-1.446e+05,-3960.8
-3.7793e-05,-0.00053734,-1.4462e+05,-3820.9
-3.7845e-05,-0.00052277,-1.4471e+05,-3724.7
-3.7858e-05,-0.00050888,-1.4468e+05,-3630.9
-3.7898e-05,-0.00050981,-1.4484e+05,-3637.5
-3.7943e-05,-0.00047951,-1.4491e+05,-3428.2
-3.796e-05,-0.00047993,-1.4498e+05,-3430.9
-3.799e-05,-0.00045755,-1.4504e+05,-3274.6
-3.7996e-05,-0.0004558,-1.4506e+05,-3262.4
-3.8013e-05,-0.00044892,-1.4512e+05,-3214
-3.8064e-05,-0.00043598,-1.4529e+05,-3122.8
-3.8104e-05,-0.00040853,-1.4541e+05,-2929.1
-3.8134e-05,-0.000406,-1.4552e+05,-2911.3
-3.818e-05,-0.00037795,-1.4566e+05,-2713.3
-3.8199e-05,-0.00037166,-1.4573e+05,-2668.8
-3.8218e-05,-0.00036048,-1.4579e+05,-2589.9
-3.8252e-05,-0.00035121,-1.4591e+05,-2524.5
-3.8282e-05,-0.00033037,-1.4599e+05,-2377.4
-3.8296e-05,-0.00032614,-1.4604e+05,-2347.5
-3.8327e-05,-0.0003153,-1.4615e+05,-2271.1
-3.8342e-05,-0.00030123,-1.4619e+05,-2171.7
-3.8352e-05,-0.00030411,-1.4623e+05,-2192.1
-3.8368e-05,-0.00029079,-1.4628e+05,-2098
-3.8356e-05,-0.00029457,-1.4624e+05,-2124.7
-3.8357e-05,-0.00029869,-1.4624e+05,-2153.8
-3.8341e-05,-0.00029682,-1.4618e+05,-2140.6
-3.8335e-05,-0.00031019,-1.4617e+05,-2235
-3.8358e-05,-0.00029863,-1.4624e+05,-2153.3
-3.8389e-05,-0.00029076,-1.4635e+05,-2097.8
-3.8407e-05,-0.00027422,-1.464e+05,-1981
-3.844e-05,-0.00027215,-1.4653e+05,-1966.5
-3.849e-05,-0.00024204,-1.4668e+05,-1753.9
-3.8553e-05,-0.00022915,-1.4690e+05,-1662.9
-3.8682e-05,-0.00017491,-1.4733e+05,-1280.1
-3.8829e-05,-0.00012067,-1.4783e+05,-897.24
-3.9021e-05,-4.4112e-05,-1.4847e+05,-356.86
-3.9293e-05,6.2591e-05,-1.4938e+05,396.3
-3.965e-05,0.00020608,-1.5057e+05,1409.1
-4.0051e-05,0.00037085,-1.5191e+05,2572.2
-4.0502e-05,0.00057413,-1.5345e+05,4002.6
-4.0942e-05,0.00075205,-1.5432e+05,5300.8
-4.1156e-05,0.00084698,-1.5431e+05,6019.5
-4.115e-05,0.00087576,-1.5446e+05,6208.4
-4.1201e-05,0.00089205,-1.548e+05,6311.2
-4.1161e-05,0.00088707,-1.5447e+05,6290.1
-4.1048e-05,0.00086751,-1.5417e+05,6146.4
-4.0849e-05,0.00081736,-1.5404e+05,5754.5
-4.0489e-05,0.00073379,-1.5338e+05,5122.1
-4.0076e-05,0.0005753,-1.5189e+05,4007
-3.9388e-05,0.00037828,-1.4938e+05,2625.2
-3.8421e-05,6.4616e-05,-1.4606e+05,411.52
-3.7313e-05,-0.00025851,-1.4222e+05,-1868.8
-3.6792e-05,-0.00057711,-1.4019e+05,-4147.4
-3.6403e-05,-0.00086756,-1.3598e+05,-6393.4
-4.2177e-05,-0.0010262,-1.5713e+05,-7584.4
-4.2068e-05,-0.0010193,-1.5869e+05,-7420.5
-4.3502e-05,-0.00043726,-1.6598e+05,-3138.1
-4.477e-05,2.7082e-05,-1.7026e+05,139.28
-4.5559e-05,0.00045155,-1.7277e+05,3135.8
-4.581e-05,0.00056113,-1.736e+05,3909.3
-4.5886e-05,0.00062077,-1.7382e+05,4330.3
-4.585e-05,0.00060722,-1.737e+05,4234.7
-4.5813e-05,0.00059367,-1.7357e+05,4139
-4.5776e-05,0.00058012,-1.7345e+05,4043.4
-4.5739e-05,0.00056658,-1.7332e+05,3947.9
-4.5701e-05,0.00055305,-1.7319e+05,3852.3
-4.5671e-05,0.00054021,-1.731e+05,3761.7
-4.5649e-05,0.0005327,-1.7302e+05,3708.7
-4.5627e-05,0.00052519,-1.7294e+05,3655.7
-4.5605e-05,0.00051761,-1.7287e+05,3602.2
-4.5584e-05,0.00051008,-1.728e+05,3549
-4.5564e-05,0.00050253,-1.7273e+05,3495.8
-4.5544e-05,0.00049497,-1.7266e+05,3442.4
-4.5524e-05,0.00048734,-1.7259e+05,3388.5
-4.5504e-05,0.00047978,-1.7253e+05,3335.1
-4.5484e-05,0.00047222,-1.7246e+05,3281.8
-4.5464e-05,0.00046465,-1.7239e+05,3228.4
-4.5443e-05,0.00045702,-1.7232e+05,3174.5
-4.5423e-05,0.00044946,-1.7226e+05,3121.1
-4.5403e-05,0.0004419,-1.7219e+05,3067.8
-4.5383e-05,0.00043434,-1.7212e+05,3014.4
-4.5363e-05,0.0004267,-1.7205e+05,2960.5
-4.5343e-05,0.00041915,-1.7198e+05,2907.2
-4.5323e-05,0.00041159,-1.7192e+05,2853.8
-4.5303e-05,0.00040403,-1.7185e+05,2800.5
-4.5283e-05,0.00039646,-1.7178e+05,2747.1
-4.5263e-05,0.00038883,-1.7171e+05,2693.2
-4.5243e-05,0.00038127,-1.7165e+05,2639.8
-4.5222e-05,0.00037372,-1.7158e+05,2586.5
-4.5201e-05,0.00036618,-1.7151e+05,2533.3
-4.518e-05,0.00035857,-1.7143e+05,2479.6
-4.5159e-05,0.00035104,-1.7136e+05,2426.4
-4.5138e-05,0.00034351,-1.7129e+05,2373.3
-4.5117e-05,0.00033597,-1.7122e+05,2320
-4.5096e-05,0.00032836,-1.7115e+05,2266.3
-4.5075e-05,0.00032083,-1.7108e+05,2213.2
-4.5054e-05,0.0003133,-1.7101e+05,2160
-4.5033e-05,0.00030576,-1.7094e+05,2106.8
-4.5012e-05,0.00029816,-1.7086e+05,2053.1
-4.4991e-05,0.00029063,-1.7079e+05,2000
-4.497e-05,0.0002831,-1.7072e+05,1946.8
-4.4949e-05,0.00027557,-1.7065e+05,1893.7
-4.4928e-05,0.00026803,-1.7058e+05,1840.5
-4.4907e-05,0.00026043,-1.7051e+05,1786.8
-4.4886e-05,0.0002529,-1.7044e+05,1733.7
-4.4865e-05,0.00024537,-1.7037e+05,1680.5
-4.4844e-05,0.00023783,-1.703e+05,1627.3
-4.4823e-05,0.00023023,-1.7022e+05,1573.7
-4.4802e-05,0.0002227,-1.7015e+05,1520.5
-4.4781e-05,0.00021517,-1.7008e+05,1467.4
-4.4761e-05,0.00020763,-1.7001e+05,1414.1
-4.474e-05,0.0002,-1.6994e+05,1360.3
-4.472e-05,0.00019245,-1.6988e+05,1307
-4.47e-05,0.0001849,-1.6981e+05,1253.8
-4.468e-05,0.00017734,-1.6974e+05,1200.4
-4.466e-05,0.00016972,-1.6967e+05,1146.6
-4.4639e-05,0.00016217,-1.6960e+05,1093.3
-4.4619e-05,0.00015462,-1.6954e+05,1040
-4.4599e-05,0.00014707,-1.6947e+05,986.68
-4.4579e-05,0.00013951,-1.694e+05,933.32
-4.4559e-05,0.00013188,-1.6933e+05,879.49
-4.4538e-05,0.00012433,-1.6926e+05,826.2
-4.4518e-05,0.00011678,-1.692e+05,772.91
-4.4498e-05,0.00010922,-1.6913e+05,719.56
-4.4478e-05,0.0001016,-1.6906e+05,665.73
-4.4457e-05,9.4053e-05,-1.6899e+05,612.48
-4.4437e-05,8.6509e-05,-1.6892e+05,559.23
-4.4416e-05,7.8966e-05,-1.6885e+05,505.99
-4.4395e-05,7.1358e-05,-1.6878e+05,452.29
-4.4374e-05,6.3837e-05,-1.6871e+05,399.2
-4.4353e-05,5.6317e-05,-1.6864e+05,346.12
-4.4331e-05,4.8787e-05,-1.6856e+05,292.98
-4.431e-05,4.1191e-05,-1.6849e+05,239.36
-4.4289e-05,3.3671e-05,-1.6842e+05,186.28
-4.4259e-05,2.5468e-05,-1.6832e+05,128.39
-4.4221e-05,1.1968e-05,-1.6819e+05,33.099
-4.4184e-05,-1.5399e-06,-1.6806e+05,-62.245
-4.4148e-05,-1.5106e-05,-1.6794e+05,-158
-4.4111e-05,-2.8636e-05,-1.6782e+05,-253.5
-4.4073e-05,-4.2145e-05,-1.6769e+05,-348.85
-4.4036e-05,-5.5656e-05,-1.6756e+05,-444.22
-4.4037e-05,-6.5903e-05,-1.6758e+05,-516.58
-4.3858e-05,-6.9102e-05,-1.669e+05,-538.97
-4.2788e-05,-0.00027587,-1.6307e+05,-1997.8
-4.2421e-05,-0.0010022,-1.5839e+05,-7393.8
0.00014731,-0.005703,55944,-15647
