-1.2907e-05,-0.00069668,-59405,-8156.9
-1.2858e-05,-0.00062081,-59434,-7243.4
-1.2877e-05,-0.00050988,-59616,-5918.9
-1.3045e-05,-0.00039665,-59916,-4595.4
-1.3444e-05,-0.00027975,-60329,-3279.4
-1.3975e-05,-0.00015972,-60261,-1992.3
-1.4349e-05,-6.8075e-05,-59922,-1019.8
-1.4565e-05,-1.6991e-05,-59763,-477.95
-1.4689e-05,1.42e-05,-59636,-146.95
-1.4758e-05,3.0271e-05,-59587,23.51
-1.4784e-05,3.9555e-05,-59507,122.25
-1.4785e-05,3.975e-05,-59508,124.32
-1.4752e-05,3.8366e-05,-59402,110.19
-1.4686e-05,2.4981e-05,-59402,-31.591
-1.4618e-05,1.1411e-05,-59404,-175.33
-1.4563e-05,-3.002e-06,-59472,-328.33
-1.4528e-05,-1.2435e-05,-59522,-428.5
-1.45e-05,-1.869e-05,-59534,-494.81
-1.448e-05,-2.4359e-05,-59566,-555.02
-1.4486e-05,-2.637e-05,-59632,-576.64
-1.449e-05,-2.1806e-05,-59555,-527.91
-1.4477e-05,-2.5587e-05,-59581,-568.1
-1.4477e-05,-2.6794e-05,-59602,-580.98
-1.4476e-05,-2.6301e-05,-59588,-575.69
-1.4478e-05,-2.7234e-05,-59618,-585.72
-1.4484e-05,-2.4886e-05,-59594,-560.73
-1.4487e-05,-2.4905e-05,-59605,-560.99
-1.4483e-05,-2.3905e-05,-59571,-550.23
-1.4469e-05,-2.6669e-05,-59567,-579.49
-1.4451e-05,-3.0498e-05,-59575,-620.07
-1.4446e-05,-3.3455e-05,-59612,-651.58
-1.4451e-05,-3.2458e-05,-59613,-641.03
-1.4431e-05,-3.2932e-05,-59540,-645.69
-1.4422e-05,-4.0825e-05,-59663,-729.9
-1.4476e-05,-3.3701e-05,-59739,-654.82
-1.4502e-05,-1.7237e-05,-59513,-479.31
-1.4473e-05,-2.5454e-05,-59560,-566.58
-1.447e-05,-2.9057e-05,-59623,-605.06
-1.4492e-05,-2.5377e-05,-59634,-566.13
-1.4506e-05,-2.0037e-05,-59586,-509.33
-1.45e-05,-1.992e-05,-59560,-507.96
-1.4507e-05,-2.1551e-05,-59619,-525.53
-1.4517e-05,-1.7016e-05,-59567,-477.25
-1.4514e-05,-1.8039e-05,-59578,-488.14
-1.4521e-05,-1.7296e-05,-59591,-480.32
-1.4535e-05,-1.4237e-05,-59587,-447.9
-1.4547e-05,-1.1282e-05,-59572,-416.53
-1.4548e-05,-9.5518e-06,-59542,-398.06
-1.4533e-05,-1.1975e-05,-59531,-423.66
-1.4517e-05,-1.6184e-05,-59550,-468.35
-1.4513e-05,-1.8284e-05,-59579,-490.73
-1.4516e-05,-1.7818e-05,-59581,-485.81
-1.4497e-05,-1.8648e-05,-59521,-494.31
-1.4496e-05,-2.5073e-05,-59645,-562.97
-1.4525e-05,-1.778e-05,-59618,-485.59
-1.4585e-05,-1.0042e-05,-59705,-404.07
-1.461e-05,7.3283e-06,-59453,-218.82
-1.4605e-05,-3.6298e-07,-59587,-300.95
-1.4615e-05,5.6608e-06,-59507,-236.75
-1.4632e-05,4.4708e-06,-59598,-249.81
-1.4645e-05,1.2914e-05,-59483,-159.81
-1.4652e-05,1.022e-05,-59564,-188.75
-1.465e-05,1.5424e-05,-59453,-133.07
-1.465e-05,9.7437e-06,-59568,-193.81
-1.4659e-05,1.5806e-05,-59478,-129.15
-1.467e-05,1.3625e-05,-59571,-152.72
-1.4694e-05,2.1551e-05,-59505,-68.436
-1.4707e-05,2.3305e-05,-59524,-49.955
-1.4701e-05,2.6294e-05,-59440,-17.873
-1.4713e-05,2.2269e-05,-59570,-61.158
-1.4731e-05,3.1979e-05,-59444,42.326
-1.474e-05,2.9314e-05,-59536,13.637
-1.4746e-05,3.5831e-05,-59426,83.217
-1.4746e-05,3.1348e-05,-59520,35.259
-1.4771e-05,3.7432e-05,-59495,99.817
-1.4818e-05,4.3657e-05,-59563,165.41
-1.4811e-05,5.5528e-05,-59293,292.5
-1.477e-05,3.9774e-05,-59444,124.88
-1.4738e-05,3.7276e-05,-59367,98.812
-1.472e-05,2.6649e-05,-59506,-14.444
-1.471e-05,2.9193e-05,-59416,12.952
-1.4695e-05,2.1716e-05,-59507,-66.696
-1.4681e-05,2.2762e-05,-59427,-55.22
-1.468e-05,1.6251e-05,-59557,-124.83
-1.4687e-05,2.2831e-05,-59450,-54.607
-1.47e-05,1.9538e-05,-59572,-90.096
-1.4738e-05,3.0245e-05,-59510,23.621
-1.479e-05,3.7191e-05,-59578,96.858
-1.4799e-05,5.0602e-05,-59345,240.07
-1.4784e-05,4.0778e-05,-59482,135.33
-1.4769e-05,4.3713e-05,-59363,167.01
-1.4756e-05,3.4345e-05,-59498,67.113
-1.4754e-05,3.8104e-05,-59412,107.36
-1.4746e-05,3.2355e-05,-59499,46.026
-1.4737e-05,3.479e-05,-59413,72.252
-1.4728e-05,2.8123e-05,-59511,1.147
-1.4713e-05,3.048e-05,-59402,26.648
-1.4693e-05,2.1312e-05,-59506,-70.969
-1.4684e-05,2.2166e-05,-59453,-61.657
-1.4699e-05,1.8929e-05,-59578,-96.575
-1.4713e-05,2.8656e-05,-59438,7.1543
-1.4706e-05,2.3272e-05,-59520,-50.284
-1.4711e-05,2.6391e-05,-59475,-17.016
-1.4708e-05,2.5613e-05,-59482,-25.302
-1.4676e-05,2.3926e-05,-59382,-42.669
-1.4643e-05,1.0697e-05,-59516,-183.46
-1.4624e-05,9.8238e-06,-59459,-192.42
-1.4621e-05,3.2813e-06,-59577,-262.31
-1.4617e-05,8.1999e-06,-59464,-209.64
-1.4606e-05,1.3585e-06,-59556,-282.56
-1.4594e-05,3.1017e-06,-59474,-263.69
-1.4584e-05,-3.5818e-06,-59570,-334.96
-1.457e-05,-1.6962e-06,-59474,-314.51
-1.4553e-05,-1.0141e-05,-59575,-404.46
-1.4545e-05,-8.9277e-06,-59519,-391.33
-1.4542e-05,-1.3441e-05,-59598,-439.53
-1.454e-05,-1.0396e-05,-59527,-406.92
-1.4516e-05,-1.5517e-05,-59532,-461.19
-1.4493e-05,-2.062e-05,-59543,-515.29
-1.447e-05,-2.6369e-05,-59565,-576.3
-1.4477e-05,-2.9015e-05,-59649,-604.75
-1.4502e-05,-2.2077e-05,-59608,-531.05
-1.4487e-05,-2.0436e-05,-59514,-513.2
-1.4472e-05,-2.7955e-05,-59609,-593.31
-1.4477e-05,-2.6102e-05,-59589,-573.59
-1.4478e-05,-2.6723e-05,-59608,-580.26
-1.4485e-05,-2.5228e-05,-59603,-564.4
-1.4514e-05,-2.2574e-05,-59669,-536.62
-1.4529e-05,-1.3053e-05,-59537,-435.12
-1.4522e-05,-1.6762e-05,-59582,-474.63
-1.4519e-05,-1.5966e-05,-59554,-466.05
-1.4497e-05,-1.8871e-05,-59524,-496.67
-1.4487e-05,-2.4872e-05,-59607,-560.66
-1.4506e-05,-2.1615e-05,-59618,-526.21
-1.4505e-05,-1.7576e-05,-59529,-482.98
-1.4501e-05,-2.2389e-05,-59611,-534.37
-1.4499e-05,-1.9503e-05,-59546,-503.48
-1.4487e-05,-2.3779e-05,-59582,-548.95
-1.4498e-05,-2.3837e-05,-59629,-549.79
-1.447e-05,-2.0778e-05,-59453,-516.52
-1.4429e-05,-3.6122e-05,-59598,-679.76
-1.4443e-05,-3.6971e-05,-59672,-689.13
-1.447e-05,-2.9164e-05,-59624,-606.2
-1.4462e-05,-2.7221e-05,-59551,-585.25
-1.4437e-05,-3.3375e-05,-59576,-650.56
-1.4427e-05,-3.8125e-05,-59629,-701.14
-1.4438e-05,-3.674e-05,-59645,-686.54
-1.444e-05,-3.3351e-05,-59585,-650.35
-1.4433e-05,-3.6813e-05,-59627,-687.22
-1.4455e-05,-3.4749e-05,-59674,-665.6
-1.4497e-05,-2.5621e-05,-59661,-568.85
-1.454e-05,-1.5702e-05,-59636,-463.66
-1.4596e-05,-5.8883e-06,-59663,-359.86
-1.4681e-05,1.1349e-05,-59660,-177.27
-1.4761e-05,3.216e-05,-59564,43.635
-1.4808e-05,4.3707e-05,-59521,166.15
-1.4819e-05,4.9305e-05,-59450,225.81
-1.4806e-05,4.677e-05,-59450,198.96
-1.4757e-05,4.2538e-05,-59335,154.7
-1.4671e-05,2.5295e-05,-59335,-27.928
-1.4538e-05,5.8661e-06,-59188,-232.99
-1.4301e-05,-3.2865e-05,-59007,-642.32
-1.3941e-05,-9.5072e-05,-58807,-1300.2
-1.3444e-05,-0.00018439,-58603,-2244.8
-1.3039e-05,-0.00030365,-58973,-3539.1
-1.2866e-05,-0.00042487,-59312,-4920.9
-1.2856e-05,-0.00054293,-59540,-6311.4
-1.291e-05,-0.00065437,-59570,-7646.8
-2.728e-06,-0.00063669,-12894,-7484.4
-3.5993e-06,5.5184e-05,-13557,517.11
-3.6618e-06,7.9031e-05,-13342,770.75
-3.6592e-06,7.9041e-05,-13342,770.2
-3.6576e-06,7.905e-05,-13346,769.65
-3.6569e-06,7.9012e-05,-13346,769.11
-3.6562e-06,7.8973e-05,-13346,768.57
-3.6556e-06,7.8933e-05,-13346,768.03
-3.6571e-06,7.8839e-05,-13577,752.26
-3.657e-06,7.8791e-05,-13356,766.33
-3.6573e-06,7.8731e-05,-13429,761.57
-3.6584e-06,7.8665e-05,-13358,765.25
-3.6601e-06,7.8581e-05,-13359,764.74
-3.6628e-06,7.8509e-05,-13361,764.45
-3.6664e-06,7.8407e-05,-13361,764.12
-3.6685e-06,7.8312e-05,-13358,763.8
-3.6685e-06,7.8267e-05,-13354,763.54
-3.6679e-06,7.8246e-05,-13354,763.24
-3.6669e-06,7.8232e-05,-13353,762.94
-3.6658e-06,7.8227e-05,-13353,762.64
-3.6647e-06,7.8223e-05,-13353,762.35
-3.6636e-06,7.8219e-05,-13353,762.05
-3.6625e-06,7.8215e-05,-13353,761.76
-3.6614e-06,7.8212e-05,-13353,761.46
-3.6602e-06,7.8208e-05,-13353,761.17
-3.6591e-06,7.8205e-05,-13353,760.87
-3.658e-06,7.8201e-05,-13353,760.58
-3.6569e-06,7.8198e-05,-13353,760.29
-3.6558e-06,7.8195e-05,-13353,760
-3.6547e-06,7.8192e-05,-13353,759.71
-3.6535e-06,7.8188e-05,-13353,759.42
-3.6524e-06,7.8186e-05,-13353,759.13
-3.6513e-06,7.8183e-05,-13353,758.84
-3.6502e-06,7.818e-05,-13353,758.56
-3.6499e-06,7.8175e-05,-13356,758.27
-3.6505e-06,7.813e-05,-13356,757.99
-3.6511e-06,7.8085e-05,-13356,757.7
-3.6517e-06,7.8041e-05,-13356,757.42
-3.6523e-06,7.7997e-05,-13356,757.14
-3.6529e-06,7.7952e-05,-13356,756.86
-3.6535e-06,7.7908e-05,-13356,756.58
-3.6541e-06,7.7864e-05,-13356,756.3
-3.6547e-06,7.782e-05,-13356,756.03
-3.6553e-06,7.7776e-05,-13356,755.75
-3.6559e-06,7.7731e-05,-13356,755.48
-3.6565e-06,7.7688e-05,-13356,755.2
-3.6571e-06,7.7644e-05,-13356,754.93
-3.6577e-06,7.7601e-05,-13356,754.66
-3.6583e-06,7.7557e-05,-13356,754.39
-3.6589e-06,7.7513e-05,-13356,754.11
-3.6595e-06,7.747e-05,-13356,753.85
-3.6601e-06,7.7427e-05,-13356,753.58
-3.6607e-06,7.7384e-05,-13356,753.31
-3.6613e-06,7.7341e-05,-13356,753.05
-3.6619e-06,7.7298e-05,-13356,752.78
-3.6623e-06,7.7256e-05,-13356,752.52
-3.6622e-06,7.7221e-05,-13354,752.26
-3.6615e-06,7.7209e-05,-13354,751.99
-3.6606e-06,7.7202e-05,-13354,751.74
-3.6597e-06,7.7196e-05,-13354,751.48
-3.6589e-06,7.719e-05,-13354,751.22
-3.658e-06,7.7184e-05,-13354,750.96
-3.6571e-06,7.7179e-05,-13354,750.7
-3.6563e-06,7.7173e-05,-13354,750.45
-3.6554e-06,7.7167e-05,-13354,750.2
-3.6545e-06,7.7162e-05,-13354,749.94
-3.6537e-06,7.7156e-05,-13354,749.69
-3.6528e-06,7.7151e-05,-13354,749.44
-3.6519e-06,7.7146e-05,-13354,749.19
-3.6511e-06,7.7141e-05,-13354,748.94
-3.6504e-06,7.7135e-05,-13354,748.68
-3.6498e-06,7.7122e-05,-13354,748.44
-3.6496e-06,7.7109e-05,-13355,748.19
-3.6498e-06,7.7078e-05,-13355,747.94
-3.6504e-06,7.7046e-05,-13357,747.69
-3.6515e-06,7.6995e-05,-13357,747.45
-3.6525e-06,7.6943e-05,-13357,747.21
-3.6535e-06,7.6892e-05,-13357,746.96
-3.6546e-06,7.684e-05,-13357,746.72
-3.6556e-06,7.6789e-05,-13357,746.47
-3.657e-06,7.6735e-05,-13358,746.21
-3.6587e-06,7.6641e-05,-13358,745.76
-3.6586e-06,7.6557e-05,-13352,745.26
-3.6568e-06,7.6569e-05,-13355,744.92
-3.6574e-06,7.6523e-05,-13357,744.48
-3.6587e-06,7.6443e-05,-13357,744.04
-3.6599e-06,7.6364e-05,-13357,743.62
-3.661e-06,7.6288e-05,-13357,743.18
-3.6621e-06,7.6213e-05,-13357,742.75
-3.6631e-06,7.614e-05,-13357,742.33
-3.6479e-06,7.4194e-05,-13330,722.03
-2.7412e-06,-3.5246e-05,-11899,-432.64
