-1.628e-05,-0.0037645,-2.1354e+05,-35850
-2.7783e-05,-0.0027748,-1.765e+05,-29405
-2.9947e-05,-0.0016587,-1.3871e+05,-19294
-2.8713e-05,-0.00080741,-1.2912e+05,-9504
-3.0128e-05,-0.00032758,-1.2958e+05,-4116.1
-3.1712e-05,6.118e-05,-1.2813e+05,9.1522
-3.2194e-05,0.00023554,-1.2655e+05,1863.9
-3.2455e-05,0.00031699,-1.2596e+05,2729.6
-3.2456e-05,0.00032803,-1.2574e+05,2847.7
-3.24e-05,0.00030443,-1.2599e+05,2596.5
-3.2374e-05,0.00025296,-1.2693e+05,2046.6
-3.2162e-05,0.00018638,-1.2742e+05,1338.9
-3.1954e-05,0.00011759,-1.2797e+05,607.51
-3.1735e-05,4.828e-05,-1.2849e+05,-129.22
-3.1555e-05,-1.8378e-05,-1.2911e+05,-838.4
-3.1463e-05,-6.0575e-05,-1.2959e+05,-1287.8
-3.1448e-05,-6.9566e-05,-1.2971e+05,-1383.7
-3.1464e-05,-5.6147e-05,-1.295e+05,-1240.5
-3.1489e-05,-4.4256e-05,-1.2936e+05,-1113.8
-3.1547e-05,-2.2219e-05,-1.2915e+05,-879.32
-3.1607e-05,4.9158e-06,-1.2885e+05,-590.36
-3.1644e-05,2.5606e-05,-1.2858e+05,-369.85
-3.1697e-05,4.5097e-05,-1.284e+05,-162.49
-3.18e-05,7.2004e-05,-1.2827e+05,123.16
-3.1854e-05,8.5469e-05,-1.2822e+05,266.05
-3.1871e-05,0.00011489,-1.2769e+05,580.37
-3.1919e-05,0.00012872,-1.276e+05,727.24
-3.1925e-05,0.0001507,-1.2718e+05,962.18
-3.1891e-05,0.00015776,-1.2689e+05,1038.4
-3.1878e-05,0.00016857,-1.2662e+05,1154.2
-3.1881e-05,0.00017038,-1.266e+05,1173.5
-3.1856e-05,0.00018225,-1.2626e+05,1301
-3.1869e-05,0.00018909,-1.2617e+05,1373.9
-3.1848e-05,0.00018596,-1.2615e+05,1340.8
-3.1867e-05,0.00019433,-1.2605e+05,1429.9
-3.1843e-05,0.00021931,-1.2545e+05,1697.6
-3.1857e-05,0.00019901,-1.2592e+05,1480.2
-3.1785e-05,0.00019383,-1.2573e+05,1426.2
-3.1749e-05,0.0001929,-1.256e+05,1417.1
-3.176e-05,0.00020002,-1.255e+05,1492.9
-3.1767e-05,0.00019368,-1.2566e+05,1425
-3.1778e-05,0.00019579,-1.2566e+05,1447.3
-3.1784e-05,0.00019849,-1.2563e+05,1476.1
-3.1758e-05,0.00019634,-1.2557e+05,1453.7
-3.1731e-05,0.00018676,-1.2566e+05,1351.7
-3.1724e-05,0.00018846,-1.2559e+05,1370.1
-3.1732e-05,0.00018486,-1.257e+05,1331.4
-3.1727e-05,0.00018903,-1.2559e+05,1376.1
-3.1689e-05,0.00018681,-1.2548e+05,1353.2
-3.1669e-05,0.00018064,-1.2552e+05,1287.5
-3.1698e-05,0.00017502,-1.2576e+05,1226.9
-3.1703e-05,0.00018524,-1.2557e+05,1336
-3.1647e-05,0.0001869,-1.2531e+05,1354.9
-3.167e-05,0.00017217,-1.257e+05,1197
-3.1707e-05,0.00016687,-1.2596e+05,1139.6
-3.1754e-05,0.00016401,-1.2621e+05,1108
-3.1858e-05,0.00017018,-1.2651e+05,1171.9
-3.1829e-05,0.00018386,-1.2611e+05,1318.8
-3.1817e-05,0.00017386,-1.2626e+05,1212.1
-3.1863e-05,0.00017743,-1.2638e+05,1249.2
-3.1746e-05,0.00015888,-1.2628e+05,1053.3
-3.1649e-05,0.00013238,-1.2642e+05,771.85
-3.1603e-05,0.00013325,-1.2622e+05,782.15
-3.1485e-05,9.9119e-05,-1.2643e+05,419.53
-3.1513e-05,7.3999e-05,-1.2706e+05,150.34
-3.1377e-05,6.1008e-05,-1.2677e+05,14.159
-3.1464e-05,5.438e-05,-1.2726e+05,-58.485
-3.1451e-05,7.4855e-05,-1.2679e+05,160.75
-3.1542e-05,6.792e-05,-1.273e+05,84.736
-3.1651e-05,6.1935e-05,-1.2787e+05,18.504
-3.1654e-05,5.4481e-05,-1.2803e+05,-61.273
-3.1735e-05,7.4059e-05,-1.2796e+05,146.47
-3.192e-05,8.6335e-05,-1.2847e+05,273.96
-3.2005e-05,9.6176e-05,-1.2862e+05,377.48
-3.204e-05,0.00011039,-1.2847e+05,528.76
-3.2128e-05,0.00011852,-1.2866e+05,613.93
-3.2042e-05,0.00013775,-1.2792e+05,821.33
-3.2029e-05,0.00013399,-1.2794e+05,781.37
-3.2024e-05,0.00014476,-1.277e+05,896.68
-3.2017e-05,0.00014221,-1.2773e+05,869.49
-3.2016e-05,0.00014743,-1.2762e+05,925.38
-3.1994e-05,0.00014264,-1.2762e+05,874.58
-3.1955e-05,0.00013317,-1.2766e+05,774.1
-3.1918e-05,0.00011425,-1.2789e+05,572.51
-3.1867e-05,9.8083e-05,-1.2801e+05,400.68
-3.1816e-05,6.8456e-05,-1.2840e+05,84.891
-3.1792e-05,4.7758e-05,-1.2873e+05,-135.97
-3.1771e-05,2.9212e-05,-1.2902e+05,-333.88
-3.1707e-05,7.1788e-06,-1.2921e+05,-568.2
-3.1631e-05,-3.1837e-05,-1.2969e+05,-983.89
-3.1651e-05,-5.2845e-05,-1.302e+05,-1209
-3.1576e-05,-8.4844e-05,-1.3054e+05,-1549.6
-3.1474e-05,-0.00010795,-1.306e+05,-1794.7
-3.1397e-05,-0.00012829,-1.307e+05,-2010.6
-3.1312e-05,-0.00014832,-1.3076e+05,-2223.1
-3.1233e-05,-0.00016933,-1.3086e+05,-2446.1
-3.1167e-05,-0.00018503,-1.3092e+05,-2612.7
-3.106e-05,-0.00020764,-1.3094e+05,-2852.3
-3.1036e-05,-0.00022001,-1.311e+05,-2984.2
-3.0981e-05,-0.00023079,-1.3109e+05,-3098.4
-3.1053e-05,-0.00022474,-1.3126e+05,-3035.1
-3.0983e-05,-0.00023485,-1.3118e+05,-3141.8
-3.0922e-05,-0.00024112,-1.3106e+05,-3207.6
-3.0904e-05,-0.00024235,-1.3101e+05,-3220.3
-3.085e-05,-0.00024935,-1.3093e+05,-3294.1
-3.0812e-05,-0.00026531,-1.311e+05,-3464
-3.0905e-05,-0.00025117,-1.312e+05,-3314.8
-3.0982e-05,-0.00024668,-1.3142e+05,-3268.3
-3.0961e-05,-0.00023279,-1.3105e+05,-3119.3
-3.0909e-05,-0.00023285,-1.3083e+05,-3118.9
-3.0981e-05,-0.00022239,-1.3092e+05,-3008.5
-3.0907e-05,-0.00021618,-1.3049e+05,-2940.6
-3.0847e-05,-0.00020622,-1.3004e+05,-2832.9
-3.0773e-05,-0.00020303,-1.2968e+05,-2797.2
-3.0743e-05,-0.00019744,-1.2944e+05,-2736.8
-3.0814e-05,-0.00019024,-1.2958e+05,-2661.3
-3.0877e-05,-0.00017699,-1.2957e+05,-2520.8
-3.0844e-05,-0.0001753,-1.294e+05,-2502.1
-3.0845e-05,-0.00018045,-1.2951e+05,-2557.2
-3.088e-05,-0.00017187,-1.2948e+05,-2466.2
-3.0961e-05,-0.00017102,-1.2979e+05,-2458.7
-3.0895e-05,-0.0001579,-1.2926e+05,-2317
-3.0816e-05,-0.00015665,-1.2890e+05,-2302
-3.0842e-05,-0.0001612,-1.2910e+05,-2351.3
-3.0915e-05,-0.00015505,-1.2928e+05,-2287
-3.0975e-05,-0.00014577,-1.2934e+05,-2189
-3.1046e-05,-0.00014588,-1.2963e+05,-2191.6
-3.1017e-05,-0.00013444,-1.2927e+05,-2068.6
-3.1083e-05,-0.00012337,-1.2932e+05,-1951.7
-3.112e-05,-0.00012427,-1.2949e+05,-1962
-3.117e-05,-0.00012373,-1.2968e+05,-1957.2
-3.1115e-05,-0.00012183,-1.2942e+05,-1935.7
-3.1103e-05,-0.00012946,-1.2952e+05,-2017.2
-3.1201e-05,-0.00012343,-1.298e+05,-1954.7
-3.1262e-05,-0.00010978,-1.2977e+05,-1810
-3.1214e-05,-0.00011706,-1.2972e+05,-1886.8
-3.1287e-05,-0.00010742,-1.2982e+05,-1785.2
-3.1312e-05,-0.00011112,-1.3e+05,-1825.2
-3.132e-05,-0.00011158,-1.3005e+05,-1830.4
-3.129e-05,-0.00010067,-1.297e+05,-1713.1
-3.1281e-05,-0.00012269,-1.3011e+05,-1948.4
-3.1333e-05,-0.00011768,-1.3022e+05,-1895.9
-3.1403e-05,-0.00010601,-1.3027e+05,-1772.5
-3.1432e-05,-9.6443e-05,-1.302e+05,-1670.8
-3.1468e-05,-0.00010064,-1.3042e+05,-1716.3
-3.1506e-05,-8.9313e-05,-1.3035e+05,-1596
-3.1411e-05,-8.5075e-05,-1.2988e+05,-1548.8
-3.142e-05,-6.3613e-05,-1.2948e+05,-1319.4
-3.1462e-05,-4.9321e-05,-1.2936e+05,-1167.4
-3.1544e-05,-2.23e-05,-1.2914e+05,-880.12
-3.1672e-05,1.9654e-05,-1.2881e+05,-434.07
-3.1829e-05,7.5844e-05,-1.2831e+05,163.65
-3.2014e-05,0.00013765,-1.2781e+05,820.87
-3.2244e-05,0.00022174,-1.2704e+05,1715.3
-3.2438e-05,0.00030099,-1.2622e+05,2558.9
-3.2527e-05,0.00033926,-1.258e+05,2966.4
-3.2529e-05,0.00034457,-1.257e+05,3023
-3.25e-05,0.00033565,-1.2576e+05,2928.3
-3.2352e-05,0.00031828,-1.2551e+05,2745.5
-3.2086e-05,0.00023497,-1.2612e+05,1860.1
-3.1788e-05,0.00015076,-1.2662e+05,965.61
-3.1419e-05,5.8795e-05,-1.2698e+05,-10.43
-3.0742e-05,-6.1567e-05,-1.2667e+05,-1283.8
-3.0004e-05,-0.00033359,-1.2919e+05,-4177.8
-2.8829e-05,-0.0006426,-1.3005e+05,-7511.9
-2.6374e-05,-0.00089446,-1.2018e+05,-10473
-2.3916e-05,-0.0011418,-1.0902e+05,-13421
-2.3858e-05,-0.0013927,-1.1005e+05,-16292
-8.43e-06,-0.0014113,-42609,-16300
-1.3922e-05,-0.00022658,-61708,-2685.1
-1.7467e-05,0.00034695,-63751,3386.7
-1.7823e-05,0.00032474,-65732,3135.8
-1.7787e-05,0.00032044,-65694,3089.1
-1.776e-05,0.00031653,-65739,3042.4
-1.7731e-05,0.00031264,-65786,2995.6
-1.7693e-05,0.00030826,-65801,2944.1
-1.7616e-05,0.00030714,-65792,2915.7
-1.7587e-05,0.00030333,-65976,2859.9
-1.7595e-05,0.00029837,-66049,2810.5
-1.7595e-05,0.00029336,-66090,2760.8
-1.7585e-05,0.0002887,-66086,2714.9
-1.7564e-05,0.00028736,-66260,2684.1
-1.7571e-05,0.00028454,-66307,2656.4
-1.7574e-05,0.00028169,-66339,2628.5
-1.7575e-05,0.00027898,-66361,2602.1
-1.7577e-05,0.00027632,-66387,2576.1
-1.7577e-05,0.00027336,-66405,2547.4
-1.7568e-05,0.00027109,-66380,2525.4
-1.7565e-05,0.0002685,-66396,2499.6
-1.7562e-05,0.00026592,-66413,2473.7
-1.7559e-05,0.00026333,-66429,2447.8
-1.7557e-05,0.00026071,-66446,2421.7
-1.7554e-05,0.00025811,-66462,2395.9
-1.7549e-05,0.00025543,-66468,2369.2
-1.7537e-05,0.00025327,-66454,2347
-1.7533e-05,0.00025069,-66476,2320.6
-1.7529e-05,0.00024814,-66498,2294.4
-1.7526e-05,0.00024557,-66526,2268
-1.7522e-05,0.000243,-66539,2242
-1.7516e-05,0.00024049,-66568,2215.3
-1.7498e-05,0.00023834,-66539,2192.6
-1.7491e-05,0.00023589,-66559,2166.7
-1.7485e-05,0.00023344,-66582,2140.6
-1.7484e-05,0.00023093,-66630,2113.8
-1.7481e-05,0.00022819,-66675,2084.5
-1.7477e-05,0.00022567,-66709,2057.6
-1.7459e-05,0.00022358,-66677,2035.7
-1.7452e-05,0.00022112,-66700,2009.5
-1.7446e-05,0.00021863,-66724,1983
-1.744e-05,0.00021618,-66748,1956.9
-1.7433e-05,0.00021372,-66772,1930.7
-1.7427e-05,0.00021125,-66796,1904.5
-1.742e-05,0.00020877,-66820,1878.1
-1.7414e-05,0.00020631,-66844,1851.9
-1.7407e-05,0.00020385,-66868,1825.8
-1.7401e-05,0.00020139,-66892,1799.6
-1.7395e-05,0.00019893,-66915,1773.4
-1.7388e-05,0.00019645,-66940,1747
-1.7382e-05,0.00019399,-66963,1720.8
-1.7375e-05,0.00019153,-66987,1694.7
-1.7369e-05,0.00018907,-67011,1668.5
-1.7362e-05,0.00018659,-67035,1642.1
-1.7356e-05,0.00018413,-67059,1615.9
-1.735e-05,0.00018167,-67083,1589.8
-1.7343e-05,0.00017922,-67105,1563.6
-1.7336e-05,0.00017674,-67126,1537.3
-1.7328e-05,0.0001743,-67147,1511.4
-1.7321e-05,0.00017186,-67168,1485.4
-1.7314e-05,0.00016941,-67189,1459.4
-1.7307e-05,0.00016694,-67210,1433.1
-1.73e-05,0.0001645,-67231,1407.1
-1.7293e-05,0.00016206,-67251,1381.1
-1.7286e-05,0.00015961,-67272,1355.2
-1.7279e-05,0.00015717,-67293,1329.2
-1.7272e-05,0.0001547,-67314,1302.9
-1.7265e-05,0.00015226,-67335,1276.9
-1.7258e-05,0.00014981,-67356,1251
-1.7251e-05,0.00014737,-67376,1224.9
-1.7243e-05,0.0001449,-67398,1198.7
-1.7237e-05,0.00014245,-67419,1172.7
-1.723e-05,0.00014001,-67441,1146.7
-1.7223e-05,0.00013755,-67464,1120.5
-1.7217e-05,0.00013507,-67488,1094.2
-1.721e-05,0.00013261,-67513,1068
-1.7204e-05,0.00013015,-67538,1041.8
-1.7198e-05,0.00012769,-67562,1015.6
-1.7192e-05,0.00012521,-67588,989.17
-1.7186e-05,0.00012275,-67612,963
-1.7177e-05,0.00012006,-67631,934.49
-1.7166e-05,0.00011565,-67675,887.48
-1.7154e-05,0.00011123,-67716,840.52
-1.7141e-05,0.00010685,-67752,793.96
-1.713e-05,0.00010248,-67797,747.41
-1.7134e-05,9.7778e-05,-67910,697.06
-1.7161e-05,9.556e-05,-68064,672.83
-1.7158e-05,0.00011113,-67738,839.38
-1.6934e-05,8.7498e-05,-67305,591.21
-1.5804e-05,-0.0001053,-66615,-1447.5
-1.7171e-05,-0.00056965,-79174,-6601.8
-8.3971e-06,-0.0016064,-47310,-18254
