-2.4756e-06,-0.0004065,-4730.3,-3163.6
-2.2327e-06,-0.00032138,-5494.8,-2463.2
-1.9541e-06,-0.00020037,-6356.8,-1492.7
-1.8835e-06,-8.1862e-05,-7123.2,-588.47
-2.0375e-06,2.7577e-06,-7746,17.101
-2.1365e-06,5.136e-05,-8051.5,361.1
-2.1669e-06,6.4452e-05,-8121.6,455.39
-2.1667e-06,6.8533e-05,-8103.4,485
-2.1446e-06,6.2557e-05,-8043.4,441.77
-2.1131e-06,5.3258e-05,-7954.9,374.86
-2.0767e-06,4.0732e-05,-7847,285.42
-2.0403e-06,2.7479e-05,-7727.7,191.63
-2.0047e-06,1.4198e-05,-7607.8,97.912
-1.9699e-06,1.4508e-06,-7490.4,7.9529
-1.949e-06,-1.0191e-05,-7424.2,-74.212
-1.948e-06,-1.2649e-05,-7423.5,-91.566
-1.9555e-06,-1.0226e-05,-7449.1,-74.471
-1.967e-06,-5.5707e-06,-7487.4,-41.616
-1.9792e-06,-4.5442e-07,-7527.9,-5.5092
-1.9917e-06,5.4994e-06,-7568.4,36.51
-2.0034e-06,1.0522e-05,-7607.2,71.959
-2.0126e-06,1.5219e-05,-7636.8,105.11
-2.0212e-06,1.8821e-05,-7665.4,130.53
-2.029e-06,2.2822e-05,-7690.2,158.77
-2.0347e-06,2.5068e-05,-7709.3,174.62
-2.0401e-06,2.7956e-05,-7726.5,195
-2.0444e-06,2.9552e-05,-7740.8,206.26
-2.048e-06,3.1704e-05,-7752.1,221.46
-2.0511e-06,3.27e-05,-7762.5,228.5
-2.0542e-06,3.4534e-05,-7771.8,241.48
-2.057e-06,3.5372e-05,-7781.2,247.41
-2.0608e-06,3.7134e-05,-7792.7,259.9
-2.064e-06,3.8457e-05,-7802.6,269.28
-2.0659e-06,3.9568e-05,-7808.1,277.17
-2.0689e-06,4.035e-05,-7818,282.72
-2.0718e-06,4.2169e-05,-7825.5,295.66
-2.0734e-06,4.2475e-05,-7831,297.84
-2.0754e-06,4.3668e-05,-7836,306.33
-2.0775e-06,4.4128e-05,-7842.9,309.61
-2.0789e-06,4.5336e-05,-7845.6,318.22
-2.0797e-06,4.5218e-05,-7848.9,317.38
-2.0817e-06,4.6187e-05,-7854.2,324.29
-2.0834e-06,4.6795e-05,-7859.2,328.63
-2.0841e-06,4.741e-05,-7860.3,333.02
-2.0852e-06,4.7513e-05,-7864.2,333.76
-2.0868e-06,4.8475e-05,-7867.8,340.64
-2.0878e-06,4.8671e-05,-7871.1,342.04
-2.0892e-06,4.938e-05,-7874.7,347.11
-2.0902e-06,4.9707e-05,-7877.6,349.45
-2.09e-06,5.0027e-05,-7875.9,351.74
-2.0909e-06,4.9768e-05,-7880.1,349.88
-2.0924e-06,5.0784e-05,-7882.9,357.16
-2.0918e-06,5.0557e-05,-7881.4,355.54
-2.0913e-06,5.0363e-05,-7880,354.15
-2.0901e-06,5.0139e-05,-7876.1,352.55
-2.0909e-06,4.9572e-05,-7880.6,348.48
-2.093e-06,5.0875e-05,-7884.8,357.82
-2.0933e-06,5.1087e-05,-7885.4,359.33
-2.0941e-06,5.1243e-05,-7888,360.45
-2.0942e-06,5.1645e-05,-7887.5,363.33
-2.0931e-06,5.1199e-05,-7884.6,360.13
-2.0911e-06,5.0711e-05,-7878.4,356.64
-2.0872e-06,4.9381e-05,-7866.9,347.12
-2.082e-06,4.7461e-05,-7851.9,333.4
-2.0755e-06,4.4993e-05,-7833.1,315.78
-2.0675e-06,4.1773e-05,-7809.8,292.85
-2.0588e-06,3.8321e-05,-7783.3,268.32
-2.0486e-06,3.3658e-05,-7751.5,235.29
-2.0374e-06,2.9849e-05,-7714.1,208.37
-2.0284e-06,2.4512e-05,-7685.9,170.69
-2.022e-06,2.1803e-05,-7664.7,151.58
-2.0159e-06,1.8654e-05,-7645.1,129.36
-2.0105e-06,1.6635e-05,-7627.1,115.11
-2.0058e-06,1.3903e-05,-7612.3,95.822
-2.0008e-06,1.2571e-05,-7595,86.424
-1.994e-06,9.2654e-06,-7573,63.096
-1.9897e-06,7.125e-06,-7559.2,47.989
-1.9891e-06,5.8177e-06,-7558.1,38.761
-1.9887e-06,6.5449e-06,-7556.1,43.896
-1.9889e-06,5.6196e-06,-7557.8,37.363
-1.9902e-06,6.7994e-06,-7561.3,45.691
-1.9915e-06,6.6762e-06,-7566.4,44.82
-1.9916e-06,7.7948e-06,-7565.6,52.717
-1.9899e-06,6.7301e-06,-7560,45.202
-1.9857e-06,5.9131e-06,-7545.2,39.438
-1.9802e-06,3.0909e-06,-7527.8,19.52
-1.9757e-06,1.1294e-06,-7512.7,5.677
-1.9686e-06,-1.3041e-06,-7488.5,-11.496
-1.9595e-06,-5.079e-06,-7458.4,-38.136
-1.9526e-06,-9.2044e-06,-7436.8,-67.254
-1.9462e-06,-1.1231e-05,-7414.9,-81.556
-1.9395e-06,-1.4665e-05,-7393.6,-105.79
-1.9345e-06,-1.7032e-05,-7377.3,-122.5
-1.9273e-06,-1.9513e-05,-7352.6,-140
-1.919e-06,-2.3339e-05,-7325.4,-167
-1.9107e-06,-2.704e-05,-7298.4,-193.12
-1.9026e-06,-3.0368e-05,-7271.2,-216.63
-1.8943e-06,-3.4311e-05,-7242.7,-244.55
-1.8877e-06,-3.7472e-05,-7219.4,-267
-1.8816e-06,-4.0485e-05,-7196.7,-288.44
-1.8746e-06,-4.3659e-05,-7170.1,-311.11
-1.8674e-06,-4.6973e-05,-7140.9,-334.83
-1.8619e-06,-5.0135e-05,-7117.9,-357.54
-1.8566e-06,-5.261e-05,-7095.1,-375.36
-1.8519e-06,-5.5269e-05,-7073.7,-394.54
-1.8498e-06,-5.7318e-05,-7062.2,-409.35
-1.8491e-06,-5.7361e-05,-7059.4,-409.67
-1.8484e-06,-5.8048e-05,-7055.6,-414.64
-1.8481e-06,-5.8089e-05,-7054.5,-414.94
-1.8481e-06,-5.8295e-05,-7053.9,-416.43
-1.8487e-06,-5.8005e-05,-7057,-414.33
-1.8503e-06,-5.7448e-05,-7064,-410.29
-1.8525e-06,-5.6309e-05,-7074.1,-402.06
-1.8543e-06,-5.5356e-05,-7082.6,-395.17
-1.8567e-06,-5.4294e-05,-7093.1,-387.5
-1.8594e-06,-5.2845e-05,-7105.5,-377.05
-1.8621e-06,-5.1575e-05,-7117.1,-367.9
-1.8634e-06,-5.0402e-05,-7123.5,-359.46
-1.8654e-06,-4.9944e-05,-7131.6,-356.17
-1.8688e-06,-4.8026e-05,-7145.8,-342.39
-1.8721e-06,-4.6957e-05,-7159.3,-334.72
-1.8765e-06,-4.4426e-05,-7177.1,-316.59
-1.8794e-06,-4.3167e-05,-7188.2,-307.59
-1.8821e-06,-4.1705e-05,-7198.8,-297.15
-1.8872e-06,-4.0068e-05,-7218.2,-285.47
-1.8918e-06,-3.7014e-05,-7234.9,-263.74
-1.8944e-06,-3.6274e-05,-7244.3,-258.49
-1.8974e-06,-3.4473e-05,-7254.6,-245.71
-1.8998e-06,-3.3861e-05,-7263.4,-241.37
-1.9011e-06,-3.2442e-05,-7267.3,-231.31
-1.9015e-06,-3.2579e-05,-7268.9,-232.28
-1.9022e-06,-3.2024e-05,-7270.9,-228.35
-1.9028e-06,-3.196e-05,-7273.4,-227.9
-1.9058e-06,-3.1125e-05,-7284.1,-222
-1.9096e-06,-2.9061e-05,-7296.4,-207.4
-1.9114e-06,-2.8399e-05,-7302.5,-202.72
-1.9145e-06,-2.702e-05,-7312.5,-192.99
-1.9165e-06,-2.6198e-05,-7319.3,-187.19
-1.9207e-06,-2.4747e-05,-7333.6,-176.95
-1.9232e-06,-2.2682e-05,-7340.7,-162.37
-1.9243e-06,-2.2801e-05,-7345.2,-163.21
-1.9276e-06,-2.1369e-05,-7356,-153.11
-1.9318e-06,-1.9824e-05,-7370,-142.21
-1.9351e-06,-1.7949e-05,-7380.4,-128.97
-1.9382e-06,-1.6945e-05,-7391.1,-121.89
-1.9448e-06,-1.4734e-05,-7413.6,-106.29
-1.952e-06,-1.149e-05,-7437.4,-83.393
-1.9607e-06,-7.4951e-06,-7465.7,-55.196
-1.9688e-06,-4.4165e-06,-7492.8,-33.47
-1.9773e-06,-5.3e-07,-7520.7,-6.0406
-1.9877e-06,3.6012e-06,-7555.4,23.114
-1.9997e-06,8.8749e-06,-7595.1,60.333
-2.012e-06,1.3872e-05,-7635.9,95.597
-2.0239e-06,1.9951e-05,-7674.2,138.5
-2.0256e-06,2.3501e-05,-7676.5,163.56
-2.0129e-06,2.0507e-05,-7631.6,142.44
-1.9943e-06,1.3678e-05,-7568.7,94.252
-1.9757e-06,6.8624e-06,-7506.1,46.152
-1.958e-06,1.5536e-07,-7446.7,-1.1795
-1.9412e-06,-6.0341e-06,-7389.6,-44.858
-1.9253e-06,-1.2139e-05,-7336.4,-87.943
-1.9148e-06,-1.7221e-05,-7302.5,-123.81
-1.9124e-06,-1.9137e-05,-7295.5,-137.33
-1.9317e-06,-1.6944e-05,-7366.5,-121.87
-1.9534e-06,-1.3876e-06,-7430.8,-12.068
-1.9567e-06,1.8776e-05,-7420,130.28
-1.9481e-06,3.8715e-05,-7360.1,271.33
-1.9394e-06,5.7586e-05,-7272.8,406.63
-1.7022e-06,6.7463e-05,-6312.8,479.46
-1.7895e-06,7.2614e-05,-6623.2,516.67
-1.7768e-06,5.5006e-05,-6657.4,388.61
-1.7741e-06,5.3496e-05,-6652.4,377.72
-1.7724e-06,5.1926e-05,-6651.9,366.4
-1.7704e-06,5.037e-05,-6649.3,355.19
-1.7678e-06,4.882e-05,-6644.6,344.05
-1.7651e-06,4.7274e-05,-6639.3,332.95
-1.7626e-06,4.5726e-05,-6634.1,321.85
-1.76e-06,4.4179e-05,-6628.6,310.77
-1.7575e-06,4.2635e-05,-6623.9,299.67
-1.7553e-06,4.1086e-05,-6618.8,288.65
-1.7537e-06,3.9595e-05,-6616.3,278.01
-1.7516e-06,3.874e-05,-6610.2,271.92
-1.749e-06,3.7903e-05,-6602.1,265.95
-1.7464e-06,3.7059e-05,-6593.8,259.95
-1.7438e-06,3.6224e-05,-6585.6,254.01
-1.7412e-06,3.5388e-05,-6577.4,248.07
-1.7386e-06,3.4551e-05,-6569.1,242.12
-1.736e-06,3.3706e-05,-6560.8,236.12
-1.7334e-06,3.287e-05,-6552.1,230.19
-1.7309e-06,3.2034e-05,-6544.1,224.26
-1.7284e-06,3.1193e-05,-6536.1,218.3
-1.726e-06,3.0345e-05,-6528,212.3
-1.7236e-06,2.9504e-05,-6520.1,206.35
-1.7211e-06,2.8665e-05,-6512,200.41
-1.7187e-06,2.7821e-05,-6504.1,194.44
-1.7163e-06,2.6973e-05,-6496.1,188.45
-1.7139e-06,2.6129e-05,-6487.8,182.49
-1.7115e-06,2.5293e-05,-6479.9,176.59
-1.7094e-06,2.4444e-05,-6472.8,170.59
-1.7072e-06,2.3595e-05,-6465.5,164.6
-1.705e-06,2.2738e-05,-6458.2,158.55
-1.7028e-06,2.1891e-05,-6450.9,152.57
-1.7006e-06,2.1044e-05,-6443.4,146.59
-1.6984e-06,2.0196e-05,-6435.8,140.61
-1.6958e-06,1.9352e-05,-6427.2,134.65
-1.6938e-06,1.85e-05,-6420.2,128.64
-1.6916e-06,1.7652e-05,-6412.9,122.66
-1.6894e-06,1.6803e-05,-6405.5,116.67
-1.6871e-06,1.5948e-05,-6398,110.63
-1.6849e-06,1.5102e-05,-6390.4,104.66
-1.6826e-06,1.4256e-05,-6382.8,98.691
-1.6801e-06,1.3411e-05,-6374.4,92.731
-1.6779e-06,1.256e-05,-6366.7,86.726
-1.6756e-06,1.1714e-05,-6359,80.755
-1.6733e-06,1.087e-05,-6351.1,74.795
-1.6708e-06,1.0027e-05,-6342.9,68.85
-1.6684e-06,9.1853e-06,-6334.5,62.909
-1.6658e-06,8.3373e-06,-6325.9,56.925
-1.6632e-06,7.5001e-06,-6316.9,51.018
-1.6606e-06,6.6649e-06,-6307.8,45.124
-1.6579e-06,5.8295e-06,-6298.6,39.229
-1.6552e-06,4.9874e-06,-6289.2,33.287
-1.6525e-06,4.1536e-06,-6279.9,27.403
-1.6498e-06,3.3228e-06,-6270.5,21.541
-1.6474e-06,2.484e-06,-6262.6,15.622
-1.6454e-06,1.6238e-06,-6256,9.5516
-1.6435e-06,7.6908e-07,-6249.6,3.5191
-1.6415e-06,-8.5503e-08,-6243.1,-2.512
-1.6396e-06,-9.4043e-07,-6236.7,-8.5456
-1.6376e-06,-1.8052e-06,-6230.4,-14.649
-1.6357e-06,-2.6614e-06,-6224.2,-20.691
-1.6338e-06,-3.5175e-06,-6217.9,-26.734
-1.6319e-06,-4.3737e-06,-6211.7,-32.776
-1.63e-06,-5.2309e-06,-6205.4,-38.825
-1.6281e-06,-6.0951e-06,-6199,-44.925
-1.6262e-06,-6.9508e-06,-6192.7,-50.964
-1.6242e-06,-7.8061e-06,-6186.3,-57
-1.6223e-06,-8.662e-06,-6179.8,-63.04
-1.6202e-06,-9.5251e-06,-6173.1,-69.132
-1.6181e-06,-1.0376e-05,-6166.2,-75.138
-1.6159e-06,-1.1227e-05,-6158.7,-81.141
-1.6135e-06,-1.207e-05,-6150.4,-87.09
-1.6108e-06,-1.2919e-05,-6141.3,-93.083
-1.6079e-06,-1.3748e-05,-6131.3,-98.934
-1.605e-06,-1.4576e-05,-6121.2,-104.77
-1.6021e-06,-1.5404e-05,-6111,-110.62
-1.5991e-06,-1.624e-05,-6100.8,-116.52
-1.5962e-06,-1.7067e-05,-6090.6,-122.35
-1.5921e-06,-1.7971e-05,-6076.1,-128.73
-1.5869e-06,-1.9456e-05,-6058,-139.21
-1.5827e-06,-2.0948e-05,-6043.7,-149.74
-1.5794e-06,-2.2498e-05,-6032.9,-160.68
-1.5748e-06,-2.4012e-05,-6017.1,-171.37
-1.5699e-06,-2.5504e-05,-5999.9,-181.91
-1.565e-06,-2.6997e-05,-5982.8,-192.46
-1.5602e-06,-2.8489e-05,-5965.7,-203.03
-1.547e-06,-3.073e-05,-5916.9,-218.93
-1.4842e-06,-4.2926e-05,-5675.1,-306.05
-1.3078e-06,-0.00010477,-4738.6,-762.33
-1.9857e-06,-0.00028115,-5211.8,-2139.3
