0.0017199,-0.041857,-5.6071e+05,-1.0021e+05
-6.0026e-05,-0.0048663,-4.3694e+05,-47220
-7.3424e-05,-0.0019535,-3.3313e+05,-22761
-7.6202e-05,-0.00042481,-3.1956e+05,-6094.1
-7.7965e-05,0.00025537,-3.1292e+05,1145.5
-7.9125e-05,0.00068543,-3.0891e+05,5721.6
-7.9674e-05,0.00089402,-3.0691e+05,7941.3
-7.991e-05,0.00098673,-3.06e+05,8928
-8.0002e-05,0.00099357,-3.0623e+05,8999.2
-8.0058e-05,0.00099481,-3.0643e+05,9011.4
-8.0065e-05,0.00099398,-3.0648e+05,9002.4
-8.0117e-05,0.00099107,-3.0675e+05,8970.1
-8.0104e-05,0.0010214,-3.0608e+05,9294.6
-7.9998e-05,0.0009939,-3.0621e+05,9002.7
-7.9953e-05,0.00097087,-3.065e+05,8757.4
-8.004e-05,0.00098971,-3.0647e+05,8957
-8.0334e-05,0.0010979,-3.0547e+05,10108
-8.0753e-05,0.0012444,-3.0449e+05,11647
-8.1267e-05,0.0013612,-3.0414e+05,12894
-8.193e-05,0.0015003,-3.0331e+05,14418
-8.2625e-05,0.0016346,-3.0226e+05,15920
-8.3219e-05,0.0017548,-3.0094e+05,17281
-8.3786e-05,0.0018525,-3.0008e+05,18390
-8.4031e-05,0.0019481,-2.9779e+05,19492
-8.376e-05,0.0019102,-2.9785e+05,19068
-8.2713e-05,0.0018005,-2.969e+05,17846
-8.131e-05,0.0014865,-3.0056e+05,14317
-8.0241e-05,0.001189,-3.0321e+05,11087
-7.9617e-05,0.00091983,-3.0616e+05,8218.1
-7.9195e-05,0.00073471,-3.0819e+05,6247.2
-7.8951e-05,0.0005857,-3.1022e+05,4658.4
-7.8928e-05,0.00053631,-3.1114e+05,4130.6
-7.9068e-05,0.00057918,-3.1084e+05,4586.3
-7.9236e-05,0.00066336,-3.0981e+05,5483.1
-7.9515e-05,0.00074616,-3.0927e+05,6363
-7.9793e-05,0.00090209,-3.0724e+05,8025.1
-7.9842e-05,0.00099585,-3.0553e+05,9026.8
-7.9911e-05,0.0011439,-3.0293e+05,10600
-8.0442e-05,0.0012816,-3.0227e+05,12065
-8.067e-05,0.00138,-3.0078e+05,13143
-8.0643e-05,0.0013052,-3.0247e+05,12323
-8.0909e-05,0.0013072,-3.0352e+05,12339
-8.1288e-05,0.0013735,-3.0352e+05,13054
-8.1889e-05,0.0014775,-3.033e+05,14195
-8.2725e-05,0.0016271,-3.024e+05,15864
-8.3617e-05,0.0018092,-3.0027e+05,17928
-8.4294e-05,0.0019386,-2.9886e+05,19397
-8.4774e-05,0.0020699,-2.9658e+05,20887
-8.5033e-05,0.0021239,-2.9592e+05,21495
-8.5129e-05,0.0021748,-2.9471e+05,22069
-8.5229e-05,0.0021731,-2.9521e+05,22046
-8.5221e-05,0.0022152,-2.9385e+05,22522
-8.4847e-05,0.0021429,-2.945e+05,21717
-8.4254e-05,0.0020435,-2.9527e+05,20599
-8.36e-05,0.0018948,-2.9743e+05,18911
-8.2867e-05,0.0017821,-2.9803e+05,17637
-8.1815e-05,0.0016002,-2.9943e+05,15582
-8.0741e-05,0.0013718,-3.0131e+05,13049
-7.9999e-05,0.0010889,-3.0428e+05,10019
-7.9503e-05,0.00084312,-3.0725e+05,7400.4
-7.9055e-05,0.00063114,-3.0972e+05,5142.4
-7.8763e-05,0.00046833,-3.1184e+05,3406.9
-7.8579e-05,0.00037543,-3.1298e+05,2417.2
-7.8421e-05,0.00031417,-3.1358e+05,1765.2
-7.8279e-05,0.00024028,-3.1451e+05,977.77
-7.8098e-05,0.00017741,-3.1504e+05,309.1
-7.7926e-05,7.7782e-05,-3.1637e+05,-753.01
-7.7701e-05,-1.1734e-06,-3.1706e+05,-1592.9
-7.7398e-05,-0.00012482,-3.1834e+05,-2909.3
-7.7156e-05,-0.00024934,-3.1988e+05,-4236.3
-7.6985e-05,-0.00034143,-3.2106e+05,-5217.9
-7.681e-05,-0.00041439,-3.2183e+05,-5994.8
-7.6652e-05,-0.00049502,-3.2283e+05,-6854.1
-7.6506e-05,-0.0005563,-3.2348e+05,-7506.6
-7.6419e-05,-0.00061446,-3.2432e+05,-8127.1
-7.6352e-05,-0.00064385,-3.2464e+05,-8440.1
-7.6254e-05,-0.00068873,-3.2515e+05,-8918.2
-7.6173e-05,-0.00072373,-3.2554e+05,-9291
-7.6108e-05,-0.00074269,-3.2566e+05,-9492.5
-7.6059e-05,-0.0007647,-3.259e+05,-9727
-7.6051e-05,-0.00077291,-3.2604e+05,-9814.6
-7.6022e-05,-0.00077094,-3.2588e+05,-9793
-7.5976e-05,-0.00079245,-3.2613e+05,-10022
-7.5945e-05,-0.00080383,-3.2624e+05,-10143
-7.587e-05,-0.00082518,-3.2636e+05,-10370
-7.5794e-05,-0.00086063,-3.2678e+05,-10748
-7.5767e-05,-0.0008923,-3.2731e+05,-11086
-7.5744e-05,-0.00090432,-3.2746e+05,-11214
-7.5689e-05,-0.00093959,-3.2796e+05,-11590
-7.5639e-05,-0.00096966,-3.2837e+05,-11911
-7.5591e-05,-0.0009917,-3.2862e+05,-12146
-7.5537e-05,-0.0010226,-3.2903e+05,-12475
-7.5521e-05,-0.0010417,-3.2944e+05,-12673
-7.5506e-05,-0.0010451,-3.2946e+05,-12709
-7.5493e-05,-0.0010649,-3.298e+05,-12920
-7.547e-05,-0.0010705,-3.2981e+05,-12980
-7.5416e-05,-0.0010882,-3.2999e+05,-13166
-7.5365e-05,-0.0010996,-3.3001e+05,-13288
-7.5339e-05,-0.0011195,-3.3028e+05,-13502
-7.5379e-05,-0.0011168,-3.3039e+05,-13474
-7.5401e-05,-0.0010989,-3.3014e+05,-13280
-7.538e-05,-0.0010964,-3.3001e+05,-13254
-7.5389e-05,-0.0011113,-3.3033e+05,-13415
-7.5398e-05,-0.0010984,-3.3012e+05,-13275
-7.5384e-05,-0.0010999,-3.301e+05,-13291
-7.539e-05,-0.0010877,-3.2986e+05,-13162
-7.5362e-05,-0.0010749,-3.2944e+05,-13027
-7.5357e-05,-0.0010618,-3.2915e+05,-12887
-7.5391e-05,-0.0010387,-3.2883e+05,-12640
-7.5355e-05,-0.0010254,-3.2838e+05,-12500
-7.5352e-05,-0.0010101,-3.2802e+05,-12338
-7.5417e-05,-0.0009855,-3.2778e+05,-12076
-7.5498e-05,-0.00095585,-3.2751e+05,-11760
-7.5553e-05,-0.00093496,-3.2731e+05,-11538
-7.5632e-05,-0.00091693,-3.2726e+05,-11347
-7.5735e-05,-0.00088117,-3.2695e+05,-10966
-7.582e-05,-0.00084949,-3.2665e+05,-10629
-7.5827e-05,-0.0008253,-3.2619e+05,-10371
-7.5872e-05,-0.00082301,-3.2632e+05,-10347
-7.5948e-05,-0.00076798,-3.2552e+05,-9760
-7.603e-05,-0.00075452,-3.2558e+05,-9617.7
-7.6149e-05,-0.00069255,-3.248e+05,-8957.1
-7.6177e-05,-0.00067367,-3.2453e+05,-8755.7
-7.6209e-05,-0.00065846,-3.2435e+05,-8593.7
-7.6303e-05,-0.00062983,-3.2415e+05,-8289.4
-7.6381e-05,-0.00058298,-3.2351e+05,-7789.7
-7.6474e-05,-0.00056424,-3.2351e+05,-7591.1
-7.6636e-05,-0.0004934,-3.2273e+05,-6836.7
-7.6743e-05,-0.00044665,-3.2221e+05,-6338.8
-7.6795e-05,-0.00041186,-3.2172e+05,-5967.7
-7.6856e-05,-0.00039139,-3.2155e+05,-5750
-7.6888e-05,-0.00035818,-3.21e+05,-5395.4
-7.6914e-05,-0.00035331,-3.2101e+05,-5343.9
-7.6998e-05,-0.00032533,-3.2078e+05,-5046.2
-7.7038e-05,-0.00029178,-3.2026e+05,-4688.2
-7.706e-05,-0.00029516,-3.2042e+05,-4724.8
-7.7104e-05,-0.00026458,-3.1998e+05,-4398.6
-7.7091e-05,-0.00026729,-3.1998e+05,-4427.2
-7.7133e-05,-0.00026286,-3.2006e+05,-4380.8
-7.7111e-05,-0.00024146,-3.1954e+05,-4151.4
-7.708e-05,-0.00026813,-3.1995e+05,-4436.1
-7.7153e-05,-0.00024183,-3.1972e+05,-4156.2
-7.726e-05,-0.00020844,-3.1947e+05,-3801.2
-7.7315e-05,-0.0001668,-3.1885e+05,-3357
-7.738e-05,-0.00015351,-3.1884e+05,-3216.1
-7.7504e-05,-8.9841e-05,-3.1806e+05,-2537.7
-7.7663e-05,-4.4535e-05,-3.1778e+05,-2056.3
-7.7932e-05,7.0944e-05,-3.1653e+05,-826.57
-7.8216e-05,0.00017841,-3.155e+05,317.06
-7.8582e-05,0.00032469,-3.1403e+05,1874.2
-7.908e-05,0.00051667,-3.1215e+05,3917.4
-7.9686e-05,0.00076056,-3.0967e+05,6513.6
-8.042e-05,0.0010258,-3.0728e+05,9335.5
-8.1625e-05,0.0013421,-3.0566e+05,12703
-8.308e-05,0.001629,-3.0365e+05,15887
-8.4127e-05,0.0018496,-3.009e+05,18391
-8.4668e-05,0.0019708,-2.9917e+05,19767
-8.5063e-05,0.0020594,-2.9817e+05,20758
-8.5281e-05,0.0021211,-2.9727e+05,21443
-8.5307e-05,0.0021459,-2.9678e+05,21713
-8.5044e-05,0.0021451,-2.9591e+05,21699
-8.4312e-05,0.0020644,-2.9583e+05,20778
-8.3216e-05,0.0019076,-2.9679e+05,18984
-8.141e-05,0.0016883,-2.9665e+05,16494
-7.9164e-05,0.0012327,-2.9866e+05,11525
-7.6496e-05,0.00056277,-3.0069e+05,4462.2
-7.2838e-05,-0.00068866,-3.1121e+05,-8848.5
-6.999e-05,-0.0021801,-3.2203e+05,-25181
-7.5231e-05,-0.0032888,-4.2564e+05,-33694
-8.4858e-05,-0.0021388,-3.8108e+05,-25178
-8.504e-05,-0.0014954,-3.7755e+05,-17726
-8.6553e-05,-0.00095458,-3.7260e+05,-11972
-8.7878e-05,-0.00042467,-3.6722e+05,-6329.9
-8.9043e-05,2.034e-06,-3.6328e+05,-1789.4
-8.9911e-05,0.00040414,-3.5864e+05,2493.8
-9.0187e-05,0.00059001,-3.5599e+05,4476.3
-9.0164e-05,0.00058166,-3.5607e+05,4387.4
-9.0141e-05,0.0005733,-3.5614e+05,4298.5
-9.0119e-05,0.00056494,-3.5622e+05,4209.6
-9.0096e-05,0.00055658,-3.563e+05,4120.6
-9.0079e-05,0.00054863,-3.5639e+05,4035.9
-9.0068e-05,0.00054396,-3.5644e+05,3986.2
-9.0057e-05,0.00053927,-3.5649e+05,3936.3
-9.0045e-05,0.00053455,-3.5654e+05,3886
-9.0033e-05,0.00052989,-3.5658e+05,3836.4
-9.002e-05,0.00052524,-3.5662e+05,3786.9
-9.0006e-05,0.00052058,-3.5666e+05,3737.4
-8.9993e-05,0.00051589,-3.5671e+05,3687.5
-8.998e-05,0.00051125,-3.5675e+05,3638.1
-8.9967e-05,0.0005066,-3.5679e+05,3588.6
-8.9954e-05,0.00050195,-3.5683e+05,3539.2
-8.994e-05,0.00049726,-3.5687e+05,3489.3
-8.9927e-05,0.00049262,-3.5691e+05,3439.9
-8.9914e-05,0.00048797,-3.5695e+05,3390.5
-8.9901e-05,0.00048332,-3.5699e+05,3341
-8.9887e-05,0.00047863,-3.5703e+05,3291.1
-8.9874e-05,0.00047399,-3.5707e+05,3241.7
-8.9861e-05,0.00046935,-3.5711e+05,3192.3
-8.9848e-05,0.0004647,-3.5715e+05,3142.9
-8.9835e-05,0.00046006,-3.5719e+05,3093.4
-8.9822e-05,0.00045537,-3.5724e+05,3043.6
-8.9808e-05,0.00045072,-3.5728e+05,2994.2
-8.9796e-05,0.00044608,-3.5732e+05,2944.8
-8.9783e-05,0.00044142,-3.5736e+05,2895.2
-8.9771e-05,0.00043671,-3.5741e+05,2845.1
-8.9758e-05,0.00043205,-3.5745e+05,2795.5
-8.9746e-05,0.0004274,-3.575e+05,2745.9
-8.9733e-05,0.00042273,-3.5754e+05,2696.3
-8.9721e-05,0.00041803,-3.5758e+05,2646.3
-8.9709e-05,0.00041337,-3.5763e+05,2596.7
-8.9696e-05,0.00040872,-3.5767e+05,2547.2
-8.9684e-05,0.00040405,-3.5772e+05,2497.5
-8.9671e-05,0.00039935,-3.5776e+05,2447.5
-8.9659e-05,0.00039469,-3.5780e+05,2397.9
-8.9646e-05,0.00039004,-3.5785e+05,2348.4
-8.9634e-05,0.00038538,-3.5789e+05,2298.8
-8.9622e-05,0.00038072,-3.5794e+05,2249.2
-8.9609e-05,0.00037602,-3.5798e+05,2199.2
-8.9597e-05,0.00037137,-3.5803e+05,2149.7
-8.9584e-05,0.00036671,-3.5807e+05,2100.1
-8.9572e-05,0.00036205,-3.5811e+05,2050.5
-8.956e-05,0.00035735,-3.5816e+05,2000.5
-8.9547e-05,0.00035269,-3.582e+05,1951
-8.9535e-05,0.00034804,-3.5825e+05,1901.4
-8.9522e-05,0.00034338,-3.5829e+05,1851.9
-8.9509e-05,0.0003387,-3.5833e+05,1802
-8.9496e-05,0.00033405,-3.5837e+05,1752.6
-8.9483e-05,0.00032942,-3.5841e+05,1703.3
-8.947e-05,0.00032477,-3.5845e+05,1653.8
-8.9457e-05,0.00032009,-3.585e+05,1604
-8.9444e-05,0.00031545,-3.5854e+05,1554.6
-8.943e-05,0.00031081,-3.5858e+05,1505.3
-8.9417e-05,0.00030617,-3.5862e+05,1455.9
-8.9404e-05,0.00030152,-3.5866e+05,1406.5
-8.9391e-05,0.00029684,-3.587e+05,1356.7
-8.9378e-05,0.0002922,-3.5874e+05,1307.3
-8.9365e-05,0.00028756,-3.5878e+05,1258
-8.9352e-05,0.00028292,-3.5882e+05,1208.6
-8.9339e-05,0.00027824,-3.5887e+05,1158.8
-8.9326e-05,0.0002736,-3.5891e+05,1109.4
-8.9313e-05,0.00026895,-3.5895e+05,1060
-8.9301e-05,0.0002643,-3.5899e+05,1010.5
-8.9288e-05,0.00025961,-3.5904e+05,960.54
-8.9276e-05,0.00025495,-3.5908e+05,911
-8.9264e-05,0.0002503,-3.5913e+05,861.47
-8.9252e-05,0.00024564,-3.5917e+05,811.87
-8.9239e-05,0.00024094,-3.5922e+05,761.83
-8.9227e-05,0.00023628,-3.5926e+05,712.29
-8.921e-05,0.00023121,-3.593e+05,658.35
-8.9188e-05,0.00022285,-3.5938e+05,569.41
-8.9165e-05,0.0002145,-3.5946e+05,480.52
-8.9142e-05,0.00020618,-3.5953e+05,392.04
-8.912e-05,0.00019784,-3.5961e+05,303.31
-8.9097e-05,0.00018949,-3.5968e+05,214.43
-8.9075e-05,0.00018114,-3.5976e+05,125.56
-8.9021e-05,0.00017007,-3.5977e+05,8.2167
-8.866e-05,0.00011503,-3.5942e+05,-573.21
-8.7144e-05,-0.00019095,-3.5945e+05,-3815.3
-8.483e-05,-0.0011758,-3.7001e+05,-14309
0.00045969,-0.011986,-1.1661e+05,-47506
