0.00022763,-0.0098686,-2.8225e+05,-53665
-2.7681e-05,-0.0035792,-2.3338e+05,-35463
-3.5185e-05,-0.0017056,-1.6441e+05,-19694
-3.5207e-05,-0.0007617,-1.5652e+05,-9036.9
-3.6693e-05,-0.00020547,-1.5388e+05,-2943.9
-3.7596e-05,0.00020771,-1.4916e+05,1456.5
-3.8221e-05,0.00039559,-1.4789e+05,3453
-3.8535e-05,0.0004866,-1.4732e+05,4419.9
-3.8363e-05,0.00045638,-1.4723e+05,4100.1
-3.8189e-05,0.00036241,-1.4843e+05,3098.8
-3.8019e-05,0.00026681,-1.4968e+05,2079.9
-3.7771e-05,0.00018117,-1.5041e+05,1169.2
-3.7553e-05,0.00010326,-1.5111e+05,340.43
-3.7331e-05,3.2922e-05,-1.5163e+05,-407.29
-3.7152e-05,-3.446e-05,-1.5227e+05,-1124.2
-3.7072e-05,-7.4151e-05,-1.5275e+05,-1547.1
-3.7095e-05,-7.2186e-05,-1.5280e+05,-1526.5
-3.7153e-05,-3.5191e-05,-1.5229e+05,-1132.1
-3.7202e-05,-1.3099e-05,-1.5204e+05,-896.83
-3.7283e-05,2.0703e-05,-1.5168e+05,-537
-3.7361e-05,5.5522e-05,-1.5129e+05,-166.21
-3.7414e-05,8.3473e-05,-1.5094e+05,131.63
-3.749e-05,0.00011123,-1.5069e+05,426.92
-3.7578e-05,0.00015303,-1.502e+05,872.12
-3.769e-05,0.00018324,-1.5004e+05,1193
-3.7768e-05,0.00023494,-1.493e+05,1744.2
-3.7877e-05,0.00027298,-1.4898e+05,2148.8
-3.7932e-05,0.00031735,-1.483e+05,2622.2
-3.7966e-05,0.00033266,-1.4813e+05,2785.2
-3.7985e-05,0.00035234,-1.4780e+05,2995.2
-3.8016e-05,0.00036014,-1.4777e+05,3078
-3.8073e-05,0.00038879,-1.4742e+05,3383.3
-3.8089e-05,0.00040898,-1.4708e+05,3598.8
-3.8079e-05,0.00041433,-1.4693e+05,3656.3
-3.8121e-05,0.00040641,-1.4726e+05,3570.7
-3.8127e-05,0.00042131,-1.4698e+05,3729.9
-3.8056e-05,0.00039611,-1.4720e+05,3461.8
-3.8043e-05,0.0003827,-1.4742e+05,3318.7
-3.8091e-05,0.00040558,-1.4716e+05,3562.5
-3.8135e-05,0.00044065,-1.4662e+05,3936.6
-3.8159e-05,0.0004472,-1.4659e+05,4006.1
-3.8211e-05,0.00046145,-1.4651e+05,4157.5
-3.8191e-05,0.00046475,-1.4636e+05,4193.2
-3.8179e-05,0.00046411,-1.4632e+05,4186.5
-3.8183e-05,0.00044953,-1.4664e+05,4030.6
-3.8179e-05,0.00045354,-1.4654e+05,4073.5
-3.8174e-05,0.00044756,-1.4664e+05,4009.6
-3.817e-05,0.00045721,-1.4643e+05,4113
-3.8173e-05,0.00045039,-1.4658e+05,4039.9
-3.8084e-05,0.00044462,-1.4633e+05,3980.1
-3.805e-05,0.00043083,-1.4647e+05,3833.2
-3.8057e-05,0.00043578,-1.464e+05,3886
-3.804e-05,0.00042964,-1.4646e+05,3820.7
-3.8021e-05,0.00041822,-1.4661e+05,3699
-3.8025e-05,0.00040084,-1.4698e+05,3513.1
-3.8024e-05,0.00038614,-1.4728e+05,3355.8
-3.8015e-05,0.00035487,-1.4787e+05,3021.7
-3.7929e-05,0.0003148,-1.4834e+05,2595
-3.7829e-05,0.00026183,-1.4901e+05,2030.5
-3.7782e-05,0.00022246,-1.4962e+05,1610.5
-3.7799e-05,0.0002214,-1.4971e+05,1598.8
-3.7886e-05,0.00023775,-1.4973e+05,1771.9
-3.8005e-05,0.00029107,-1.4913e+05,2339.7
-3.8065e-05,0.00033643,-1.4845e+05,2823.5
-3.8118e-05,0.00037171,-1.4795e+05,3199.6
-3.8164e-05,0.00038666,-1.4784e+05,3358.5
-3.8182e-05,0.00038858,-1.4787e+05,3378.8
-3.8155e-05,0.00038888,-1.4776e+05,3382.6
-3.809e-05,0.00036679,-1.4794e+05,3147.6
-3.807e-05,0.00033039,-1.486e+05,2758.7
-3.8045e-05,0.00031648,-1.4878e+05,2610.6
-3.7992e-05,0.00029703,-1.4896e+05,2403.7
-3.7939e-05,0.0002758,-1.4917e+05,2177.7
-3.788e-05,0.00024902,-1.4948e+05,1892.5
-3.785e-05,0.00022764,-1.4979e+05,1664.4
-3.7832e-05,0.00021084,-1.5006e+05,1485.2
-3.7765e-05,0.00019063,-1.5019e+05,1270.5
-3.7678e-05,0.00015362,-1.5059e+05,876.39
-3.7599e-05,0.00013161,-1.5072e+05,642.66
-3.7532e-05,9.9899e-05,-1.5109e+05,304.9
-3.7485e-05,8.19e-05,-1.5126e+05,113.37
-3.7423e-05,5.9856e-05,-1.5146e+05,-121.11
-3.7356e-05,3.5364e-05,-1.5168e+05,-381.67
-3.7296e-05,6.6228e-06,-1.5202e+05,-687.82
-3.722e-05,-2.0411e-05,-1.5226e+05,-975.38
-3.7144e-05,-6.0665e-05,-1.5277e+05,-1404.3
-3.7102e-05,-9.1636e-05,-1.5323e+05,-1734.7
-3.7064e-05,-0.00011629,-1.5358e+05,-1997.6
-3.6987e-05,-0.00014612,-1.5387e+05,-2315
-3.6912e-05,-0.0001897,-1.5445e+05,-2779.5
-3.6836e-05,-0.0002162,-1.5468e+05,-3061.4
-3.6737e-05,-0.00025288,-1.5502e+05,-3451.7
-3.6682e-05,-0.00027608,-1.5527e+05,-3698.7
-3.663e-05,-0.00029646,-1.5547e+05,-3915.6
-3.6584e-05,-0.00031786,-1.5572e+05,-4143.5
-3.6519e-05,-0.00033912,-1.5589e+05,-4369.6
-3.645e-05,-0.00035603,-1.5595e+05,-4549
-3.6412e-05,-0.00037735,-1.5623e+05,-4776.3
-3.6351e-05,-0.0003928,-1.563e+05,-4940.3
-3.6361e-05,-0.0004026,-1.5654e+05,-5045.3
-3.6349e-05,-0.00039713,-1.5638e+05,-4986.5
-3.6347e-05,-0.00040671,-1.5656e+05,-5088.9
-3.6327e-05,-0.00041422,-1.5663e+05,-5168.9
-3.6307e-05,-0.00041515,-1.5657e+05,-5178.4
-3.6301e-05,-0.00041878,-1.5662e+05,-5217.1
-3.6288e-05,-0.0004265,-1.5673e+05,-5299.4
-3.6241e-05,-0.00042219,-1.5645e+05,-5252.4
-3.6219e-05,-0.00042173,-1.5635e+05,-5247
-3.6164e-05,-0.00041154,-1.5591e+05,-5136.9
-3.6112e-05,-0.00041164,-1.5571e+05,-5136.9
-3.6069e-05,-0.00040497,-1.5539e+05,-5064.6
-3.6104e-05,-0.00040051,-1.5544e+05,-5017.7
-3.6163e-05,-0.00038633,-1.554e+05,-4867.2
-3.6142e-05,-0.00038498,-1.5528e+05,-4852.4
-3.6188e-05,-0.0003773,-1.5532e+05,-4771.1
-3.6258e-05,-0.00036845,-1.5542e+05,-4677.9
-3.6278e-05,-0.00035591,-1.5525e+05,-4544.3
-3.6257e-05,-0.00035397,-1.5512e+05,-4523
-3.6286e-05,-0.00035942,-1.5535e+05,-4581.9
-3.6331e-05,-0.00034684,-1.5528e+05,-4448.3
-3.6341e-05,-0.00034917,-1.5537e+05,-4473.4
-3.6413e-05,-0.00032772,-1.5522e+05,-4245.5
-3.6433e-05,-0.00032322,-1.5521e+05,-4197.8
-3.6399e-05,-0.00032642,-1.5514e+05,-4231.4
-3.6462e-05,-0.00031723,-1.5521e+05,-4134.3
-3.652e-05,-0.00030376,-1.5517e+05,-3991.4
-3.6556e-05,-0.00030441,-1.5533e+05,-3999.2
-3.6605e-05,-0.00028782,-1.552e+05,-3822.7
-3.6643e-05,-0.00027448,-1.5508e+05,-3680.9
-3.66e-05,-0.00027549,-1.5492e+05,-3690.7
-3.6592e-05,-0.00027641,-1.5491e+05,-3700.4
-3.6571e-05,-0.0002751,-1.548e+05,-3686
-3.656e-05,-0.0002836,-1.5493e+05,-3776.7
-3.6592e-05,-0.00027831,-1.5495e+05,-3720.7
-3.6594e-05,-0.00026824,-1.5475e+05,-3613.1
-3.6594e-05,-0.00027651,-1.5492e+05,-3701.5
-3.6601e-05,-0.0002665,-1.5475e+05,-3594.6
-3.6587e-05,-0.00027246,-1.5481e+05,-3658.1
-3.6615e-05,-0.00026939,-1.5486e+05,-3625.8
-3.6594e-05,-0.00025664,-1.5452e+05,-3489
-3.6555e-05,-0.00027591,-1.5475e+05,-3694.3
-3.6582e-05,-0.00026961,-1.5473e+05,-3627.5
-3.6624e-05,-0.000258,-1.5467e+05,-3504.1
-3.6626e-05,-0.00024788,-1.5447e+05,-3396
-3.6625e-05,-0.0002516,-1.5454e+05,-3435.7
-3.6653e-05,-0.00023526,-1.5432e+05,-3261.6
-3.6706e-05,-0.00022267,-1.5428e+05,-3128
-3.6784e-05,-0.00018634,-1.5386e+05,-2741
-3.6858e-05,-0.00016002,-1.5363e+05,-2461.1
-3.6987e-05,-0.00011541,-1.5324e+05,-1986.6
-3.7185e-05,-4.5931e-05,-1.5264e+05,-1247.6
-3.7436e-05,4.7204e-05,-1.5177e+05,-256.69
-3.7728e-05,0.00015361,-1.5079e+05,875.32
-3.8064e-05,0.00028857,-1.4942e+05,2311.7
-3.8313e-05,0.00040361,-1.481e+05,3536.9
-3.8362e-05,0.00044011,-1.4756e+05,3926.2
-3.8252e-05,0.00042186,-1.4748e+05,3733.2
-3.814e-05,0.00038404,-1.4779e+05,3331.2
-3.7937e-05,0.00032178,-1.4823e+05,2669.4
-3.7614e-05,0.00022962,-1.4879e+05,1690.5
-3.7149e-05,0.00010118,-1.495e+05,326.43
-3.6553e-05,-7.4328e-05,-1.5064e+05,-1538.3
-3.5874e-05,-0.00025935,-1.5163e+05,-3503.3
-3.5101e-05,-0.0004551,-1.5247e+05,-5581.1
-3.4461e-05,-0.00066323,-1.5303e+05,-7868.2
-3.4354e-05,-0.00085717,-1.5375e+05,-10118
-3.4287e-05,-0.0010504,-1.5374e+05,-12399
-3.407e-05,-0.0012403,-1.5446e+05,-14536
-2.3673e-05,-0.0012606,-1.1132e+05,-14527
-2.5459e-05,-0.00039188,-1.1209e+05,-4690.5
-2.7221e-05,0.00035081,-1.0392e+05,3197.7
-2.7441e-05,0.00056388,-99820,5521.8
-2.7382e-05,0.00064061,-99139,6290.6
-2.7323e-05,0.00062927,-1.0038e+05,6090.3
-2.7336e-05,0.00061801,-98632,6086.3
-2.7299e-05,0.00060057,-98807,5897.6
-2.7061e-05,0.00059844,-98637,5831.1
-2.6986e-05,0.00058713,-99129,5671.8
-2.6971e-05,0.00057423,-99280,5536.9
-2.6901e-05,0.00056304,-99244,5417.1
-2.69e-05,0.00054905,-99476,5270.1
-2.6861e-05,0.00054408,-99924,5180.4
-2.6862e-05,0.00053653,-1.0006e+05,5101.2
-2.6807e-05,0.00053007,-99916,5036.1
-2.6804e-05,0.00052308,-1.0003e+05,4962.1
-2.6815e-05,0.00051527,-1.002e+05,4880.4
-2.679e-05,0.00050737,-1.0018e+05,4801
-2.6766e-05,0.00050169,-1.0017e+05,4742.8
-2.6783e-05,0.00049358,-1.0034e+05,4659.4
-2.6758e-05,0.00048561,-1.0035e+05,4578.1
-2.674e-05,0.00047995,-1.0032e+05,4522.3
-2.676e-05,0.00047161,-1.005e+05,4437.1
-2.6727e-05,0.00046461,-1.0045e+05,4366.6
-2.6723e-05,0.00045784,-1.005e+05,4299
-2.6743e-05,0.00044947,-1.0068e+05,4213.7
-2.6758e-05,0.00044123,-1.0082e+05,4130.5
-2.6766e-05,0.00043326,-1.0094e+05,4050.1
-2.68e-05,0.00042508,-1.0117e+05,3967.3
-2.6803e-05,0.00041654,-1.0104e+05,3898.5
-2.679e-05,0.00040926,-1.0109e+05,3823.3
-2.6774e-05,0.00040208,-1.0114e+05,3749
-2.6759e-05,0.00039494,-1.012e+05,3674.6
-2.6742e-05,0.00038784,-1.0126e+05,3600.5
-2.6721e-05,0.00038081,-1.013e+05,3526.8
-2.6703e-05,0.00037378,-1.0142e+05,3448.3
-2.6686e-05,0.0003667,-1.0146e+05,3374.9
-2.6669e-05,0.00035965,-1.0151e+05,3301.4
-2.665e-05,0.0003526,-1.0157e+05,3227.3
-2.6632e-05,0.00034552,-1.0163e+05,3152.5
-2.6613e-05,0.00033851,-1.0169e+05,3078.3
-2.6594e-05,0.00033151,-1.0175e+05,3003.9
-2.6575e-05,0.00032449,-1.0182e+05,2929.4
-2.6556e-05,0.00031741,-1.0188e+05,2854.1
-2.6537e-05,0.0003104,-1.0195e+05,2779.5
-2.6519e-05,0.0003034,-1.0202e+05,2705
-2.65e-05,0.00029639,-1.0208e+05,2630.5
-2.6481e-05,0.00028938,-1.0215e+05,2555.8
-2.6462e-05,0.0002823,-1.0221e+05,2480.5
-2.6443e-05,0.00027529,-1.0228e+05,2406
-2.6424e-05,0.00026829,-1.0234e+05,2331.5
-2.6405e-05,0.00026127,-1.0241e+05,2256.8
-2.6387e-05,0.0002542,-1.0248e+05,2181.6
-2.6368e-05,0.00024719,-1.0254e+05,2107.1
-2.6349e-05,0.00024019,-1.0261e+05,2032.5
-2.633e-05,0.00023318,-1.0267e+05,1958
-2.631e-05,0.00022612,-1.0274e+05,1882.8
-2.6291e-05,0.00021912,-1.028e+05,1808.5
-2.6271e-05,0.00021213,-1.0286e+05,1734.1
-2.6252e-05,0.00020513,-1.0292e+05,1659.6
-2.6232e-05,0.00019807,-1.0299e+05,1584.5
-2.6213e-05,0.00019108,-1.0305e+05,1510.2
-2.6193e-05,0.00018409,-1.0311e+05,1435.8
-2.6174e-05,0.0001771,-1.0318e+05,1361.5
-2.6154e-05,0.0001701,-1.0324e+05,1287
-2.6134e-05,0.00016305,-1.033e+05,1211.9
-2.6115e-05,0.00015605,-1.0336e+05,1137.6
-2.6096e-05,0.00014907,-1.0343e+05,1063.2
-2.6076e-05,0.00014207,-1.0349e+05,988.81
-2.6057e-05,0.00013501,-1.0355e+05,913.72
-2.6037e-05,0.00012802,-1.0362e+05,839.34
-2.6018e-05,0.00012102,-1.0368e+05,764.96
-2.5999e-05,0.00011402,-1.0375e+05,690.41
-2.598e-05,0.00010695,-1.0381e+05,615.2
-2.5961e-05,9.9941e-05,-1.0388e+05,540.66
-2.5943e-05,9.2935e-05,-1.0395e+05,466.12
-2.5924e-05,8.592e-05,-1.0401e+05,391.48
-2.5905e-05,7.8844e-05,-1.0408e+05,316.19
-2.5887e-05,7.1838e-05,-1.0415e+05,241.65
-2.5861e-05,6.4198e-05,-1.042e+05,160.47
-2.5827e-05,5.1618e-05,-1.0432e+05,26.632
-2.5793e-05,3.9042e-05,-1.0443e+05,-107.16
-2.5758e-05,2.6503e-05,-1.0454e+05,-240.53
-2.5724e-05,1.3942e-05,-1.0466e+05,-374.16
-2.569e-05,1.3679e-06,-1.0478e+05,-507.94
-2.5657e-05,-1.1208e-05,-1.049e+05,-641.71
-2.5638e-05,-2.2537e-05,-1.0505e+05,-762.48
-2.5453e-05,-4.1416e-05,-1.0468e+05,-960.62
-2.4584e-05,-0.0002491,-1.0536e+05,-3164
-2.5631e-05,-0.00084747,-1.1665e+05,-9912.5
3.4586e-05,-0.0029864,2113.2,-26022
