-1.0883e-05,-0.00058372,-50632,-6802.8
-1.0868e-05,-0.00051997,-50693,-6038.7
-1.0925e-05,-0.0004264,-50857,-4930.8
-1.1109e-05,-0.00033069,-51098,-3823.6
-1.1472e-05,-0.00023218,-51397,-2724.9
-1.1916e-05,-0.00013297,-51317,-1664.2
-1.2223e-05,-5.6961e-05,-51020,-857.72
-1.2401e-05,-1.6062e-05,-50915,-423.99
-1.2506e-05,1.1111e-05,-50793,-135.57
-1.2563e-05,2.3999e-05,-50760,1.0875
-1.2588e-05,3.2225e-05,-50697,88.537
-1.2593e-05,3.3233e-05,-50697,99.209
-1.2569e-05,3.2871e-05,-50604,95.834
-1.2515e-05,2.2061e-05,-50604,-18.657
-1.2459e-05,1.1033e-05,-50602,-135.44
-1.2414e-05,-1.0817e-06,-50666,-264.08
-1.2386e-05,-8.344e-06,-50699,-341.17
-1.2361e-05,-1.3772e-05,-50707,-398.7
-1.2337e-05,-1.9338e-05,-50720,-457.73
-1.2336e-05,-2.3461e-05,-50803,-501.8
-1.2343e-05,-1.9209e-05,-50741,-456.46
-1.2334e-05,-2.1557e-05,-50754,-481.39
-1.2333e-05,-2.2679e-05,-50773,-493.37
-1.233e-05,-2.2397e-05,-50756,-490.3
-1.2328e-05,-2.4023e-05,-50779,-507.64
-1.2334e-05,-2.3058e-05,-50786,-497.45
-1.2344e-05,-2.1014e-05,-50783,-475.78
-1.234e-05,-1.9327e-05,-50735,-457.68
-1.2328e-05,-2.2674e-05,-50751,-493.21
-1.2312e-05,-2.5138e-05,-50737,-519.24
-1.2303e-05,-2.9053e-05,-50779,-560.91
-1.2307e-05,-2.8608e-05,-50789,-556.25
-1.2286e-05,-2.862e-05,-50703,-555.95
-1.2278e-05,-3.7301e-05,-50848,-648.62
-1.2339e-05,-2.8549e-05,-50918,-556.27
-1.237e-05,-1.0676e-05,-50681,-365.78
-1.2339e-05,-1.8722e-05,-50718,-451.19
-1.2335e-05,-2.3273e-05,-50791,-499.76
-1.2349e-05,-1.9916e-05,-50783,-464.15
-1.2356e-05,-1.728e-05,-50759,-436.11
-1.2354e-05,-1.7194e-05,-50747,-435.14
-1.2364e-05,-1.7307e-05,-50792,-436.57
-1.2379e-05,-1.239e-05,-50750,-384.28
-1.2378e-05,-1.1975e-05,-50740,-379.83
-1.2384e-05,-1.1851e-05,-50763,-378.64
-1.24e-05,-8.4466e-06,-50755,-342.54
-1.2409e-05,-5.6386e-06,-50737,-312.7
-1.2411e-05,-4.398e-06,-50719,-299.47
-1.2399e-05,-5.9011e-06,-50701,-315.3
-1.2386e-05,-9.7143e-06,-50725,-355.81
-1.2383e-05,-1.0944e-05,-50740,-368.91
-1.2384e-05,-1.1105e-05,-50747,-370.65
-1.2366e-05,-1.1825e-05,-50687,-377.98
-1.2359e-05,-1.8526e-05,-50795,-449.49
-1.2381e-05,-1.3438e-05,-50780,-395.53
-1.2431e-05,-7.1713e-06,-50856,-329.53
-1.2448e-05,7.2112e-06,-50636,-176.1
-1.2439e-05,-4.0751e-07,-50753,-257.38
-1.2445e-05,3.7469e-06,-50692,-213.07
-1.246e-05,2.5006e-06,-50778,-226.7
-1.2474e-05,1.0407e-05,-50676,-142.45
-1.2477e-05,8.3144e-06,-50730,-164.88
-1.2472e-05,1.128e-05,-50651,-133.08
-1.2473e-05,6.5972e-06,-50750,-183.17
-1.248e-05,1.2046e-05,-50667,-125.05
-1.2488e-05,9.6799e-06,-50747,-150.5
-1.2506e-05,1.5924e-05,-50692,-84.091
-1.2521e-05,1.7207e-05,-50727,-70.679
-1.2514e-05,2.1335e-05,-50617,-26.415
-1.2513e-05,1.5246e-05,-50735,-91.495
-1.2521e-05,2.113e-05,-50649,-28.743
-1.2527e-05,1.8508e-05,-50728,-56.906
-1.2536e-05,2.3994e-05,-50651,1.5822
-1.2546e-05,2.2265e-05,-50728,-17.11
-1.2581e-05,2.9851e-05,-50719,63.279
-1.2644e-05,3.9867e-05,-50769,169.12
-1.2641e-05,5.3793e-05,-50476,318.08
-1.2593e-05,3.7447e-05,-50611,144.28
-1.2557e-05,3.2615e-05,-50563,93.333
-1.2536e-05,2.2464e-05,-50684,-14.79
-1.2527e-05,2.3761e-05,-50622,-0.73695
-1.2519e-05,1.8235e-05,-50699,-59.646
-1.2512e-05,2.004e-05,-50633,-40.199
-1.2517e-05,1.5946e-05,-50740,-84.097
-1.2527e-05,2.2871e-05,-50639,-10.248
-1.254e-05,2.0456e-05,-50742,-36.349
-1.2573e-05,2.9865e-05,-50683,63.614
-1.2614e-05,3.5283e-05,-50742,120.71
-1.2595e-05,4.491e-05,-50468,224.03
-1.2531e-05,2.4854e-05,-50613,10.881
-1.25e-05,1.7445e-05,-50639,-67.724
-1.2506e-05,1.3318e-05,-50746,-111.96
-1.2524e-05,2.0572e-05,-50672,-34.767
-1.2543e-05,2.1055e-05,-50738,-29.98
-1.2548e-05,2.7974e-05,-50620,43.893
-1.2543e-05,2.291e-05,-50702,-10.157
-1.2537e-05,2.5725e-05,-50619,20.074
-1.253e-05,2.0197e-05,-50703,-38.896
-1.2522e-05,2.2689e-05,-50623,-12.1
-1.2526e-05,1.7855e-05,-50738,-63.869
-1.2533e-05,2.4583e-05,-50629,7.9323
-1.2525e-05,1.9458e-05,-50700,-46.706
-1.2528e-05,2.1669e-05,-50668,-23.124
-1.2526e-05,2.121e-05,-50670,-27.994
-1.25e-05,1.959e-05,-50594,-44.777
-1.2475e-05,9.2206e-06,-50706,-155.17
-1.2458e-05,9.0968e-06,-50639,-156.14
-1.2453e-05,2.2696e-06,-50756,-229.04
-1.2452e-05,6.9156e-06,-50657,-179.34
-1.2444e-05,1.3612e-06,-50736,-238.56
-1.2435e-05,3.247e-06,-50664,-218.23
-1.2428e-05,-2.2288e-06,-50746,-276.63
-1.2418e-05,-2.4933e-07,-50664,-255.26
-1.2404e-05,-7.0778e-06,-50747,-328
-1.2398e-05,-5.9642e-06,-50701,-315.97
-1.2399e-05,-9.4231e-06,-50772,-352.96
-1.2395e-05,-6.1653e-06,-50689,-318.04
-1.2371e-05,-1.2273e-05,-50716,-382.87
-1.2354e-05,-1.6023e-05,-50724,-422.63
-1.2337e-05,-2.0307e-05,-50740,-468.09
-1.2343e-05,-2.2282e-05,-50807,-489.33
-1.2363e-05,-1.6585e-05,-50772,-428.83
-1.2349e-05,-1.5395e-05,-50692,-415.82
-1.2337e-05,-2.1993e-05,-50776,-486.12
-1.2342e-05,-2.0241e-05,-50759,-467.48
-1.2342e-05,-2.0709e-05,-50772,-472.5
-1.2347e-05,-1.966e-05,-50769,-461.38
-1.2371e-05,-1.7593e-05,-50824,-439.75
-1.2381e-05,-9.9241e-06,-50708,-357.95
-1.2371e-05,-1.4017e-05,-50752,-401.52
-1.2365e-05,-1.3893e-05,-50725,-400.08
-1.2344e-05,-1.7335e-05,-50708,-436.45
-1.2338e-05,-2.2461e-05,-50788,-491.14
-1.2362e-05,-1.8443e-05,-50806,-448.67
-1.237e-05,-1.2194e-05,-50710,-382
-1.2367e-05,-1.5794e-05,-50773,-420.45
-1.2367e-05,-1.3353e-05,-50723,-394.34
-1.2358e-05,-1.6432e-05,-50747,-427.08
-1.2368e-05,-1.6497e-05,-50790,-427.98
-1.234e-05,-1.388e-05,-50625,-399.44
-1.2298e-05,-2.8682e-05,-50752,-556.85
-1.2306e-05,-3.1032e-05,-50833,-582.14
-1.2328e-05,-2.4312e-05,-50787,-510.74
-1.2318e-05,-2.3303e-05,-50724,-499.74
-1.2295e-05,-2.9212e-05,-50753,-562.47
-1.2287e-05,-3.3176e-05,-50798,-604.68
-1.2294e-05,-3.2037e-05,-50805,-592.65
-1.2298e-05,-2.9805e-05,-50775,-568.86
-1.2298e-05,-3.0927e-05,-50799,-580.87
-1.2319e-05,-2.8465e-05,-50835,-554.96
-1.2356e-05,-2.0304e-05,-50817,-468.44
-1.2391e-05,-1.2235e-05,-50798,-382.87
-1.2436e-05,-4.1586e-06,-50818,-297.43
-1.2505e-05,9.726e-06,-50815,-150.35
-1.2564e-05,2.6159e-05,-50722,24.165
-1.2598e-05,3.3702e-05,-50706,104.13
-1.2608e-05,3.8582e-05,-50647,156.12
-1.2601e-05,3.6873e-05,-50654,137.97
-1.2566e-05,3.4561e-05,-50560,113.95
-1.2502e-05,2.1597e-05,-50560,-23.356
-1.2397e-05,6.7914e-06,-50437,-179.55
-1.2205e-05,-2.4293e-05,-50283,-508.02
-1.1905e-05,-7.5537e-05,-50101,-1049.9
-1.1481e-05,-0.00015099,-49908,-1848.1
-1.1102e-05,-0.00025226,-50164,-2940.9
-1.0909e-05,-0.00035849,-50458,-4140.9
-1.0862e-05,-0.00046187,-50659,-5348.4
-1.0891e-05,-0.0005592,-50729,-6508.2
-2.2709e-06,-0.00054565,-11355,-6384
-3.0903e-06,4.7695e-05,-11633,447.37
-3.1396e-06,6.7604e-05,-11442,659.18
-3.1371e-06,6.7555e-05,-11442,658.11
-3.1354e-06,6.7506e-05,-11445,657.05
-3.1346e-06,6.7415e-05,-11445,655.98
-3.1338e-06,6.7323e-05,-11444,654.9
-3.133e-06,6.7231e-05,-11444,653.84
-3.1322e-06,6.7138e-05,-11444,652.77
-3.1315e-06,6.7045e-05,-11444,651.7
-3.1311e-06,6.6951e-05,-11444,650.69
-3.1312e-06,6.6843e-05,-11444,649.65
-3.1318e-06,6.6728e-05,-11444,648.68
-3.1329e-06,6.6652e-05,-11444,648.18
-3.1364e-06,6.6553e-05,-11446,647.76
-3.1397e-06,6.6385e-05,-11449,646.63
-3.1388e-06,6.6314e-05,-11443,646.1
-3.1374e-06,6.6286e-05,-11439,645.75
-3.1361e-06,6.6251e-05,-11438,645.23
-3.1348e-06,6.6219e-05,-11437,644.65
-3.1335e-06,6.6188e-05,-11437,644.06
-3.1323e-06,6.6156e-05,-11437,643.46
-3.1311e-06,6.6123e-05,-11438,642.85
-3.1299e-06,6.609e-05,-11438,642.24
-3.1288e-06,6.6056e-05,-11438,641.63
-3.1276e-06,6.6023e-05,-11439,641.02
-3.1264e-06,6.599e-05,-11439,640.41
-3.1253e-06,6.5957e-05,-11440,639.8
-3.1241e-06,6.5924e-05,-11440,639.19
-3.123e-06,6.5891e-05,-11441,638.58
-3.1218e-06,6.5857e-05,-11441,637.97
-3.1207e-06,6.5824e-05,-11441,637.37
-3.1195e-06,6.5791e-05,-11442,636.76
-3.1184e-06,6.5758e-05,-11442,636.16
-3.118e-06,6.5723e-05,-11445,635.57
-3.1184e-06,6.5651e-05,-11445,634.99
-3.1188e-06,6.5578e-05,-11445,634.4
-3.1193e-06,6.5506e-05,-11445,633.83
-3.1197e-06,6.5434e-05,-11445,633.25
-3.1201e-06,6.5362e-05,-11445,632.67
-3.1205e-06,6.529e-05,-11445,632.09
-3.1209e-06,6.5218e-05,-11444,631.51
-3.1214e-06,6.5147e-05,-11444,630.94
-3.1218e-06,6.5076e-05,-11444,630.37
-3.1222e-06,6.5003e-05,-11444,629.8
-3.1226e-06,6.4932e-05,-11444,629.23
-3.123e-06,6.4861e-05,-11444,628.66
-3.1234e-06,6.479e-05,-11444,628.1
-3.1238e-06,6.472e-05,-11444,627.53
-3.1242e-06,6.4648e-05,-11444,626.97
-3.1251e-06,6.4587e-05,-11445,626.5
-3.1267e-06,6.4475e-05,-11451,625.47
-3.1271e-06,6.4405e-05,-11450,624.92
-3.1275e-06,6.4335e-05,-11450,624.37
-3.1278e-06,6.4265e-05,-11450,623.82
-3.1281e-06,6.4197e-05,-11449,623.27
-3.1278e-06,6.4135e-05,-11447,622.73
-3.127e-06,6.4092e-05,-11447,622.14
-3.126e-06,6.4056e-05,-11448,621.56
-3.1251e-06,6.402e-05,-11448,620.98
-3.1242e-06,6.3984e-05,-11448,620.4
-3.1233e-06,6.3947e-05,-11449,619.82
-3.1223e-06,6.3911e-05,-11449,619.25
-3.1214e-06,6.3876e-05,-11449,618.68
-3.1205e-06,6.384e-05,-11449,618.12
-3.1196e-06,6.3804e-05,-11449,617.56
-3.1187e-06,6.3768e-05,-11449,616.99
-3.1177e-06,6.3733e-05,-11449,616.43
-3.1168e-06,6.3697e-05,-11449,615.88
-3.1148e-06,6.3683e-05,-11444,615.57
-3.114e-06,6.3646e-05,-11445,615.01
-3.1134e-06,6.3603e-05,-11445,614.45
-3.1131e-06,6.356e-05,-11446,613.89
-3.1139e-06,6.3497e-05,-11449,613.29
-3.1145e-06,6.3421e-05,-11452,612.58
-3.1153e-06,6.3344e-05,-11451,612.05
-3.116e-06,6.3266e-05,-11451,611.51
-3.1167e-06,6.3189e-05,-11451,610.98
-3.1175e-06,6.3111e-05,-11450,610.45
-3.1182e-06,6.3034e-05,-11450,609.91
-3.1193e-06,6.2951e-05,-11451,609.34
-3.1205e-06,6.281e-05,-11450,608.36
-3.1207e-06,6.2689e-05,-11447,607.42
-3.1206e-06,6.2596e-05,-11447,606.48
-3.1211e-06,6.2481e-05,-11448,605.48
-3.1216e-06,6.236e-05,-11448,604.5
-3.1221e-06,6.2242e-05,-11448,603.53
-3.1225e-06,6.2126e-05,-11448,602.55
-3.1228e-06,6.2011e-05,-11448,601.57
-3.1231e-06,6.1898e-05,-11448,600.59
-3.1314e-06,6.2183e-05,-11472,603.68
-2.2904e-06,-1.9382e-05,-9737.4,-253.83
