-4.8654e-06,-0.00022647,-23476,-2580.9
-4.9354e-06,-0.00020114,-23553,-2293.2
-5.0473e-06,-0.0001639,-23603,-1875.9
-5.1942e-06,-0.00012597,-23658,-1458.9
-5.3765e-06,-8.7379e-05,-23707,-1044
-5.5458e-06,-4.9255e-05,-23625,-639.48
-5.6541e-06,-2.2246e-05,-23518,-352.88
-5.7216e-06,-7.7026e-06,-23497,-198.74
-5.7639e-06,3.6315e-06,-23439,-78.41
-5.7877e-06,8.3996e-06,-23439,-27.909
-5.8014e-06,1.2701e-05,-23408,17.807
-5.8053e-06,1.3462e-05,-23408,25.863
-5.7936e-06,1.3505e-05,-23360,26.561
-5.7665e-06,8.0645e-06,-23360,-31.061
-5.737e-06,2.44e-06,-23354,-90.603
-5.7156e-06,-4.0919e-06,-23399,-160.01
-5.7054e-06,-6.6745e-06,-23410,-187.42
-5.6966e-06,-8.7113e-06,-23416,-209.02
-5.6886e-06,-1.0491e-05,-23419,-227.89
-5.6952e-06,-1.1498e-05,-23467,-238.79
-5.7024e-06,-7.4766e-06,-23414,-195.94
-5.6956e-06,-9.1045e-06,-23420,-213.21
-5.6919e-06,-1.0354e-05,-23430,-226.49
-5.6887e-06,-1.0901e-05,-23428,-232.27
-5.6877e-06,-1.1703e-05,-23441,-240.83
-5.6949e-06,-1.0936e-05,-23454,-232.78
-5.7052e-06,-8.3766e-06,-23444,-205.62
-5.7125e-06,-6.4004e-06,-23434,-184.63
-5.7135e-06,-5.3671e-06,-23417,-173.61
-5.7093e-06,-6.0771e-06,-23414,-181.11
-5.7119e-06,-6.7796e-06,-23439,-188.68
-5.7154e-06,-4.8386e-06,-23414,-167.99
-5.6981e-06,-6.5641e-06,-23378,-186.09
-5.6826e-06,-1.2326e-05,-23432,-247.39
-5.6971e-06,-1.1953e-05,-23484,-243.69
-5.7007e-06,-6.1732e-06,-23381,-181.97
-5.6767e-06,-1.1915e-05,-23400,-242.87
-5.6665e-06,-1.6369e-05,-23449,-290.3
-5.6705e-06,-1.5765e-05,-23453,-283.92
-5.6832e-06,-1.4218e-05,-23473,-267.63
-5.6974e-06,-1.0202e-05,-23450,-224.97
-5.7157e-06,-7.1862e-06,-23463,-193.1
-5.7355e-06,-1.8783e-06,-23436,-136.75
-5.7358e-06,4.2316e-07,-23390,-112.14
-5.7352e-06,-1.5116e-06,-23427,-132.82
-5.7384e-06,4.3083e-07,-23400,-112.12
-5.7378e-06,-3.5977e-07,-23414,-120.56
-5.7435e-06,5.1795e-07,-23420,-111.29
-5.7404e-06,1.6385e-06,-23384,-99.243
-5.7256e-06,-1.4928e-06,-23387,-132.42
-5.712e-06,-4.7347e-06,-23398,-166.81
-5.6876e-06,-8.7029e-06,-23379,-208.75
-5.664e-06,-1.5688e-05,-23425,-282.96
-5.6653e-06,-1.7777e-05,-23473,-305.32
-5.6905e-06,-1.3856e-05,-23496,-263.91
-5.7399e-06,-5.0872e-06,-23519,-171.15
-5.7637e-06,6.9237e-06,-23371,-43.202
-5.7634e-06,4.326e-06,-23423,-70.974
-5.7687e-06,7.0868e-06,-23389,-41.561
-5.7783e-06,6.9076e-06,-23431,-43.672
-5.7869e-06,1.1325e-05,-23377,3.3899
-5.7945e-06,1.0685e-05,-23421,-3.6161
-5.798e-06,1.4566e-05,-23356,37.821
-5.7965e-06,1.1967e-05,-23403,10.055
-5.7945e-06,1.3867e-05,-23356,30.41
-5.7891e-06,1.085e-05,-23396,-1.7363
-5.7814e-06,1.132e-05,-23354,3.4506
-5.7601e-06,6.2566e-06,-23370,-50.263
-5.7401e-06,2.087e-06,-23374,-94.441
-5.7354e-06,-1.6273e-06,-23430,-134.06
-5.7378e-06,3.2301e-07,-23400,-113.26
-5.7418e-06,-6.3898e-07,-23436,-123.62
-5.7491e-06,2.2666e-06,-23407,-92.705
-5.7598e-06,2.7663e-06,-23440,-87.577
-5.7904e-06,8.0249e-06,-23458,-31.972
-5.8432e-06,1.7856e-05,-23473,72.076
-5.8483e-06,2.8627e-05,-23275,187.15
-5.8169e-06,1.8988e-05,-23343,84.722
-5.7912e-06,1.4695e-05,-23326,39.339
-5.7734e-06,8.1438e-06,-23386,-30.355
-5.7622e-06,6.9375e-06,-23365,-43.026
-5.7518e-06,2.9993e-06,-23403,-84.924
-5.7465e-06,2.6637e-06,-23388,-88.406
-5.7513e-06,1.2427e-06,-23436,-103.7
-5.7592e-06,4.9702e-06,-23393,-64
-5.7698e-06,4.864e-06,-23438,-65.352
-5.7958e-06,1.0582e-05,-23428,-4.7408
-5.8337e-06,1.7167e-05,-23449,64.901
-5.8374e-06,2.5411e-05,-23296,152.98
-5.8148e-06,1.7774e-05,-23359,71.777
-5.7983e-06,1.5476e-05,-23339,47.545
-5.789e-06,1.0887e-05,-23394,-1.3366
-5.7853e-06,1.1522e-05,-23366,5.5259
-5.7807e-06,8.9021e-06,-23401,-22.396
-5.7773e-06,9.5933e-06,-23373,-14.935
-5.7757e-06,7.4075e-06,-23411,-38.275
-5.7738e-06,8.8776e-06,-23373,-22.517
-5.772e-06,6.6366e-06,-23412,-46.443
-5.7707e-06,8.1316e-06,-23376,-30.43
-5.7752e-06,6.504e-06,-23427,-47.924
-5.7803e-06,1.0175e-05,-23373,-8.7819
-5.7777e-06,8.0674e-06,-23406,-31.259
-5.7803e-06,9.3412e-06,-23390,-17.69
-5.7796e-06,9.289e-06,-23388,-18.234
-5.7667e-06,8.4163e-06,-23353,-27.303
-5.7548e-06,3.4864e-06,-23405,-79.778
-5.7456e-06,3.2527e-06,-23372,-82.089
-5.7413e-06,-3.362e-07,-23428,-120.38
-5.7385e-06,1.3579e-06,-23382,-102.2
-5.7359e-06,-1.558e-06,-23431,-133.33
-5.7334e-06,1.9073e-07,-23385,-114.58
-5.7327e-06,-2.5215e-06,-23437,-143.57
-5.7334e-06,-7.6826e-08,-23390,-117.44
-5.7319e-06,-2.4426e-06,-23432,-142.71
-5.7303e-06,-7.4146e-07,-23391,-124.49
-5.7293e-06,-3.1332e-06,-23436,-150.04
-5.7273e-06,-1.2359e-06,-23389,-129.71
-5.7166e-06,-4.4962e-06,-23412,-164.36
-5.7117e-06,-5.545e-06,-23413,-175.47
-5.7064e-06,-6.8549e-06,-23418,-189.37
-5.7089e-06,-7.4337e-06,-23440,-195.61
-5.7174e-06,-5.3963e-06,-23433,-174
-5.7093e-06,-4.6132e-06,-23384,-165.46
-5.7038e-06,-8.5026e-06,-23441,-206.94
-5.7097e-06,-6.6219e-06,-23427,-186.94
-5.7101e-06,-6.4239e-06,-23424,-184.84
-5.7096e-06,-6.4875e-06,-23424,-185.51
-5.7199e-06,-6.089e-06,-23457,-181.45
-5.7237e-06,-2.2802e-06,-23396,-140.81
-5.7197e-06,-4.6726e-06,-23428,-166.31
-5.7208e-06,-3.7672e-06,-23414,-156.65
-5.7116e-06,-4.6648e-06,-23395,-166.06
-5.7031e-06,-7.7133e-06,-23422,-198.48
-5.7113e-06,-7.5521e-06,-23452,-196.93
-5.7176e-06,-4.0553e-06,-23407,-159.66
-5.7182e-06,-5.2429e-06,-23433,-172.37
-5.7182e-06,-3.8524e-06,-23405,-157.5
-5.7109e-06,-5.6759e-06,-23412,-176.85
-5.7108e-06,-6.7553e-06,-23434,-188.39
-5.6946e-06,-6.6064e-06,-23365,-186.47
-5.6733e-06,-1.3795e-05,-23424,-262.91
-5.6783e-06,-1.5108e-05,-23471,-277.05
-5.6904e-06,-1.1184e-05,-23441,-235.34
-5.6895e-06,-1.0619e-05,-23426,-229.28
-5.6807e-06,-1.1934e-05,-23416,-243.16
-5.6718e-06,-1.4787e-05,-23438,-273.48
-5.6705e-06,-1.5314e-05,-23444,-279.09
-5.668e-06,-1.5451e-05,-23436,-280.5
-5.667e-06,-1.6478e-05,-23453,-291.47
-5.6787e-06,-1.5165e-05,-23474,-277.67
-5.6954e-06,-1.0814e-05,-23454,-231.48
-5.7061e-06,-7.9717e-06,-23440,-201.31
-5.7193e-06,-5.9427e-06,-23452,-179.88
-5.7478e-06,-1.1209e-06,-23470,-128.9
-5.7769e-06,6.9248e-06,-23425,-43.459
-5.7961e-06,1.0781e-05,-23425,-2.614
-5.8054e-06,1.4176e-05,-23394,33.499
-5.8049e-06,1.4068e-05,-23394,32.357
-5.795e-06,1.3521e-05,-23365,26.705
-5.7756e-06,9.6305e-06,-23365,-14.501
-5.7389e-06,4.9327e-06,-23311,-63.988
-5.669e-06,-6.6341e-06,-23261,-186.25
-5.5506e-06,-2.5344e-05,-23159,-383.91
-5.3794e-06,-5.6597e-05,-23096,-714.61
-5.1916e-06,-9.5423e-05,-23106,-1126.9
-5.0343e-06,-0.00013704,-23170,-1577.9
-4.9175e-06,-0.00017797,-23229,-2031.6
-4.8468e-06,-0.00021655,-23315,-2467.4
-8.6937e-07,-0.00020836,-5961.9,-2349.3
-1.6398e-06,7.8436e-05,-4959.9,813.42
-1.6722e-06,0.00010281,-4450.2,1081.8
-1.5483e-06,8.3278e-05,-4453.3,869.07
-1.4773e-06,6.5457e-05,-4607.6,675.18
-1.455e-06,6.1187e-05,-4619.1,629.06
-1.4314e-06,5.6945e-05,-4622.7,583.36
-1.406e-06,5.2738e-05,-4616.7,538.16
-1.3811e-06,4.8578e-05,-4610.4,493.54
-1.3582e-06,4.4338e-05,-4613,448.09
-1.3358e-06,4.0089e-05,-4615.9,402.62
-1.3136e-06,3.5832e-05,-4618.8,357.14
-1.2967e-06,3.1786e-05,-4636.8,313.92
-1.2847e-06,2.9405e-05,-4638.6,288.56
-1.2728e-06,2.7017e-05,-4640,263.16
-1.2608e-06,2.4608e-05,-4641.5,237.57
-1.2489e-06,2.2224e-05,-4642.3,212.26
-1.237e-06,1.9839e-05,-4642.7,186.98
-1.2251e-06,1.7451e-05,-4642.6,161.68
-1.2131e-06,1.5042e-05,-4642.8,136.17
-1.2012e-06,1.2658e-05,-4642.8,110.91
-1.1893e-06,1.0273e-05,-4642.8,85.654
-1.1774e-06,7.8852e-06,-4642.6,60.365
-1.1654e-06,5.4766e-06,-4642.8,34.854
-1.1535e-06,3.0919e-06,-4642.8,9.5973
-1.1416e-06,7.0728e-07,-4642.8,-15.659
-1.1297e-06,-1.6805e-06,-4642.6,-40.948
-1.1177e-06,-4.0891e-06,-4642.8,-66.459
-1.1058e-06,-6.4738e-06,-4642.8,-91.715
-1.0939e-06,-8.8584e-06,-4642.8,-116.97
-1.0821e-06,-1.1243e-05,-4642.8,-142.23
-1.0701e-06,-1.3631e-05,-4642.6,-167.52
-1.0581e-06,-1.6039e-05,-4642.7,-193.03
-1.0462e-06,-1.8424e-05,-4642.4,-218.31
-1.0448e-06,-2.0321e-05,-4674.4,-238.61
-1.0539e-06,-1.8513e-05,-4675.2,-219.42
-1.0629e-06,-1.6689e-05,-4675.4,-200.08
-1.0719e-06,-1.4883e-05,-4675.5,-180.94
-1.0809e-06,-1.3077e-05,-4675.5,-161.82
-1.09e-06,-1.1269e-05,-4675.6,-142.67
-1.099e-06,-9.4452e-06,-4675.5,-123.35
-1.108e-06,-7.6393e-06,-4675.5,-104.22
-1.117e-06,-5.8335e-06,-4675.5,-85.097
-1.1261e-06,-4.0253e-06,-4675.6,-65.947
-1.1352e-06,-2.2014e-06,-4675.5,-46.628
-1.1442e-06,-3.9557e-07,-4675.5,-27.503
-1.1532e-06,1.4102e-06,-4675.5,-8.3768
-1.1622e-06,3.2161e-06,-4675.5,10.749
-1.1712e-06,5.0243e-06,-4675.6,29.899
-1.1803e-06,6.8482e-06,-4675.5,49.218
-1.1893e-06,8.654e-06,-4675.5,68.344
-1.1983e-06,1.046e-05,-4675.5,87.47
-1.2073e-06,1.2268e-05,-4675.6,106.62
-1.2162e-06,1.4092e-05,-4674.8,125.94
-1.2247e-06,1.5909e-05,-4672.3,145.19
-1.2328e-06,1.7733e-05,-4668.2,164.54
-1.2326e-06,1.9137e-05,-4638.8,179.56
-1.2242e-06,1.7288e-05,-4642.2,159.96
-1.2157e-06,1.5459e-05,-4644.9,140.57
-1.207e-06,1.3633e-05,-4646.7,121.22
-1.1981e-06,1.181e-05,-4647.1,101.92
-1.189e-06,9.9784e-06,-4647.2,82.512
-1.1799e-06,8.1647e-06,-4647.2,63.302
-1.1709e-06,6.351e-06,-4647.2,44.093
-1.1618e-06,4.5373e-06,-4647.2,24.883
-1.1527e-06,2.7212e-06,-4647.1,5.6491
-1.1437e-06,8.8924e-07,-4647.2,-13.754
-1.1346e-06,-9.2447e-07,-4647.2,-32.963
-1.1256e-06,-2.7382e-06,-4647.2,-52.173
-1.1165e-06,-4.5543e-06,-4647.1,-71.407
-1.1093e-06,-6.2986e-06,-4653.1,-89.912
-1.104e-06,-7.3596e-06,-4653.1,-101.15
-1.1032e-06,-8.2069e-06,-4667.4,-110.19
-1.1071e-06,-7.4302e-06,-4667.5,-101.97
-1.1162e-06,-6.4061e-06,-4683.6,-91.202
-1.1303e-06,-3.5636e-06,-4683.6,-61.096
-1.1445e-06,-7.2114e-07,-4683.6,-30.991
-1.1588e-06,2.1251e-06,-4683.8,-0.84712
-1.173e-06,4.9961e-06,-4683.6,29.562
-1.1872e-06,7.8386e-06,-4683.6,59.667
-1.207e-06,1.0943e-05,-4701.1,92.459
-1.2316e-06,1.6055e-05,-4697.7,146.62
-1.2728e-06,2.1898e-05,-4746.5,208.28
-1.3319e-06,3.3049e-05,-4754.1,326.76
-1.3923e-06,4.4171e-05,-4757.1,445.51
-1.4539e-06,5.5265e-05,-4755.5,564.53
-1.5177e-06,6.6332e-05,-4754,683.76
-1.5841e-06,7.7325e-05,-4756,802.63
-1.6541e-06,8.8271e-05,-4765.2,921.38
-1.7253e-06,9.9126e-05,-4774.3,1039.5
-1.6743e-06,0.00010556,-4382.7,1112.4
-8.9482e-07,4.3473e-05,-2720.8,449.37
