0.00034323,-0.011258,-78634,-19853
-1.5443e-05,-0.0031446,-94301,-19784
-2.474e-05,-0.0013382,-80588,-10315
-2.4592e-05,-0.00042953,-93584,-3093.6
-2.5799e-05,9.2338e-05,-98020,621.93
-2.6297e-05,0.00042692,-99849,2961.7
-2.6369e-05,0.00047773,-1.0039e+05,3300.9
-2.6353e-05,0.00047144,-99658,3302.9
-2.6174e-05,0.00041488,-98989,2904.9
-2.6012e-05,0.00035013,-98530,2442
-2.5859e-05,0.00027502,-98035,1911.8
-2.5673e-05,0.00020839,-97404,1441.6
-2.5501e-05,0.000142,-96826,973
-2.5339e-05,8.2822e-05,-96280,555.33
-2.5223e-05,2.6966e-05,-95905,161.07
-2.5201e-05,1.4034e-06,-95850,-19.401
-2.526e-05,1.496e-05,-96059,76.25
-2.5363e-05,5.8527e-05,-96398,383.76
-2.547e-05,0.00010205,-96757,690.93
-2.5579e-05,0.00015595,-97108,1071.4
-2.5672e-05,0.00019667,-97416,1358.8
-2.5734e-05,0.00023215,-97608,1609.2
-2.5787e-05,0.00025174,-97787,1747.6
-2.5834e-05,0.00027842,-97938,1935.9
-2.5893e-05,0.00029034,-98148,2020
-2.5919e-05,0.00031503,-98216,2194.3
-2.5979e-05,0.00033197,-98426,2313.8
-2.601e-05,0.00036205,-98540,2524.1
-2.6054e-05,0.00037376,-98698,2606.4
-2.6099e-05,0.00039771,-98860,2774.3
-2.6154e-05,0.00041509,-99058,2896.4
-2.6213e-05,0.00044826,-99251,3130.3
-2.6242e-05,0.00046285,-99342,3233.4
-2.6235e-05,0.00046855,-99310,3273.7
-2.6244e-05,0.00046639,-99408,3254.2
-2.6263e-05,0.00048049,-99485,3352.1
-2.6283e-05,0.00048238,-99587,3363.6
-2.6328e-05,0.00050939,-99837,3547
-2.6402e-05,0.00053298,-1.0008e+05,3714.5
-2.6478e-05,0.00056949,-1.0023e+05,3978.9
-2.6471e-05,0.00057256,-1.0016e+05,4004.1
-2.6471e-05,0.00058313,-1.0015e+05,4078.7
-2.6433e-05,0.00057124,-1.0012e+05,3987.9
-2.639e-05,0.00056481,-1e+05,3940.2
-2.6352e-05,0.00054014,-1.0002e+05,3757.2
-2.6311e-05,0.00053684,-99963,3728.2
-2.6279e-05,0.00052182,-99926,3617
-2.6262e-05,0.00052622,-99898,3645.7
-2.6253e-05,0.00051876,-99939,3588.4
-2.6233e-05,0.00051747,-99901,3576.9
-2.6246e-05,0.00050802,-99957,3510
-2.6279e-05,0.00052053,-1.0002e+05,3601.9
-2.627e-05,0.0005224,-99998,3614.2
-2.6281e-05,0.00052183,-99973,3614.5
-2.6236e-05,0.00050364,-99783,3488.2
-2.6201e-05,0.00049152,-99597,3406.9
-2.6146e-05,0.00045517,-99388,3152
-2.6092e-05,0.00043394,-99156,3005
-2.6029e-05,0.00038679,-98738,2687.6
-2.5964e-05,0.00034503,-98355,2406
-2.5944e-05,0.00033275,-98293,2319.3
-2.5975e-05,0.00033282,-98411,2319.8
-2.6047e-05,0.00036774,-98733,2560
-2.6081e-05,0.00040574,-98970,2817.8
-2.6093e-05,0.00040617,-99010,2821.4
-2.6088e-05,0.00041051,-98957,2854.2
-2.6064e-05,0.00039509,-98844,2747.9
-2.6034e-05,0.0003888,-98720,2704.7
-2.5958e-05,0.00035959,-98408,2502.4
-2.5914e-05,0.00032174,-98191,2241.6
-2.5848e-05,0.0002922,-97975,2033.2
-2.5775e-05,0.00027132,-97743,1884.2
-2.5704e-05,0.00023623,-97500,1637.5
-2.5631e-05,0.00020767,-97246,1436.5
-2.5564e-05,0.00017317,-97030,1193
-2.5482e-05,0.00014465,-96752,991.75
-2.5407e-05,0.00010594,-96513,718.53
-2.5351e-05,7.9398e-05,-96328,531.15
-2.5292e-05,5.4721e-05,-96132,356.98
-2.5234e-05,2.9476e-05,-95944,178.79
-2.519e-05,5.2927e-06,-95803,8.0881
-2.5136e-05,-1.1535e-05,-95618,-110.67
-2.5077e-05,-4.0558e-05,-95426,-315.52
-2.5011e-05,-6.5494e-05,-95203,-491.52
-2.4918e-05,-0.0001032,-94896,-757.66
-2.482e-05,-0.00014402,-94570,-1045.8
-2.4733e-05,-0.00018963,-94291,-1367.7
-2.4637e-05,-0.00022358,-93968,-1607.3
-2.4545e-05,-0.00026975,-93671,-1933.2
-2.4475e-05,-0.00030426,-93445,-2176.8
-2.4399e-05,-0.00033599,-93206,-2399.7
-2.4333e-05,-0.0003639,-93045,-2592.8
-2.4282e-05,-0.00039106,-92865,-2785.9
-2.4245e-05,-0.00040477,-92727,-2883.8
-2.4215e-05,-0.00042816,-92568,-3054.4
-2.4178e-05,-0.00044017,-92383,-3143
-2.4139e-05,-0.00045927,-92312,-3273.9
-2.4103e-05,-0.00047026,-92185,-3352.4
-2.4074e-05,-0.00048621,-92054,-3469.2
-2.4075e-05,-0.00049158,-92002,-3512.3
-2.4061e-05,-0.00049445,-92057,-3526.6
-2.4044e-05,-0.00049754,-92107,-3542.3
-2.4043e-05,-0.00050723,-91917,-3624.1
-2.403e-05,-0.00050585,-91926,-3610.9
-2.4034e-05,-0.00050768,-91988,-3621.6
-2.4064e-05,-0.00049995,-92122,-3564.6
-2.4047e-05,-0.00049433,-92388,-3503.3
-2.4001e-05,-0.00048669,-92191,-3449.5
-2.3982e-05,-0.00047999,-92495,-3376.3
-2.3938e-05,-0.00047284,-92756,-3294.9
-2.3923e-05,-0.00046571,-92617,-3248.7
-2.3969e-05,-0.00045338,-93122,-3134.1
-2.4009e-05,-0.00044015,-93067,-3052.9
-2.4041e-05,-0.00042894,-92999,-2984.7
-2.4099e-05,-0.00042141,-93101,-2938.9
-2.4161e-05,-0.0004058,-93095,-2843.1
-2.4185e-05,-0.00039587,-93042,-2781.9
-2.4201e-05,-0.00038647,-92980,-2723.1
-2.4256e-05,-0.00038591,-93183,-2719.9
-2.4274e-05,-0.00036553,-93026,-2589.6
-2.4316e-05,-0.00036411,-93180,-2580
-2.4379e-05,-0.00034633,-93281,-2462.8
-2.4394e-05,-0.00034189,-93326,-2432.1
-2.4396e-05,-0.00033569,-93316,-2389.1
-2.4478e-05,-0.00032391,-93578,-2308.7
-2.4509e-05,-0.00030428,-93627,-2173.2
-2.4542e-05,-0.00030163,-93747,-2154.8
-2.4603e-05,-0.00028106,-93922,-2011.9
-2.4581e-05,-0.00027865,-93835,-1994.9
-2.4575e-05,-0.0002736,-93801,-1959.6
-2.4576e-05,-0.00027406,-93808,-1962.7
-2.4578e-05,-0.00026731,-93799,-1915.5
-2.4573e-05,-0.00027005,-93787,-1934.7
-2.4582e-05,-0.00026863,-93819,-1924.8
-2.4577e-05,-0.00026503,-93791,-1899.6
-2.457e-05,-0.00027369,-93775,-1960.6
-2.4555e-05,-0.00027469,-93714,-1968.1
-2.4532e-05,-0.00028604,-93640,-2048.2
-2.4521e-05,-0.00029413,-93610,-2105.3
-2.4499e-05,-0.00029768,-93527,-2130.3
-2.4508e-05,-0.00030888,-93574,-2209.4
-2.4551e-05,-0.00028662,-93713,-2052.3
-2.4591e-05,-0.0002711,-93847,-1942.8
-2.4611e-05,-0.00025529,-93905,-1831.2
-2.4638e-05,-0.00025196,-94005,-1807.7
-2.4684e-05,-0.00022813,-94151,-1639.5
-2.4738e-05,-0.00021345,-94338,-1535.9
-2.4839e-05,-0.00017133,-94674,-1238.7
-2.4955e-05,-0.00012816,-95065,-933.92
-2.5101e-05,-6.8906e-05,-95550,-515.72
-2.5299e-05,1.0174e-05,-96213,42.421
-2.5554e-05,0.0001133,-97063,770.28
-2.5836e-05,0.00022976,-97998,1592.3
-2.6133e-05,0.00036926,-99022,2573
-2.6353e-05,0.00048134,-99474,3382.3
-2.637e-05,0.00051424,-99345,3625.4
-2.6196e-05,0.00049338,-99265,3440.9
-2.6135e-05,0.00046161,-99392,3192.7
-2.6017e-05,0.00040842,-98773,2832.9
-2.5796e-05,0.00034125,-97722,2379.5
-2.5447e-05,0.00023347,-96519,1618.9
-2.5046e-05,8.0977e-05,-95168,542.63
-2.4685e-05,-5.7446e-05,-93954,-434.36
-2.4365e-05,-0.00017964,-92880,-1296.8
-2.4077e-05,-0.00028374,-91908,-2031.4
-2.3994e-05,-0.00037564,-91579,-2688.9
-2.387e-05,-0.00046741,-90448,-3387.8
-2.3588e-05,-0.00055963,-88013,-4128
-2.5281e-05,-0.0006167,-93954,-4566.8
-2.5687e-05,-0.00055178,-98136,-3942.8
-2.6973e-05,5.2729e-05,-1.0253e+05,341.07
-2.7659e-05,0.00033943,-1.0481e+05,2364.7
-2.8001e-05,0.00059491,-1.0587e+05,4180.7
-2.7929e-05,0.00059107,-1.0667e+05,4085.4
-2.8125e-05,0.00056834,-1.0643e+05,3983.2
-2.802e-05,0.00055329,-1.0579e+05,3889.8
-2.7791e-05,0.00054981,-1.0637e+05,3766
-2.7713e-05,0.00053827,-1.0596e+05,3692.2
-2.7696e-05,0.00052449,-1.0579e+05,3602.7
-2.7669e-05,0.00051121,-1.0564e+05,3512
-2.7646e-05,0.00049758,-1.0547e+05,3422.2
-2.7599e-05,0.00049231,-1.052e+05,3390.9
-2.7587e-05,0.00048472,-1.0513e+05,3339.8
-2.7571e-05,0.00047706,-1.0502e+05,3288.9
-2.7561e-05,0.00046962,-1.0498e+05,3237.1
-2.7557e-05,0.00046184,-1.0493e+05,3185.1
-2.7552e-05,0.00045389,-1.0484e+05,3133.5
-2.7542e-05,0.00044644,-1.0478e+05,3083.2
-2.7543e-05,0.00043845,-1.0474e+05,3030.4
-2.7537e-05,0.00043048,-1.0466e+05,2978.6
-2.7531e-05,0.000423,-1.0459e+05,2929.3
-2.7532e-05,0.00041487,-1.0455e+05,2875.3
-2.7525e-05,0.00040696,-1.0447e+05,2823.7
-2.7522e-05,0.00039933,-1.0442e+05,2773.1
-2.7523e-05,0.00039124,-1.0438e+05,2719.7
-2.7519e-05,0.00038324,-1.0432e+05,2667
-2.7513e-05,0.00037543,-1.0427e+05,2614.5
-2.7511e-05,0.00036763,-1.0425e+05,2561.1
-2.7498e-05,0.0003598,-1.0419e+05,2507
-2.748e-05,0.00035239,-1.0412e+05,2455.4
-2.7461e-05,0.00034493,-1.0406e+05,2403.2
-2.7442e-05,0.00033757,-1.0399e+05,2351.5
-2.7423e-05,0.00033021,-1.0392e+05,2299.7
-2.7402e-05,0.00032288,-1.0385e+05,2248
-2.7382e-05,0.00031549,-1.0378e+05,2195.8
-2.7361e-05,0.00030817,-1.0371e+05,2144.2
-2.7341e-05,0.00030084,-1.0364e+05,2092.5
-2.732e-05,0.00029352,-1.0357e+05,2040.8
-2.73e-05,0.00028612,-1.035e+05,1988.6
-2.728e-05,0.0002788,-1.0344e+05,1936.9
-2.7259e-05,0.00027148,-1.0337e+05,1885.2
-2.7239e-05,0.00026415,-1.033e+05,1833.5
-2.7218e-05,0.00025676,-1.0323e+05,1781.3
-2.7198e-05,0.00024944,-1.0316e+05,1729.7
-2.7177e-05,0.00024212,-1.0309e+05,1678
-2.7157e-05,0.0002348,-1.0302e+05,1626.3
-2.7137e-05,0.00022747,-1.0295e+05,1574.6
-2.7116e-05,0.00022008,-1.0288e+05,1522.4
-2.7096e-05,0.00021276,-1.0281e+05,1470.8
-2.7075e-05,0.00020544,-1.0274e+05,1419.1
-2.7055e-05,0.00019811,-1.0267e+05,1367.4
-2.7035e-05,0.00019072,-1.026e+05,1315.2
-2.7014e-05,0.0001834,-1.0254e+05,1263.6
-2.6994e-05,0.00017608,-1.0247e+05,1211.9
-2.6974e-05,0.00016875,-1.024e+05,1160.2
-2.6954e-05,0.00016133,-1.0233e+05,1107.8
-2.6935e-05,0.00015399,-1.0227e+05,1056
-2.6915e-05,0.00014665,-1.022e+05,1004.2
-2.6895e-05,0.0001393,-1.0213e+05,952.34
-2.6876e-05,0.00013189,-1.0207e+05,900
-2.6856e-05,0.00012454,-1.02e+05,848.19
-2.6836e-05,0.0001172,-1.0194e+05,796.38
-2.6817e-05,0.00010986,-1.0187e+05,744.57
-2.6797e-05,0.00010251,-1.018e+05,692.69
-2.6777e-05,9.5098e-05,-1.0174e+05,640.36
-2.6758e-05,8.7758e-05,-1.0167e+05,588.55
-2.6738e-05,8.0417e-05,-1.0160e+05,536.74
-2.6718e-05,7.3067e-05,-1.0154e+05,484.86
-2.6699e-05,6.5652e-05,-1.0147e+05,432.53
-2.6679e-05,5.8317e-05,-1.0140e+05,380.75
-2.6659e-05,5.0981e-05,-1.0134e+05,328.98
-2.6639e-05,4.3647e-05,-1.0127e+05,277.22
-2.6618e-05,3.625e-05,-1.012e+05,225.01
-2.6598e-05,2.8939e-05,-1.0113e+05,173.41
-2.6577e-05,2.1627e-05,-1.0106e+05,121.81
-2.6556e-05,1.4306e-05,-1.0099e+05,70.142
-2.6536e-05,6.9214e-06,-1.0092e+05,18.021
-2.6515e-05,-3.8998e-07,-1.0085e+05,-33.581
-2.6486e-05,-8.365e-06,-1.0075e+05,-89.858
-2.6449e-05,-2.1491e-05,-1.0062e+05,-182.5
-2.6413e-05,-3.4624e-05,-1.005e+05,-275.19
-2.6378e-05,-4.7815e-05,-1.0038e+05,-368.29
-2.6342e-05,-6.097e-05,-1.0026e+05,-461.13
-2.6305e-05,-7.4104e-05,-1.0014e+05,-553.83
-2.6269e-05,-8.724e-05,-1.0001e+05,-646.53
-2.6239e-05,-9.9755e-05,-99917,-734.87
-2.6017e-05,-0.00012419,-99100,-907.15
-2.5176e-05,-0.00033809,-96430,-2397.2
-2.5891e-05,-0.00097258,-91416,-7395
5.73e-05,-0.0035378,64470,-16063
