-4.7103e-06,-0.00026672,-23059,-3043.4
-4.7695e-06,-0.00023624,-23138,-2692.1
-4.8757e-06,-0.00019142,-23201,-2182.6
-5.0286e-06,-0.00014572,-23279,-1673.5
-5.2363e-06,-9.9078e-05,-23362,-1167
-5.4344e-06,-5.2985e-05,-23247,-677.1
-5.5548e-06,-2.3054e-05,-23129,-359.5
-5.627e-06,-6.9354e-06,-23096,-188.62
-5.6697e-06,4.5339e-06,-23037,-66.846
-5.6936e-06,9.3199e-06,-23037,-16.155
-5.7071e-06,1.3622e-05,-23004,29.572
-5.7102e-06,1.425e-05,-23004,36.222
-5.6993e-06,1.4225e-05,-22960,36.177
-5.6743e-06,9.213e-06,-22960,-16.906
-5.6453e-06,3.94e-06,-22949,-72.7
-5.6227e-06,-2.8353e-06,-22995,-144.69
-5.6116e-06,-5.7134e-06,-23008,-175.24
-5.602e-06,-7.8951e-06,-23013,-198.37
-5.5929e-06,-9.8855e-06,-23017,-219.47
-5.5979e-06,-1.1199e-05,-23064,-233.61
-5.6052e-06,-7.5328e-06,-23019,-194.56
-5.6013e-06,-8.583e-06,-23025,-205.71
-5.5996e-06,-9.1513e-06,-23029,-211.75
-5.5957e-06,-9.6433e-06,-23023,-216.94
-5.5921e-06,-1.0881e-05,-23034,-230.1
-5.5949e-06,-1.0993e-05,-23048,-231.35
-5.6003e-06,-9.4942e-06,-23039,-215.43
-5.6049e-06,-8.5789e-06,-23039,-205.74
-5.6078e-06,-7.472e-06,-23028,-193.96
-5.61e-06,-7.1585e-06,-23031,-190.66
-5.6162e-06,-6.2324e-06,-23037,-180.88
-5.62e-06,-4.4108e-06,-23016,-161.48
-5.6032e-06,-5.833e-06,-22976,-176.34
-5.5869e-06,-1.1745e-05,-23030,-239.23
-5.6e-06,-1.1629e-05,-23081,-238.26
-5.6027e-06,-6.1868e-06,-22982,-180.12
-5.5788e-06,-1.1959e-05,-23001,-241.35
-5.5687e-06,-1.6334e-05,-23049,-287.93
-5.5728e-06,-1.5734e-05,-23054,-281.59
-5.5854e-06,-1.4187e-05,-23074,-265.31
-5.5994e-06,-1.0217e-05,-23050,-223.14
-5.6175e-06,-7.2447e-06,-23063,-191.73
-5.6371e-06,-1.9729e-06,-23036,-135.76
-5.6373e-06,2.9036e-07,-22991,-111.56
-5.6367e-06,-1.6479e-06,-23028,-132.27
-5.6398e-06,2.6672e-07,-23001,-111.86
-5.6392e-06,-5.3395e-07,-23015,-120.41
-5.6446e-06,3.1334e-07,-23020,-111.47
-5.6415e-06,1.3945e-06,-22985,-99.839
-5.6267e-06,-1.7274e-06,-22989,-132.92
-5.6131e-06,-4.9443e-06,-22999,-167.04
-5.589e-06,-8.9284e-06,-22981,-209.15
-5.5658e-06,-1.579e-05,-23026,-282.06
-5.567e-06,-1.784e-05,-23073,-304
-5.5923e-06,-1.3957e-05,-23097,-262.99
-5.6418e-06,-5.1197e-06,-23119,-169.5
-5.6659e-06,6.8916e-06,-22973,-41.556
-5.666e-06,4.4223e-06,-23024,-67.962
-5.6713e-06,7.2059e-06,-22989,-38.308
-5.6806e-06,6.9948e-06,-23031,-40.752
-5.6887e-06,1.1289e-05,-22977,4.9987
-5.6961e-06,1.0546e-05,-23022,-3.0955
-5.7001e-06,1.4516e-05,-22958,39.279
-5.6989e-06,1.2026e-05,-23003,12.668
-5.6969e-06,1.3938e-05,-22956,33.154
-5.6913e-06,1.0877e-05,-22996,0.53793
-5.6833e-06,1.1302e-05,-22954,5.2505
-5.6617e-06,6.1517e-06,-22971,-49.383
-5.6418e-06,1.9884e-06,-22975,-93.496
-5.6372e-06,-1.6858e-06,-23031,-132.69
-5.6394e-06,2.0728e-07,-23001,-112.49
-5.6432e-06,-7.6814e-07,-23036,-123
-5.6504e-06,2.0666e-06,-23008,-92.835
-5.6611e-06,2.6026e-06,-23041,-87.321
-5.692e-06,7.8474e-06,-23060,-31.869
-5.7452e-06,1.7822e-05,-23075,73.709
-5.751e-06,2.8684e-05,-22877,189.74
-5.7201e-06,1.9205e-05,-22944,89.01
-5.6947e-06,1.4974e-05,-22926,44.279
-5.6769e-06,8.4675e-06,-22986,-24.93
-5.6654e-06,7.2052e-06,-22965,-38.193
-5.6544e-06,3.1811e-06,-23002,-81
-5.6486e-06,2.6987e-06,-22988,-86.04
-5.6526e-06,1.1534e-06,-23036,-102.64
-5.6604e-06,4.7042e-06,-22996,-64.835
-5.6715e-06,4.7472e-06,-23040,-64.6
-5.6985e-06,1.0559e-05,-23032,-3.0013
-5.7382e-06,1.7554e-05,-23051,70.985
-5.7428e-06,2.611e-05,-22896,162.38
-5.7202e-06,1.8527e-05,-22958,81.751
-5.7028e-06,1.6152e-05,-22936,56.712
-5.6919e-06,1.1231e-05,-22991,4.309
-5.687e-06,1.1472e-05,-22966,6.9905
-5.6818e-06,8.7435e-06,-23001,-22.079
-5.6781e-06,9.2869e-06,-22974,-16.194
-5.6765e-06,7.1362e-06,-23012,-39.159
-5.6748e-06,8.5823e-06,-22975,-23.659
-5.6731e-06,6.405e-06,-23012,-46.907
-5.6718e-06,7.8963e-06,-22977,-30.934
-5.6762e-06,6.2917e-06,-23028,-48.182
-5.6815e-06,9.908e-06,-22976,-9.6206
-5.6795e-06,7.9468e-06,-23007,-30.55
-5.6822e-06,9.2957e-06,-22991,-16.181
-5.6816e-06,9.2436e-06,-22989,-16.727
-5.6689e-06,8.43e-06,-22954,-25.169
-5.6571e-06,3.5468e-06,-23006,-77.144
-5.648e-06,3.2829e-06,-22974,-79.78
-5.6437e-06,-2.5684e-07,-23028,-117.54
-5.6409e-06,1.3993e-06,-22983,-99.778
-5.6384e-06,-1.4527e-06,-23031,-130.22
-5.636e-06,2.7943e-07,-22986,-111.65
-5.6353e-06,-2.3846e-06,-23037,-140.12
-5.6357e-06,-1.4363e-08,-22991,-114.79
-5.6343e-06,-2.3941e-06,-23033,-140.2
-5.6328e-06,-6.5774e-07,-22992,-121.61
-5.6319e-06,-3.0377e-06,-23036,-147.04
-5.6298e-06,-1.1532e-06,-22990,-126.84
-5.6192e-06,-4.4083e-06,-23013,-161.44
-5.6143e-06,-5.4352e-06,-23013,-172.31
-5.6088e-06,-6.789e-06,-23019,-186.68
-5.6112e-06,-7.3786e-06,-23040,-193.03
-5.6196e-06,-5.3784e-06,-23034,-171.82
-5.6119e-06,-4.559e-06,-22986,-162.9
-5.6064e-06,-8.3607e-06,-23041,-203.44
-5.6117e-06,-6.5875e-06,-23026,-184.59
-5.6116e-06,-6.5224e-06,-23025,-183.89
-5.6107e-06,-6.6697e-06,-23024,-185.44
-5.6201e-06,-6.4292e-06,-23057,-183.06
-5.6231e-06,-2.8376e-06,-22997,-144.72
-5.6193e-06,-5.3103e-06,-23031,-171.08
-5.6209e-06,-4.2434e-06,-23016,-159.71
-5.6143e-06,-4.9509e-06,-23004,-167.14
-5.6089e-06,-7.0514e-06,-23024,-189.49
-5.6159e-06,-6.6664e-06,-23045,-185.51
-5.6192e-06,-4.0627e-06,-23006,-157.74
-5.62e-06,-5.4192e-06,-23037,-172.26
-5.6205e-06,-3.7018e-06,-23004,-153.91
-5.6128e-06,-5.7286e-06,-23014,-175.42
-5.6128e-06,-6.7777e-06,-23035,-186.64
-5.5973e-06,-6.5894e-06,-22968,-184.31
-5.577e-06,-1.3521e-05,-23026,-258.02
-5.5822e-06,-1.468e-05,-23071,-270.51
-5.5949e-06,-1.0749e-05,-23043,-228.74
-5.5933e-06,-9.9969e-06,-23020,-220.67
-5.5832e-06,-1.1843e-05,-23017,-240.21
-5.574e-06,-1.4723e-05,-23038,-270.81
-5.5722e-06,-1.533e-05,-23043,-277.26
-5.569e-06,-1.5645e-05,-23036,-280.57
-5.5672e-06,-1.6793e-05,-23052,-292.81
-5.5779e-06,-1.5739e-05,-23075,-281.76
-5.5956e-06,-1.1484e-05,-23060,-236.61
-5.6101e-06,-7.9677e-06,-23048,-199.31
-5.6261e-06,-4.9847e-06,-23052,-167.74
-5.6545e-06,2.9211e-08,-23066,-114.7
-5.6827e-06,7.8115e-06,-23023,-32.064
-5.7015e-06,1.1566e-05,-23023,7.6993
-5.7096e-06,1.4829e-05,-22990,42.421
-5.7073e-06,1.4359e-05,-22990,37.452
-5.6974e-06,1.354e-05,-22967,28.891
-5.68e-06,1.0038e-05,-22967,-8.1976
-5.6445e-06,5.6943e-06,-22910,-53.924
-5.5716e-06,-5.9439e-06,-22850,-176.89
-5.4435e-06,-2.6101e-05,-22737,-389.82
-5.2524e-06,-6.0324e-05,-22654,-751.88
-5.0449e-06,-0.00010472,-22677,-1224.7
-4.8799e-06,-0.00015349,-22765,-1757.6
-4.7675e-06,-0.00020134,-22840,-2293.7
-4.7059e-06,-0.00024641,-22928,-2808.6
-9.7312e-07,-0.00024261,-6508.4,-2750.1
-1.5108e-06,2.779e-05,-5589.5,266.99
-1.511e-06,2.7785e-05,-5587.4,267.13
-1.5106e-06,2.7808e-05,-5587.4,267.25
-1.5103e-06,2.7833e-05,-5588,267.36
-1.5103e-06,2.7846e-05,-5588,267.48
-1.5102e-06,2.786e-05,-5588,267.59
-1.5101e-06,2.7874e-05,-5588,267.7
-1.5101e-06,2.7888e-05,-5588,267.82
-1.51e-06,2.7903e-05,-5588,267.93
-1.5099e-06,2.7917e-05,-5588,268.05
-1.5098e-06,2.7932e-05,-5588,268.16
-1.5098e-06,2.7946e-05,-5588,268.27
-1.5097e-06,2.7955e-05,-5588,268.34
-1.5097e-06,2.7963e-05,-5588,268.4
-1.5096e-06,2.7972e-05,-5588.1,268.47
-1.5096e-06,2.7978e-05,-5588,268.53
-1.5094e-06,2.7987e-05,-5587.6,268.6
-1.5089e-06,2.8002e-05,-5587.1,268.66
-1.5082e-06,2.8027e-05,-5586.9,268.73
-1.5076e-06,2.8052e-05,-5586.9,268.8
-1.5068e-06,2.8077e-05,-5586.9,268.87
-1.5061e-06,2.8103e-05,-5586.9,268.93
-1.5054e-06,2.813e-05,-5586.9,269
-1.5047e-06,2.8156e-05,-5586.9,269.07
-1.5039e-06,2.8182e-05,-5586.9,269.14
-1.5032e-06,2.8208e-05,-5586.9,269.21
-1.5025e-06,2.8233e-05,-5587,269.28
-1.5019e-06,2.8259e-05,-5587,269.35
-1.5012e-06,2.8284e-05,-5587,269.41
-1.5005e-06,2.8309e-05,-5587,269.48
-1.4999e-06,2.8334e-05,-5587,269.56
-1.4992e-06,2.8359e-05,-5587,269.63
-1.4986e-06,2.8384e-05,-5587,269.7
-1.4985e-06,2.8406e-05,-5589,269.77
-1.4991e-06,2.84e-05,-5589,269.84
-1.4996e-06,2.8393e-05,-5589,269.91
-1.5001e-06,2.8387e-05,-5589,269.99
-1.5007e-06,2.838e-05,-5589,270.06
-1.5012e-06,2.8373e-05,-5589,270.13
-1.5018e-06,2.8367e-05,-5589,270.21
-1.5023e-06,2.836e-05,-5589,270.28
-1.5029e-06,2.8353e-05,-5589,270.36
-1.5035e-06,2.8346e-05,-5589.1,270.43
-1.5041e-06,2.8339e-05,-5589.1,270.51
-1.5047e-06,2.8332e-05,-5589.1,270.59
-1.5053e-06,2.8324e-05,-5589.1,270.66
-1.5059e-06,2.8317e-05,-5589.1,270.74
-1.5065e-06,2.831e-05,-5589.1,270.82
-1.5071e-06,2.8302e-05,-5589.1,270.9
-1.5077e-06,2.8295e-05,-5589.1,270.97
-1.5083e-06,2.8288e-05,-5589.1,271.05
-1.5089e-06,2.828e-05,-5589.1,271.13
-1.5095e-06,2.8273e-05,-5589.1,271.21
-1.5101e-06,2.8266e-05,-5589.1,271.29
-1.5106e-06,2.826e-05,-5588.8,271.37
-1.5106e-06,2.826e-05,-5587.6,271.45
-1.5102e-06,2.8276e-05,-5587.3,271.53
-1.5096e-06,2.8299e-05,-5587.2,271.62
-1.5091e-06,2.8322e-05,-5587.2,271.7
-1.5085e-06,2.8344e-05,-5587.2,271.78
-1.508e-06,2.8367e-05,-5587.2,271.86
-1.5075e-06,2.839e-05,-5587.2,271.95
-1.5069e-06,2.8413e-05,-5587.2,272.03
-1.5064e-06,2.8436e-05,-5587.2,272.11
-1.5059e-06,2.8459e-05,-5587.2,272.2
-1.5053e-06,2.8482e-05,-5587.2,272.28
-1.5048e-06,2.8505e-05,-5587.2,272.37
-1.5043e-06,2.8528e-05,-5587.2,272.45
-1.5037e-06,2.8551e-05,-5587.2,272.54
-1.5033e-06,2.8574e-05,-5587.6,272.62
-1.503e-06,2.859e-05,-5587.6,272.71
-1.503e-06,2.8606e-05,-5588.5,272.8
-1.5033e-06,2.8608e-05,-5588.6,272.88
-1.5039e-06,2.861e-05,-5589.6,272.97
-1.5048e-06,2.8595e-05,-5589.6,273.06
-1.5057e-06,2.858e-05,-5589.7,273.15
-1.5067e-06,2.8565e-05,-5589.7,273.23
-1.5076e-06,2.855e-05,-5589.7,273.32
-1.5085e-06,2.8535e-05,-5589.7,273.41
-1.5099e-06,2.852e-05,-5590.9,273.51
-1.5114e-06,2.8491e-05,-5590.5,273.65
-1.5123e-06,2.848e-05,-5588.9,273.83
-1.5128e-06,2.8484e-05,-5588.9,273.99
-1.5132e-06,2.8488e-05,-5588.9,274.15
-1.5136e-06,2.8492e-05,-5588.8,274.31
-1.5141e-06,2.8498e-05,-5588.8,274.47
-1.5145e-06,2.8504e-05,-5588.8,274.63
-1.5148e-06,2.851e-05,-5588.8,274.79
-1.5152e-06,2.8517e-05,-5588.7,274.95
-1.5151e-06,2.8526e-05,-5587.1,275.12
-9.7682e-07,-9.0292e-06,-4168.5,-116.41
