0.0017328,-0.041159,-3.8554e+05,-35143
-4.716e-05,-0.0042447,-2.4924e+05,-25664
-6.0538e-05,-0.0014433,-2.2679e+05,-10594
-6.3147e-05,-2.8362e-05,-2.4024e+05,-273.66
-6.451e-05,0.00053452,-2.4477e+05,3700
-6.514e-05,0.00084503,-2.4687e+05,5888.4
-6.5316e-05,0.00096221,-2.4782e+05,6686
-6.5337e-05,0.0010039,-2.482e+05,6955.6
-6.5304e-05,0.00097954,-2.4785e+05,6801.2
-6.5291e-05,0.00096468,-2.476e+05,6712.4
-6.5272e-05,0.00095452,-2.473e+05,6657.8
-6.5323e-05,0.00095137,-2.4751e+05,6634.6
-6.5342e-05,0.00098304,-2.4764e+05,6851.7
-6.5303e-05,0.00096892,-2.4753e+05,6750.3
-6.5325e-05,0.00095946,-2.476e+05,6685.3
-6.5467e-05,0.00099271,-2.4811e+05,6919.5
-6.5796e-05,0.0011103,-2.4911e+05,7760
-6.6243e-05,0.0012631,-2.4968e+05,8906.5
-6.6777e-05,0.0013856,-2.5028e+05,9858.6
-6.7434e-05,0.0015267,-2.5074e+05,10977
-6.8126e-05,0.0016565,-2.5137e+05,12009
-6.8732e-05,0.0017804,-2.5175e+05,12993
-6.93e-05,0.0018793,-2.5244e+05,13768
-6.9547e-05,0.0019744,-2.5204e+05,14508
-6.9272e-05,0.0019375,-2.5129e+05,14233
-6.8219e-05,0.0018254,-2.4854e+05,13380
-6.6814e-05,0.0015114,-2.4765e+05,10914
-6.5749e-05,0.0012129,-2.4702e+05,8606
-6.5139e-05,0.00094651,-2.4659e+05,6616.2
-6.4734e-05,0.00076522,-2.4536e+05,5329
-6.4496e-05,0.00061916,-2.4462e+05,4297.7
-6.4468e-05,0.00056877,-2.4457e+05,3941.9
-6.4628e-05,0.00061213,-2.4513e+05,4247.8
-6.4805e-05,0.0007042,-2.457e+05,4897.9
-6.503e-05,0.00077987,-2.4647e+05,5432.1
-6.5281e-05,0.00091933,-2.4742e+05,6405.4
-6.536e-05,0.0010213,-2.4859e+05,7055.9
-6.5431e-05,0.0011729,-2.5077e+05,7988.5
-6.5942e-05,0.001307,-2.5394e+05,8849.2
-6.6154e-05,0.0014,-2.5045e+05,9808.7
-6.6133e-05,0.0013251,-2.5184e+05,9182.1
-6.6393e-05,0.0013288,-2.5012e+05,9376.4
-6.6762e-05,0.0013905,-2.5038e+05,9877.8
-6.7366e-05,0.0014955,-2.5123e+05,10706
-6.8194e-05,0.0016444,-2.5208e+05,11892
-6.9072e-05,0.0018234,-2.5276e+05,13302
-6.9738e-05,0.0019499,-2.5355e+05,14284
-7.0217e-05,0.0020794,-2.5397e+05,15263
-7.0491e-05,0.0021359,-2.5453e+05,15679
-7.0603e-05,0.002191,-2.5454e+05,16082
-7.0707e-05,0.0021914,-2.5491e+05,16086
-7.0696e-05,0.002233,-2.5459e+05,16387
-7.034e-05,0.0021615,-2.537e+05,15870
-6.9749e-05,0.0020686,-2.5219e+05,15188
-6.9065e-05,0.0019126,-2.5128e+05,14009
-6.8272e-05,0.0017922,-2.4982e+05,13079
-6.7196e-05,0.0015929,-2.487e+05,11508
-6.6127e-05,0.0013722,-2.4779e+05,9763
-6.5375e-05,0.0010833,-2.4763e+05,7562.2
-6.4862e-05,0.00083865,-2.4576e+05,5847.4
-6.44e-05,0.00061823,-2.4426e+05,4291.3
-6.4102e-05,0.0004581,-2.433e+05,3160.8
-6.3919e-05,0.00036,-2.4272e+05,2468.2
-6.3762e-05,0.00030442,-2.4219e+05,2075.9
-6.3611e-05,0.00022447,-2.4171e+05,1511.5
-6.3418e-05,0.00016378,-2.4104e+05,1083.1
-6.3223e-05,5.6224e-05,-2.4043e+05,323.75
-6.2984e-05,-2.4495e-05,-2.3961e+05,-246.02
-6.2687e-05,-0.00015112,-2.3863e+05,-1139.9
-6.2433e-05,-0.00027162,-2.3781e+05,-1990.6
-6.2244e-05,-0.00037342,-2.3721e+05,-2709.3
-6.206e-05,-0.00044371,-2.3659e+05,-3205.6
-6.1897e-05,-0.00053086,-2.3607e+05,-3820.9
-6.175e-05,-0.00058766,-2.3558e+05,-4221.8
-6.164e-05,-0.00065191,-2.3523e+05,-4675.5
-6.1525e-05,-0.00068753,-2.3484e+05,-4926.9
-6.1433e-05,-0.00074428,-2.3456e+05,-5327.6
-6.1394e-05,-0.00076352,-2.3443e+05,-5463.5
-6.136e-05,-0.00077998,-2.3432e+05,-5579.7
-6.133e-05,-0.00079136,-2.3422e+05,-5660
-6.1331e-05,-0.00080211,-2.3424e+05,-5735.9
-6.1318e-05,-0.00079266,-2.3418e+05,-5669.1
-6.1286e-05,-0.00081522,-2.3408e+05,-5828.4
-6.1256e-05,-0.00082008,-2.3397e+05,-5862.7
-6.1174e-05,-0.00084801,-2.3376e+05,-6055.6
-6.1084e-05,-0.00088016,-2.3348e+05,-6280.4
-6.1019e-05,-0.00092255,-2.3331e+05,-6578
-6.0945e-05,-0.00094151,-2.3305e+05,-6712.2
-6.088e-05,-0.00099019,-2.3273e+05,-7065.9
-6.0845e-05,-0.0010104,-2.3252e+05,-7215.7
-6.0812e-05,-0.0010354,-2.3226e+05,-7403.4
-6.0772e-05,-0.0010569,-2.3201e+05,-7564.3
-6.0758e-05,-0.0010798,-2.3178e+05,-7739.7
-6.0751e-05,-0.0010775,-2.3174e+05,-7724.6
-6.0746e-05,-0.0010997,-2.3153e+05,-7895.8
-6.0732e-05,-0.0010986,-2.3147e+05,-7888.1
-6.0694e-05,-0.0011187,-2.3133e+05,-8030.8
-6.0663e-05,-0.0011209,-2.3127e+05,-8043.9
-6.0645e-05,-0.0011417,-2.3114e+05,-8198.6
-6.0671e-05,-0.0011357,-2.3118e+05,-8159.9
-6.0679e-05,-0.0011275,-2.3133e+05,-8093.8
-6.0665e-05,-0.0011197,-2.3138e+05,-8030.9
-6.0669e-05,-0.0011377,-2.3121e+05,-8172.8
-6.068e-05,-0.001124,-2.3127e+05,-8072.6
-6.0699e-05,-0.0011238,-2.3136e+05,-8070.8
-6.0738e-05,-0.0010984,-2.316e+05,-7881.6
-6.0729e-05,-0.0010847,-2.3195e+05,-7759.1
-6.0727e-05,-0.0010651,-2.3195e+05,-7617.9
-6.0764e-05,-0.0010469,-2.3247e+05,-7461.6
-6.074e-05,-0.0010268,-2.3286e+05,-7283.7
-6.0748e-05,-0.0010132,-2.3283e+05,-7190.1
-6.0823e-05,-0.00098193,-2.3343e+05,-6941.9
-6.0918e-05,-0.00095416,-2.336e+05,-6756
-6.0991e-05,-0.00092483,-2.3361e+05,-6565
-6.1077e-05,-0.00090801,-2.3381e+05,-6453.5
-6.1184e-05,-0.00086774,-2.3391e+05,-6187.8
-6.1271e-05,-0.0008391,-2.3407e+05,-5995.9
-6.1302e-05,-0.00080979,-2.3414e+05,-5790.2
-6.1369e-05,-0.00080239,-2.3438e+05,-5738.1
-6.1469e-05,-0.00074162,-2.3469e+05,-5309
-6.1544e-05,-0.00072551,-2.3496e+05,-5195.3
-6.1638e-05,-0.00067048,-2.3525e+05,-4806.7
-6.1681e-05,-0.00065323,-2.3539e+05,-4685
-6.1727e-05,-0.00063051,-2.3554e+05,-4524.6
-6.1817e-05,-0.00060373,-2.3585e+05,-4335.6
-6.1893e-05,-0.00055626,-2.3608e+05,-4000.4
-6.198e-05,-0.00053901,-2.3639e+05,-3878.7
-6.2113e-05,-0.00047083,-2.3682e+05,-3397.3
-6.2204e-05,-0.0004336,-2.3712e+05,-3134.5
-6.2264e-05,-0.0003951,-2.3730e+05,-2862.7
-6.2327e-05,-0.00037542,-2.3752e+05,-2723.8
-6.2382e-05,-0.00033931,-2.3768e+05,-2468.8
-6.2417e-05,-0.00032843,-2.3781e+05,-2392.1
-6.2482e-05,-0.00030371,-2.3802e+05,-2217.5
-6.2524e-05,-0.0002742,-2.3815e+05,-2009.2
-6.255e-05,-0.00027276,-2.3825e+05,-1999.1
-6.2596e-05,-0.00024507,-2.3839e+05,-1803.5
-6.2595e-05,-0.0002435,-2.3838e+05,-1792.5
-6.2626e-05,-0.00023902,-2.385e+05,-1760.8
-6.2632e-05,-0.00022068,-2.385e+05,-1631.3
-6.2642e-05,-0.000232,-2.3855e+05,-1711.3
-6.2701e-05,-0.00020485,-2.3874e+05,-1519.6
-6.2781e-05,-0.00017926,-2.3902e+05,-1339
-6.2844e-05,-0.00013957,-2.3921e+05,-1058.8
-6.2933e-05,-0.00012012,-2.3953e+05,-921.51
-6.3068e-05,-5.1699e-05,-2.3996e+05,-438.48
-6.3216e-05,-7.7793e-06,-2.4048e+05,-128.49
-6.3483e-05,0.0001043,-2.4136e+05,662.76
-6.3773e-05,0.00021523,-2.4234e+05,1445.8
-6.4119e-05,0.00035944,-2.4348e+05,2463.9
-6.4574e-05,0.00054229,-2.45e+05,3754.7
-6.5137e-05,0.00077626,-2.4688e+05,5406.4
-6.5814e-05,0.0010317,-2.4923e+05,7205.8
-6.6935e-05,0.0013307,-2.5105e+05,9461.1
-6.8309e-05,0.0015968,-2.5228e+05,11577
-6.931e-05,0.0018059,-2.5291e+05,13230
-6.984e-05,0.0019214,-2.5382e+05,14096
-7.0248e-05,0.0020126,-2.5456e+05,14775
-7.0515e-05,0.0020784,-2.5482e+05,15278
-7.0626e-05,0.0021205,-2.549e+05,15589
-7.0496e-05,0.0021392,-2.5441e+05,15718
-7.0002e-05,0.0020972,-2.5318e+05,15392
-6.9265e-05,0.0020026,-2.5165e+05,14666
-6.7956e-05,0.0018726,-2.4836e+05,13662
-6.6116e-05,0.0015365,-2.4642e+05,11004
-6.3621e-05,0.00098786,-2.4144e+05,6863.1
-5.9975e-05,-0.00014537,-2.2831e+05,-1096.6
-5.707e-05,-0.001525,-2.1161e+05,-11296
-7.2497e-05,-0.0026516,-3.0048e+05,-17634
-8.1253e-05,-0.0021938,-3.0178e+05,-16217
-8.1371e-05,-0.0015745,-3.1031e+05,-11296
-8.2887e-05,-0.0010336,-3.1653e+05,-7396.6
-8.4214e-05,-0.00050372,-3.2095e+05,-3655.3
-8.5379e-05,-7.698e-05,-3.2488e+05,-642.81
-8.6248e-05,0.00032516,-3.2772e+05,2196.4
-8.6524e-05,0.00051108,-3.2856e+05,3509.2
-8.6502e-05,0.00050276,-3.2848e+05,3450.5
-8.6479e-05,0.00049446,-3.284e+05,3391.9
-8.6456e-05,0.00048616,-3.2832e+05,3333.3
-8.6433e-05,0.00047786,-3.2824e+05,3274.7
-8.6414e-05,0.00047,-3.2818e+05,3219.2
-8.64e-05,0.0004654,-3.2814e+05,3186.8
-8.6386e-05,0.00046082,-3.2808e+05,3154.4
-8.6372e-05,0.00045619,-3.2804e+05,3121.7
-8.6359e-05,0.00045157,-3.2799e+05,3089.1
-8.6347e-05,0.00044694,-3.2795e+05,3056.4
-8.6335e-05,0.0004423,-3.2791e+05,3023.7
-8.6322e-05,0.00043761,-3.2787e+05,2990.6
-8.631e-05,0.00043297,-3.2783e+05,2957.8
-8.6298e-05,0.00042834,-3.2779e+05,2925.1
-8.6286e-05,0.00042369,-3.2775e+05,2892.3
-8.6274e-05,0.000419,-3.2771e+05,2859.2
-8.6262e-05,0.00041436,-3.2767e+05,2826.4
-8.625e-05,0.00040972,-3.2763e+05,2793.7
-8.6238e-05,0.00040508,-3.2759e+05,2760.8
-8.6226e-05,0.00040039,-3.2754e+05,2727.8
-8.6214e-05,0.00039575,-3.2750e+05,2695
-8.6202e-05,0.00039111,-3.2746e+05,2662.2
-8.619e-05,0.00038647,-3.2742e+05,2629.5
-8.6178e-05,0.00038183,-3.2738e+05,2596.7
-8.6165e-05,0.00037714,-3.2734e+05,2563.6
-8.6153e-05,0.0003725,-3.273e+05,2530.9
-8.6141e-05,0.00036786,-3.2726e+05,2498.1
-8.6128e-05,0.00036324,-3.2722e+05,2465.5
-8.6115e-05,0.00035859,-3.2717e+05,2432.6
-8.6102e-05,0.00035397,-3.2713e+05,2400.1
-8.6089e-05,0.00034936,-3.2708e+05,2367.5
-8.6076e-05,0.00034474,-3.2704e+05,2334.9
-8.6063e-05,0.00034008,-3.2699e+05,2302
-8.605e-05,0.00033547,-3.2695e+05,2269.4
-8.6037e-05,0.00033086,-3.2691e+05,2236.9
-8.6024e-05,0.00032624,-3.2686e+05,2204.3
-8.6011e-05,0.00032158,-3.2682e+05,2171.4
-8.5998e-05,0.00031697,-3.2677e+05,2138.8
-8.5985e-05,0.00031236,-3.2673e+05,2106.3
-8.5972e-05,0.00030775,-3.2668e+05,2073.7
-8.5959e-05,0.00030313,-3.2664e+05,2041.1
-8.5946e-05,0.00029847,-3.266e+05,2008.2
-8.5933e-05,0.00029386,-3.2655e+05,1975.7
-8.592e-05,0.00028925,-3.2651e+05,1943.1
-8.5907e-05,0.00028463,-3.2646e+05,1910.5
-8.5894e-05,0.00027997,-3.2642e+05,1877.6
-8.5881e-05,0.00027536,-3.2638e+05,1845.1
-8.5868e-05,0.00027075,-3.2633e+05,1812.5
-8.5855e-05,0.00026613,-3.2629e+05,1779.9
-8.5843e-05,0.00026145,-3.2625e+05,1746.9
-8.5831e-05,0.00025682,-3.2621e+05,1714.2
-8.5818e-05,0.00025219,-3.2617e+05,1681.5
-8.5806e-05,0.00024755,-3.2612e+05,1648.7
-8.5794e-05,0.00024287,-3.2608e+05,1615.7
-8.5782e-05,0.00023824,-3.2604e+05,1583
-8.577e-05,0.0002336,-3.26e+05,1550.3
-8.5757e-05,0.00022897,-3.2596e+05,1517.5
-8.5745e-05,0.00022433,-3.2592e+05,1484.8
-8.5733e-05,0.00021965,-3.2588e+05,1451.8
-8.5721e-05,0.00021502,-3.2584e+05,1419.1
-8.5708e-05,0.00021039,-3.258e+05,1386.4
-8.5696e-05,0.00020575,-3.2575e+05,1353.6
-8.5684e-05,0.00020107,-3.2571e+05,1320.6
-8.5671e-05,0.00019645,-3.2567e+05,1287.9
-8.5659e-05,0.00019182,-3.2563e+05,1255.2
-8.5646e-05,0.0001872,-3.2558e+05,1222.6
-8.5633e-05,0.00018254,-3.2554e+05,1189.7
-8.562e-05,0.00017793,-3.255e+05,1157.2
-8.5607e-05,0.00017333,-3.2545e+05,1124.7
-8.5593e-05,0.00016872,-3.2541e+05,1092.2
-8.558e-05,0.00016407,-3.2536e+05,1059.4
-8.5567e-05,0.00015947,-3.2532e+05,1026.9
-8.5548e-05,0.00015445,-3.2525e+05,991.44
-8.5525e-05,0.00014619,-3.2517e+05,933.11
-8.5502e-05,0.00013792,-3.251e+05,874.73
-8.548e-05,0.00012959,-3.2502e+05,815.94
-8.5457e-05,0.0001213,-3.2494e+05,757.4
-8.5434e-05,0.00011303,-3.2486e+05,699.01
-8.5411e-05,0.00010476,-3.2478e+05,640.62
-8.5355e-05,9.3765e-05,-3.2458e+05,563.03
-8.4993e-05,3.8802e-05,-3.2327e+05,175.24
-8.3476e-05,-0.0002671,-3.1786e+05,-1983.6
-8.1208e-05,-0.0012507,-3.0989e+05,-8964.9
0.00046243,-0.011951,15382,-14311
