-2.0506e-05,-0.0020586,-1.119e+05,-22952
-2.1125e-05,-0.0016687,-1.0161e+05,-19223
-2.0481e-05,-0.001167,-92801,-13736
-2.0009e-05,-0.0007209,-91294,-8430.3
-2.0607e-05,-0.0003847,-91684,-4548
-2.1467e-05,-0.0001107,-89828,-1620.5
-2.1977e-05,4.6147e-05,-88718,46.443
-2.2252e-05,0.00013291,-88076,968.68
-2.2369e-05,0.00016264,-87949,1284.2
-2.2381e-05,0.00016455,-87957,1304.4
-2.2328e-05,0.00014639,-88110,1111.2
-2.2233e-05,0.00011545,-88353,782.37
-2.2111e-05,8.0506e-05,-88564,411.14
-2.1956e-05,3.5036e-05,-88859,-71.951
-2.1826e-05,-8.8281e-06,-89220,-538.37
-2.1753e-05,-3.7799e-05,-89510,-846.69
-2.1728e-05,-4.6319e-05,-89582,-937.28
-2.1722e-05,-4.3295e-05,-89496,-904.83
-2.1728e-05,-3.9123e-05,-89437,-860.34
-2.1767e-05,-2.6372e-05,-89335,-724.76
-2.1805e-05,-7.6326e-06,-89109,-525.15
-2.1822e-05,3.0698e-06,-88960,-411.05
-2.1851e-05,1.4011e-05,-88856,-294.64
-2.1878e-05,2.8874e-05,-88665,-136.25
-2.1903e-05,3.661e-05,-88610,-54.036
-2.1933e-05,5.0216e-05,-88456,90.84
-2.195e-05,5.6103e-05,-88407,153.45
-2.1957e-05,6.5685e-05,-88238,255.78
-2.1958e-05,6.6961e-05,-88216,269.41
-2.1948e-05,7.0272e-05,-88110,305.01
-2.1952e-05,7.0625e-05,-88118,308.7
-2.1971e-05,7.8269e-05,-88041,390.06
-2.1964e-05,8.3203e-05,-87913,442.95
-2.1963e-05,8.0106e-05,-87972,409.86
-2.2033e-05,9.0486e-05,-88046,519.43
-2.2069e-05,0.00011464,-87701,776.98
-2.2046e-05,0.00010759,-87749,702.05
-2.2055e-05,0.00010869,-87766,713.63
-2.2084e-05,0.00011432,-87768,773.22
-2.2102e-05,0.0001244,-87636,880.65
-2.2096e-05,0.00012328,-87636,868.88
-2.2106e-05,0.0001241,-87659,877.38
-2.2115e-05,0.00012862,-87604,925.61
-2.2104e-05,0.00012628,-87607,900.77
-2.2104e-05,0.00012317,-87669,867.47
-2.2112e-05,0.00012517,-87661,888.77
-2.2117e-05,0.00012497,-87685,886.49
-2.2124e-05,0.00012612,-87691,898.62
-2.2111e-05,0.00012486,-87665,885.44
-2.2084e-05,0.00012022,-87648,836.38
-2.2077e-05,0.0001148,-87729,778.59
-2.2084e-05,0.00011569,-87741,787.9
-2.2069e-05,0.00011754,-87642,808
-2.2062e-05,0.00011015,-87765,729.1
-2.2085e-05,0.00011418,-87777,771.7
-2.2143e-05,0.00011977,-87896,830.32
-2.217e-05,0.00013247,-87749,965.6
-2.2149e-05,0.00012417,-87834,877.28
-2.216e-05,0.00012867,-87788,925.14
-2.2177e-05,0.00012744,-87881,911.7
-2.2194e-05,0.00013428,-87809,984.53
-2.2203e-05,0.00012995,-87936,938.02
-2.219e-05,0.0001333,-87813,974.12
-2.2181e-05,0.00012616,-87923,897.96
-2.2183e-05,0.0001286,-87883,923.96
-2.2179e-05,0.00012455,-87948,880.71
-2.2197e-05,0.00012786,-87954,915.8
-2.2205e-05,0.00012678,-88008,904.01
-2.2188e-05,0.00012545,-87965,890.16
-2.219e-05,0.00011532,-88178,781.83
-2.22e-05,0.00012143,-88099,846.94
-2.2204e-05,0.00011627,-88218,791.71
-2.2203e-05,0.00011961,-88146,827.48
-2.2197e-05,0.00011225,-88273,748.79
-2.2214e-05,0.00011561,-88274,784.47
-2.225e-05,0.00011753,-88379,804.23
-2.2233e-05,0.00012379,-88182,871.51
-2.219e-05,0.00010555,-88378,677.33
-2.2157e-05,0.00010423,-88272,663.86
-2.2136e-05,9.1475e-05,-88444,527.92
-2.2126e-05,9.4102e-05,-88352,556.22
-2.2108e-05,8.6165e-05,-88439,471.7
-2.2086e-05,8.4425e-05,-88383,453.56
-2.207e-05,7.2942e-05,-88553,331.08
-2.2051e-05,6.9828e-05,-88538,298.17
-2.2035e-05,5.3939e-05,-88795,128.59
-2.2044e-05,5.0724e-05,-88899,94.022
-2.206e-05,4.5221e-05,-89077,34.846
-2.2031e-05,4.0934e-05,-89044,-10.403
-2.1984e-05,1.4625e-05,-89388,-290.79
-2.1941e-05,5.9572e-06,-89387,-382.59
-2.1898e-05,-1.6432e-05,-89667,-621.14
-2.1871e-05,-2.5643e-05,-89744,-719.09
-2.1839e-05,-4.0993e-05,-89928,-882.59
-2.1796e-05,-5.2849e-05,-89994,-1008.5
-2.1764e-05,-7.0363e-05,-90219,-1195.1
-2.1719e-05,-7.9934e-05,-90232,-1296.6
-2.1675e-05,-9.957e-05,-90449,-1505.7
-2.1649e-05,-0.00010959,-90549,-1612.3
-2.1647e-05,-0.00012099,-90770,-1734.2
-2.1646e-05,-0.0001188,-90724,-1710.8
-2.1623e-05,-0.00013195,-90897,-1850.8
-2.162e-05,-0.00013741,-90996,-1909.2
-2.1604e-05,-0.00014334,-91052,-1972.3
-2.1563e-05,-0.00015103,-91039,-2053.7
-2.1527e-05,-0.00016896,-91260,-2244.7
-2.1511e-05,-0.00016725,-91158,-2226.1
-2.1508e-05,-0.00017362,-91277,-2294.2
-2.1507e-05,-0.00016706,-91139,-2224
-2.1498e-05,-0.00017255,-91212,-2282.5
-2.1491e-05,-0.00016851,-91101,-2239.1
-2.1488e-05,-0.00017144,-91148,-2270.4
-2.1483e-05,-0.00016478,-90994,-2199.1
-2.1469e-05,-0.00016939,-91031,-2248.1
-2.1469e-05,-0.00016459,-90934,-2196.8
-2.1476e-05,-0.00016377,-90945,-2188.2
-2.1489e-05,-0.00015603,-90841,-2105.6
-2.1462e-05,-0.00015753,-90759,-2121.1
-2.1446e-05,-0.00016109,-90767,-2158.9
-2.1431e-05,-0.00016059,-90696,-2153.2
-2.1446e-05,-0.00016168,-90780,-2165.2
-2.1481e-05,-0.00014884,-90662,-2028.6
-2.147e-05,-0.00014493,-90537,-1986.5
-2.147e-05,-0.00015011,-90644,-2042
-2.1474e-05,-0.00014587,-90574,-1996.7
-2.1482e-05,-0.00014143,-90516,-1949.4
-2.1496e-05,-0.00013992,-90539,-1933.5
-2.1532e-05,-0.00013238,-90534,-1853.6
-2.1557e-05,-0.00012142,-90411,-1736.9
-2.1548e-05,-0.00012252,-90398,-1748.5
-2.1549e-05,-0.00012071,-90365,-1729.2
-2.153e-05,-0.00012118,-90299,-1733.9
-2.1522e-05,-0.00012695,-90381,-1795.4
-2.1548e-05,-0.0001224,-90396,-1747.2
-2.1556e-05,-0.00011297,-90236,-1646.5
-2.1559e-05,-0.00011602,-90310,-1679.2
-2.1567e-05,-0.00010819,-90183,-1595.6
-2.156e-05,-0.00011029,-90198,-1618
-2.159e-05,-0.00010642,-90244,-1577.2
-2.1565e-05,-9.7565e-05,-89959,-1482
-2.1533e-05,-0.00011234,-90133,-1639.4
-2.1552e-05,-0.00010905,-90139,-1604.5
-2.1591e-05,-9.6723e-05,-90051,-1473.5
-2.1593e-05,-8.9006e-05,-89899,-1391
-2.1579e-05,-9.2303e-05,-89911,-1426
-2.1586e-05,-8.8902e-05,-89869,-1389.8
-2.1614e-05,-8.1409e-05,-89833,-1310.2
-2.1644e-05,-6.5968e-05,-89638,-1145.7
-2.1663e-05,-5.9224e-05,-89582,-1074
-2.1716e-05,-4.401e-05,-89488,-912.36
-2.18e-05,-1.8409e-05,-89311,-640.31
-2.1894e-05,1.312e-05,-89051,-305.05
-2.2002e-05,4.4305e-05,-88857,26.242
-2.214e-05,8.7413e-05,-88542,484.4
-2.2242e-05,0.00012616,-88170,896.68
-2.226e-05,0.00013397,-88088,979.77
-2.2214e-05,0.00012014,-88182,832.86
-2.2142e-05,9.5498e-05,-88386,570.82
-2.2027e-05,6.8869e-05,-88462,288.39
-2.1871e-05,2.5921e-05,-88698,-167.7
-2.1663e-05,-1.966e-05,-88776,-650.89
-2.1347e-05,-8.781e-05,-88874,-1373.2
-2.0927e-05,-0.00017656,-88963,-2313.7
-2.0404e-05,-0.00028045,-88956,-3413.3
-1.9982e-05,-0.00039573,-89394,-4652.7
-1.9805e-05,-0.0005066,-89626,-5918.1
-1.971e-05,-0.00061289,-89572,-7165.1
-1.9712e-05,-0.00071418,-89585,-8372.4
-8.5451e-06,-0.00068544,-38981,-8063.7
-9.9892e-06,8.8959e-05,-38941,748.06
-1.0256e-05,0.00027088,-36623,2680.2
-1.0248e-05,0.00026637,-36602,2635.6
-1.0241e-05,0.00026177,-36562,2591.3
-1.0228e-05,0.00025736,-36571,2545.2
-1.0215e-05,0.00025295,-36581,2499.3
-1.0207e-05,0.00024849,-36611,2452.7
-1.0197e-05,0.00024396,-36630,2405.7
-1.0182e-05,0.00023953,-36630,2359.7
-1.0169e-05,0.00023511,-36644,2313.5
-1.0159e-05,0.00023073,-36670,2267.7
-1.0157e-05,0.00022634,-36728,2221.6
-1.0152e-05,0.00022377,-36748,2194.7
-1.0146e-05,0.00022128,-36763,2168.7
-1.014e-05,0.00021877,-36780,2142.1
-1.0131e-05,0.00021632,-36800,2115.8
-1.0122e-05,0.00021389,-36824,2089.2
-1.0113e-05,0.00021147,-36846,2062.8
-1.0103e-05,0.00020905,-36867,2036.3
-1.0094e-05,0.00020662,-36894,2009.7
-1.0084e-05,0.00020419,-36916,1983.2
-1.0076e-05,0.00020177,-36939,1956.8
-1.0067e-05,0.00019931,-36965,1929.9
-1.0056e-05,0.00019696,-36978,1904.3
-1.0048e-05,0.00019448,-37008,1877.3
-1.004e-05,0.00019202,-37035,1850.5
-1.0033e-05,0.00018953,-37062,1823.5
-1.0024e-05,0.00018705,-37086,1796.6
-1.0016e-05,0.00018466,-37108,1770.7
-1.0009e-05,0.00018217,-37138,1743.6
-1.0001e-05,0.00017968,-37165,1716.8
-9.994e-06,0.00017718,-37191,1689.8
-9.9854e-06,0.00017472,-37211,1663.3
-9.979e-06,0.00017226,-37239,1636.9
-9.9734e-06,0.00016974,-37265,1610.1
-9.9676e-06,0.00016719,-37291,1583.2
-9.9608e-06,0.00016469,-37310,1556.8
-9.9551e-06,0.00016219,-37334,1530.5
-9.9493e-06,0.00015967,-37357,1503.8
-9.9433e-06,0.00015713,-37381,1477
-9.9368e-06,0.00015464,-37402,1450.8
-9.9309e-06,0.00015212,-37426,1424.2
-9.9247e-06,0.00014961,-37449,1397.7
-9.9182e-06,0.00014709,-37472,1370.9
-9.9118e-06,0.00014459,-37495,1344.5
-9.9053e-06,0.0001421,-37518,1318
-9.8988e-06,0.00013961,-37542,1291.5
-9.8922e-06,0.00013711,-37566,1264.9
-9.8857e-06,0.00013459,-37591,1238.1
-9.8792e-06,0.0001321,-37615,1211.6
-9.8727e-06,0.00012961,-37639,1185.1
-9.8661e-06,0.00012711,-37663,1158.5
-9.8596e-06,0.0001246,-37688,1131.8
-9.8531e-06,0.0001221,-37712,1105.2
-9.8465e-06,0.00011961,-37736,1078.7
-9.8397e-06,0.00011712,-37758,1052.2
-9.8325e-06,0.00011461,-37780,1025.6
-9.8253e-06,0.00011214,-37801,999.21
-9.8182e-06,0.00010966,-37822,972.86
-9.8109e-06,0.00010718,-37843,946.47
-9.8037e-06,0.00010467,-37865,919.86
-9.7966e-06,0.0001022,-37886,893.51
-9.7894e-06,9.9718e-05,-37907,867.16
-9.7822e-06,9.7241e-05,-37928,840.82
-9.775e-06,9.476e-05,-37949,814.44
-9.7678e-06,9.2258e-05,-37971,787.83
-9.7606e-06,8.9781e-05,-37992,761.48
-9.7535e-06,8.7303e-05,-38013,735.14
-9.7462e-06,8.4823e-05,-38034,708.77
-9.7391e-06,8.2321e-05,-38056,682.16
-9.7321e-06,7.9841e-05,-38078,655.78
-9.7252e-06,7.7361e-05,-38100,629.4
-9.7185e-06,7.4872e-05,-38123,602.92
-9.712e-06,7.236e-05,-38148,576.19
-9.7057e-06,6.9865e-05,-38173,549.65
-9.6994e-06,6.7371e-05,-38198,523.11
-9.693e-06,6.4874e-05,-38223,496.53
-9.6867e-06,6.2354e-05,-38248,469.72
-9.6804e-06,5.986e-05,-38273,443.18
-9.6716e-06,5.7141e-05,-38292,414.28
-9.6602e-06,5.2662e-05,-38337,366.62
-9.648e-06,4.8186e-05,-38378,319.01
-9.635e-06,4.3748e-05,-38416,271.81
-9.6231e-06,3.9288e-05,-38458,224.36
-9.6115e-06,3.4814e-05,-38502,176.76
-9.5999e-06,3.0341e-05,-38545,129.17
-9.5883e-06,2.5869e-05,-38589,81.584
-9.4938e-06,1.4275e-05,-38439,-40.47
-9.2075e-06,-7.2208e-05,-39030,-959.41
-9.6507e-06,-0.00032686,-45328,-3739.4
-9.674e-06,-0.00089915,-44133,-10584
