0.0015553,-0.03863,-5.5251e+05,-97794
-5.9441e-05,-0.0048161,-4.3108e+05,-46816
-7.2529e-05,-0.0018917,-3.2847e+05,-22069
-7.5308e-05,-0.00036068,-3.1460e+05,-5390
-7.6989e-05,0.00027816,-3.0847e+05,1409
-7.8092e-05,0.00069099,-3.0458e+05,5802
-7.8661e-05,0.00087334,-3.032e+05,7740.7
-7.8892e-05,0.0009617,-3.0235e+05,8681
-7.8936e-05,0.00095983,-3.0257e+05,8660
-7.8943e-05,0.00095192,-3.0275e+05,8575.3
-7.8915e-05,0.00094135,-3.0286e+05,8462.9
-7.8903e-05,0.00092922,-3.0305e+05,8333.4
-7.8803e-05,0.0009253,-3.0272e+05,8293.4
-7.8619e-05,0.00086256,-3.0325e+05,7626.1
-7.8477e-05,0.00080595,-3.0382e+05,7023.6
-7.8508e-05,0.0007961,-3.0414e+05,6917.6
-7.8694e-05,0.00087642,-3.0327e+05,7772.8
-7.8984e-05,0.0010067,-3.0181e+05,9160.2
-7.9304e-05,0.0011172,-3.0098e+05,10328
-7.9769e-05,0.001255,-3.0027e+05,11780
-8.0349e-05,0.0013896,-2.9954e+05,13235
-8.0902e-05,0.0015102,-2.9858e+05,14568
-8.1506e-05,0.0016152,-2.9798e+05,15741
-8.1899e-05,0.0017262,-2.9605e+05,17006
-8.1915e-05,0.0017345,-2.9578e+05,17105
-8.1322e-05,0.0016991,-2.9435e+05,16721
-8.0287e-05,0.0014822,-2.9644e+05,14294
-7.9201e-05,0.0012219,-2.9827e+05,11462
-7.8445e-05,0.00090575,-3.0167e+05,8091.2
-7.7929e-05,0.00067282,-3.0429e+05,5611.1
-7.7615e-05,0.00049199,-3.0668e+05,3683.4
-7.7518e-05,0.00040926,-3.0796e+05,2800.6
-7.7574e-05,0.00041742,-3.0802e+05,2886.6
-7.7695e-05,0.00046963,-3.0746e+05,3442.6
-7.7956e-05,0.00054422,-3.0701e+05,4235.1
-7.8292e-05,0.00069516,-3.0531e+05,5842.6
-7.8528e-05,0.00080273,-3.0409e+05,6988.2
-7.8683e-05,0.00096192,-3.0149e+05,8687.5
-7.9103e-05,0.0011382,-2.9971e+05,10558
-7.9407e-05,0.0013008,-2.9746e+05,12305
-7.9451e-05,0.0012672,-2.9846e+05,11935
-7.9644e-05,0.0012702,-2.9918e+05,11964
-7.9812e-05,0.0012942,-2.993e+05,12223
-8.0185e-05,0.0013591,-2.993e+05,12924
-8.0814e-05,0.0014718,-2.9895e+05,14161
-8.1594e-05,0.0016322,-2.9741e+05,15960
-8.2226e-05,0.0017498,-2.9632e+05,17289
-8.2642e-05,0.0018622,-2.9435e+05,18571
-8.2788e-05,0.0018906,-2.9401e+05,18894
-8.2744e-05,0.0019096,-2.9318e+05,19114
-8.2712e-05,0.0018796,-2.941e+05,18767
-8.261e-05,0.0018909,-2.9323e+05,18903
-8.2318e-05,0.0018297,-2.9407e+05,18206
-8.1935e-05,0.0017812,-2.9404e+05,17658
-8.151e-05,0.0016859,-2.9545e+05,16572
-8.0977e-05,0.0016119,-2.9549e+05,15742
-8.0137e-05,0.0014623,-2.9641e+05,14071
-7.9322e-05,0.001263,-2.9803e+05,11892
-7.8756e-05,0.0010119,-3.0078e+05,9220.4
-7.8347e-05,0.00080226,-3.0336e+05,6986.9
-7.7978e-05,0.00062695,-3.0542e+05,5119.4
-7.7751e-05,0.00049505,-3.0717e+05,3713.4
-7.7625e-05,0.00042855,-3.0801e+05,3004.7
-7.7515e-05,0.00038969,-3.0834e+05,2591.2
-7.7407e-05,0.00033331,-3.0905e+05,1990.4
-7.7252e-05,0.00028311,-3.0944e+05,1456.6
-7.71e-05,0.0001935,-3.1064e+05,501.39
-7.6889e-05,0.00012219,-3.1123e+05,-257.08
-7.6592e-05,1.6417e-06,-3.1247e+05,-1540.4
-7.6348e-05,-0.00012232,-3.14e+05,-2861.4
-7.6171e-05,-0.00021694,-3.152e+05,-3869.9
-7.5986e-05,-0.0002934,-3.1601e+05,-4683.9
-7.5818e-05,-0.00037864,-3.1705e+05,-5592.2
-7.5662e-05,-0.00044465,-3.1776e+05,-6295.2
-7.5569e-05,-0.00050632,-3.1864e+05,-6953
-7.5497e-05,-0.00053822,-3.19e+05,-7292.8
-7.5395e-05,-0.0005845,-3.1952e+05,-7785.8
-7.5312e-05,-0.00062104,-3.1993e+05,-8175
-7.5247e-05,-0.0006403,-3.2005e+05,-8379.7
-7.5199e-05,-0.00066173,-3.203e+05,-8608
-7.5193e-05,-0.00066919,-3.2042e+05,-8687.7
-7.5167e-05,-0.00066627,-3.2026e+05,-8655.9
-7.5124e-05,-0.00068644,-3.2049e+05,-8870.9
-7.5095e-05,-0.00069664,-3.2058e+05,-8979.4
-7.5034e-05,-0.00071736,-3.2076e+05,-9199.7
-7.496e-05,-0.00075232,-3.2116e+05,-9572.2
-7.493e-05,-0.00078475,-3.217e+05,-9918.6
-7.4887e-05,-0.00079829,-3.218e+05,-10062
-7.4805e-05,-0.00083585,-3.2223e+05,-10463
-7.4749e-05,-0.00086804,-3.2266e+05,-10806
-7.4677e-05,-0.00089268,-3.2287e+05,-11068
-7.4618e-05,-0.00092512,-3.2329e+05,-11414
-7.4601e-05,-0.00094577,-3.2364e+05,-11634
-7.4581e-05,-0.0009503,-3.2365e+05,-11682
-7.4558e-05,-0.0009714,-3.2399e+05,-11908
-7.4528e-05,-0.00097801,-3.24e+05,-11978
-7.4477e-05,-0.00099673,-3.2418e+05,-12177
-7.4425e-05,-0.0010089,-3.2422e+05,-12306
-7.4387e-05,-0.0010303,-3.2456e+05,-12529
-7.4442e-05,-0.0010284,-3.2475e+05,-12510
-7.4475e-05,-0.001011,-3.2448e+05,-12328
-7.4452e-05,-0.001009,-3.2433e+05,-12308
-7.4467e-05,-0.0010246,-3.2477e+05,-12470
-7.4479e-05,-0.0010117,-3.2451e+05,-12336
-7.4468e-05,-0.001014,-3.2452e+05,-12359
-7.4468e-05,-0.0010033,-3.2427e+05,-12247
-7.4457e-05,-0.00099156,-3.2399e+05,-12121
-7.4463e-05,-0.00097977,-3.2377e+05,-11995
-7.4502e-05,-0.00095804,-3.2349e+05,-11764
-7.4466e-05,-0.00094663,-3.2311e+05,-11641
-7.4462e-05,-0.00093371,-3.2283e+05,-11503
-7.4528e-05,-0.00091141,-3.2264e+05,-11265
-7.4605e-05,-0.00088419,-3.224e+05,-10976
-7.4652e-05,-0.00086584,-3.2222e+05,-10780
-7.4716e-05,-0.00084974,-3.2216e+05,-10609
-7.4799e-05,-0.00081644,-3.2181e+05,-10255
-7.4865e-05,-0.0007872,-3.2149e+05,-9943.4
-7.4866e-05,-0.00076558,-3.2105e+05,-9712.2
-7.4905e-05,-0.00076572,-3.2121e+05,-9714.5
-7.4974e-05,-0.00071392,-3.2044e+05,-9161.8
-7.505e-05,-0.00070305,-3.2053e+05,-9047
-7.5164e-05,-0.00064357,-3.1978e+05,-8413.2
-7.5189e-05,-0.00062612,-3.1953e+05,-8227
-7.5218e-05,-0.00061226,-3.1936e+05,-8079.3
-7.5307e-05,-0.00058535,-3.1918e+05,-7793.3
-7.5379e-05,-0.00054051,-3.1856e+05,-7315.1
-7.5465e-05,-0.00052493,-3.1859e+05,-7150.1
-7.5621e-05,-0.00045758,-3.1786e+05,-6432.9
-7.5723e-05,-0.00041252,-3.1736e+05,-5953
-7.577e-05,-0.00037987,-3.1688e+05,-5604.7
-7.5821e-05,-0.00036274,-3.1674e+05,-5422.5
-7.5843e-05,-0.00033432,-3.1625e+05,-5118.9
-7.5857e-05,-0.00033442,-3.1631e+05,-5120.2
-7.5931e-05,-0.00031135,-3.1614e+05,-4875
-7.596e-05,-0.00028251,-3.1567e+05,-4567.1
-7.5975e-05,-0.00028956,-3.1588e+05,-4642.8
-7.6006e-05,-0.0002636,-3.1548e+05,-4365.7
-7.5982e-05,-0.00027091,-3.1553e+05,-4443.4
-7.6012e-05,-0.00027178,-3.1567e+05,-4453.3
-7.5974e-05,-0.00025703,-3.1521e+05,-4294.8
-7.5928e-05,-0.00029017,-3.157e+05,-4648.4
-7.5984e-05,-0.00027145,-3.1555e+05,-4449.2
-7.6073e-05,-0.00024573,-3.1539e+05,-4176
-7.611e-05,-0.00021225,-3.1486e+05,-3818.6
-7.6158e-05,-0.00020643,-3.1494e+05,-3757.3
-7.6262e-05,-0.00015095,-3.1423e+05,-3166
-7.6404e-05,-0.0001137,-3.1405e+05,-2770.4
-7.6649e-05,-7.7467e-06,-3.1289e+05,-1642.1
-7.6906e-05,8.9226e-05,-3.1197e+05,-610.11
-7.7244e-05,0.00022317,-3.1063e+05,815.63
-7.7708e-05,0.00040057,-3.0891e+05,2703.7
-7.8279e-05,0.0006284,-3.0661e+05,5128.8
-7.8919e-05,0.00087513,-3.0422e+05,7754.5
-7.9859e-05,0.0011792,-3.0199e+05,10980
-8.1096e-05,0.0014563,-3.0042e+05,13989
-8.2056e-05,0.0016653,-2.9814e+05,16335
-8.2539e-05,0.0017749,-2.9663e+05,17579
-8.2886e-05,0.0018507,-2.9580e+05,18429
-8.305e-05,0.0018944,-2.952e+05,18917
-8.2999e-05,0.0019028,-2.9489e+05,19004
-8.2649e-05,0.0018837,-2.9426e+05,18781
-8.1812e-05,0.0017916,-2.9409e+05,17726
-8.0688e-05,0.0016227,-2.951e+05,15800
-7.9171e-05,0.0014059,-2.9505e+05,13390
-7.7353e-05,0.00097981,-2.9571e+05,8905.2
-7.5029e-05,0.00034885,-2.9905e+05,2204.2
-7.0368e-05,-0.00074983,-3.0238e+05,-9452.5
-6.9421e-05,-0.0020702,-3.1799e+05,-23971
-7.1137e-05,-0.0030474,-4.0219e+05,-31123
-8.0344e-05,-0.0018996,-3.5986e+05,-22401
-8.1141e-05,-0.0012273,-3.5654e+05,-14746
-8.2708e-05,-0.00066593,-3.5102e+05,-8805.8
-8.3918e-05,-0.0001339,-3.4513e+05,-3139.3
-8.4815e-05,0.00019496,-3.421e+05,360.08
-8.5391e-05,0.00049711,-3.3830e+05,3580.1
-8.5508e-05,0.00057987,-3.371e+05,4462.9
-8.5485e-05,0.0005715,-3.3718e+05,4373.9
-8.5462e-05,0.00056313,-3.3725e+05,4284.8
-8.544e-05,0.00055475,-3.3733e+05,4195.7
-8.5417e-05,0.00054638,-3.3741e+05,4106.5
-8.54e-05,0.00053841,-3.375e+05,4021.7
-8.5389e-05,0.00053374,-3.3755e+05,3971.9
-8.5378e-05,0.00052904,-3.376e+05,3921.9
-8.5366e-05,0.00052431,-3.3765e+05,3871.5
-8.5353e-05,0.00051964,-3.3769e+05,3821.8
-8.534e-05,0.00051498,-3.3774e+05,3772.2
-8.5327e-05,0.00051032,-3.3778e+05,3722.6
-8.5314e-05,0.00050561,-3.3782e+05,3672.6
-8.5301e-05,0.00050096,-3.3786e+05,3623.1
-8.5287e-05,0.00049631,-3.379e+05,3573.7
-8.5274e-05,0.00049165,-3.3794e+05,3524.1
-8.5261e-05,0.00048695,-3.3798e+05,3474.1
-8.5248e-05,0.0004823,-3.3802e+05,3424.6
-8.5234e-05,0.00047765,-3.3806e+05,3375.1
-8.5221e-05,0.00047299,-3.381e+05,3325.6
-8.5208e-05,0.00046829,-3.3814e+05,3275.6
-8.5195e-05,0.00046364,-3.3818e+05,3226.1
-8.5182e-05,0.00045899,-3.3822e+05,3176.6
-8.5168e-05,0.00045434,-3.3827e+05,3127.1
-8.5155e-05,0.00044968,-3.3831e+05,3077.6
-8.5142e-05,0.00044498,-3.3835e+05,3027.6
-8.5129e-05,0.00044033,-3.3839e+05,2978.1
-8.5116e-05,0.00043568,-3.3843e+05,2928.7
-8.5103e-05,0.00043101,-3.3848e+05,2878.9
-8.5091e-05,0.00042629,-3.3852e+05,2828.8
-8.5078e-05,0.00042163,-3.3856e+05,2779.1
-8.5066e-05,0.00041696,-3.3861e+05,2729.5
-8.5054e-05,0.00041229,-3.3865e+05,2679.8
-8.5041e-05,0.00040758,-3.387e+05,2629.6
-8.5029e-05,0.00040292,-3.3874e+05,2580
-8.5016e-05,0.00039825,-3.3878e+05,2530.3
-8.5004e-05,0.00039358,-3.3883e+05,2480.6
-8.4991e-05,0.00038887,-3.3887e+05,2430.5
-8.4979e-05,0.0003842,-3.3892e+05,2380.8
-8.4967e-05,0.00037954,-3.3896e+05,2331.2
-8.4954e-05,0.00037488,-3.3901e+05,2281.6
-8.4942e-05,0.00037021,-3.3905e+05,2231.9
-8.4929e-05,0.0003655,-3.391e+05,2181.8
-8.4917e-05,0.00036083,-3.3914e+05,2132.1
-8.4904e-05,0.00035617,-3.3918e+05,2082.5
-8.4892e-05,0.0003515,-3.3923e+05,2032.8
-8.488e-05,0.00034679,-3.3927e+05,1982.7
-8.4867e-05,0.00034213,-3.3932e+05,1933.1
-8.4855e-05,0.00033747,-3.3936e+05,1883.5
-8.4842e-05,0.0003328,-3.394e+05,1833.8
-8.4829e-05,0.0003281,-3.3945e+05,1783.9
-8.4816e-05,0.00032346,-3.3949e+05,1734.4
-8.4803e-05,0.00031881,-3.3953e+05,1685
-8.4789e-05,0.00031415,-3.3957e+05,1635.5
-8.4776e-05,0.00030946,-3.3961e+05,1585.5
-8.4763e-05,0.00030481,-3.3965e+05,1536.1
-8.475e-05,0.00030017,-3.3969e+05,1486.6
-8.4737e-05,0.00029552,-3.3973e+05,1437.2
-8.4724e-05,0.00029087,-3.3978e+05,1387.7
-8.4711e-05,0.00028617,-3.3982e+05,1337.8
-8.4698e-05,0.00028153,-3.3986e+05,1288.3
-8.4685e-05,0.00027688,-3.399e+05,1238.9
-8.4671e-05,0.00027223,-3.3994e+05,1189.4
-8.4658e-05,0.00026754,-3.3998e+05,1139.5
-8.4645e-05,0.00026289,-3.4002e+05,1090
-8.4633e-05,0.00025824,-3.4007e+05,1040.6
-8.462e-05,0.00025358,-3.4011e+05,990.96
-8.4608e-05,0.00024888,-3.4015e+05,940.92
-8.4595e-05,0.00024421,-3.402e+05,891.29
-8.4583e-05,0.00023955,-3.4024e+05,841.67
-8.4571e-05,0.00023488,-3.4029e+05,791.98
-8.4559e-05,0.00023017,-3.4034e+05,741.86
-8.4546e-05,0.00022551,-3.4038e+05,692.23
-8.4529e-05,0.00022043,-3.4041e+05,638.2
-8.4507e-05,0.00021205,-3.4049e+05,549.1
-8.4485e-05,0.00020368,-3.4057e+05,460.05
-8.4461e-05,0.00019535,-3.4064e+05,371.41
-8.4439e-05,0.000187,-3.4072e+05,282.52
-8.4416e-05,0.00017863,-3.408e+05,193.49
-8.4394e-05,0.00017027,-3.4088e+05,104.45
-8.4362e-05,0.00016111,-3.4094e+05,7.1506
-8.4057e-05,0.00012369,-3.4045e+05,-386.89
-8.2628e-05,-0.00015723,-3.4034e+05,-3362.7
-8.042e-05,-0.0010987,-3.5048e+05,-13391
0.0003921,-0.010734,-1.0294e+05,-44734
