0.0010972,-0.028363,-4.6111e+05,-84468
-4.8785e-05,-0.0044508,-3.6895e+05,-43356
-6.0432e-05,-0.0018267,-2.7565e+05,-21236
-6.2735e-05,-0.00041768,-2.6446e+05,-5743.7
-6.4354e-05,0.00021765,-2.5814e+05,1018.6
-6.5162e-05,0.00058259,-2.5402e+05,4905.3
-6.5581e-05,0.00065028,-2.5435e+05,5620.8
-6.5719e-05,0.00066481,-2.5462e+05,5773.3
-6.5708e-05,0.00065386,-2.548e+05,5656.4
-6.5661e-05,0.00063835,-2.5492e+05,5491.6
-6.5615e-05,0.00061861,-2.5514e+05,5281.3
-6.5553e-05,0.00059535,-2.5535e+05,5033.9
-6.542e-05,0.00056742,-2.5538e+05,4737.9
-6.5219e-05,0.00050457,-2.5584e+05,4069.7
-6.5072e-05,0.00044582,-2.5643e+05,3444.4
-6.5071e-05,0.00042778,-2.5679e+05,3251.5
-6.5208e-05,0.00048231,-2.5624e+05,3831.8
-6.5375e-05,0.00056839,-2.5518e+05,4749.1
-6.5518e-05,0.00063254,-2.5446e+05,5432.3
-6.568e-05,0.00071272,-2.5349e+05,6286.5
-6.5843e-05,0.00078344,-2.5272e+05,7039.4
-6.6006e-05,0.0008467,-2.521e+05,7712.7
-6.6237e-05,0.00091465,-2.5166e+05,8434.6
-6.6486e-05,0.001007,-2.5101e+05,9403.1
-6.6705e-05,0.0010614,-2.508e+05,9980.1
-6.6865e-05,0.0011248,-2.5003e+05,10666
-6.6822e-05,0.0011313,-2.4968e+05,10739
-6.662e-05,0.0011214,-2.4905e+05,10638
-6.6319e-05,0.0010081,-2.5024e+05,9422.6
-6.585e-05,0.00089019,-2.5063e+05,8177
-6.5486e-05,0.00069981,-2.5296e+05,6152.4
-6.5256e-05,0.00058654,-2.5432e+05,4945.8
-6.5048e-05,0.00048921,-2.5545e+05,3909.1
-6.4913e-05,0.0004284,-2.5613e+05,3261.5
-6.4932e-05,0.00038777,-2.5704e+05,2826.5
-6.5018e-05,0.00042839,-2.5656e+05,3259.2
-6.5139e-05,0.00045136,-2.5659e+05,3502.3
-6.554e-05,0.00053024,-2.5662e+05,4337.8
-6.5741e-05,0.00063024,-2.5541e+05,5403.1
-6.5678e-05,0.00078366,-2.5204e+05,7045.1
-6.5793e-05,0.00085726,-2.5102e+05,7829.9
-6.599e-05,0.00094646,-2.5008e+05,8774.3
-6.6192e-05,0.00097702,-2.5032e+05,9094.5
-6.6271e-05,0.0010118,-2.4993e+05,9465.2
-6.6375e-05,0.0010129,-2.5034e+05,9474.9
-6.6583e-05,0.0010612,-2.502e+05,9987.9
-6.675e-05,0.0010948,-2.5011e+05,10351
-6.6922e-05,0.0011506,-2.4951e+05,10956
-6.7048e-05,0.0011707,-2.4952e+05,11176
-6.718e-05,0.0012111,-2.4908e+05,11617
-6.7411e-05,0.0012335,-2.4943e+05,11860
-6.7604e-05,0.0013031,-2.4829e+05,12637
-6.7618e-05,0.0012976,-2.4851e+05,12575
-6.7507e-05,0.0013012,-2.4796e+05,12617
-6.7307e-05,0.0012554,-2.4838e+05,12109
-6.6977e-05,0.0012076,-2.4836e+05,11581
-6.6493e-05,0.0010981,-2.4902e+05,10389
-6.6084e-05,0.00096548,-2.5009e+05,8975.3
-6.5761e-05,0.00079713,-2.521e+05,7187.5
-6.5526e-05,0.00066847,-2.5376e+05,5816.4
-6.5333e-05,0.00057126,-2.5494e+05,4780.7
-6.5244e-05,0.00050786,-2.5587e+05,4104.5
-6.5241e-05,0.00049705,-2.5608e+05,3988.9
-6.5235e-05,0.0005057,-2.5588e+05,4081.6
-6.5212e-05,0.00049217,-2.5606e+05,3937.3
-6.5143e-05,0.00047588,-2.5611e+05,3764.5
-6.5064e-05,0.00042489,-2.5682e+05,3220.8
-6.4929e-05,0.00038351,-2.5711e+05,2781
-6.4701e-05,0.00029523,-2.5798e+05,1841.4
-6.4507e-05,0.00019625,-2.592e+05,786.81
-6.436e-05,0.00011946,-2.6016e+05,-31.498
-6.4193e-05,5.1329e-05,-2.6086e+05,-756.8
-6.4027e-05,-2.9069e-05,-2.6182e+05,-1613.3
-6.3865e-05,-9.8297e-05,-2.6257e+05,-2350.5
-6.3759e-05,-0.00016278,-2.6345e+05,-3038
-6.3672e-05,-0.00020376,-2.6393e+05,-3474.5
-6.3553e-05,-0.00025458,-2.6448e+05,-4015.7
-6.3444e-05,-0.00030369,-2.6503e+05,-4538.8
-6.3354e-05,-0.00033331,-2.6527e+05,-4853.8
-6.3288e-05,-0.00036457,-2.6564e+05,-5186.8
-6.3261e-05,-0.00037956,-2.6583e+05,-5346.6
-6.3218e-05,-0.00038696,-2.6581e+05,-5424.9
-6.3163e-05,-0.00041033,-2.6606e+05,-5673.7
-6.3118e-05,-0.00042882,-2.6625e+05,-5870.6
-6.3043e-05,-0.00045555,-2.6649e+05,-6155
-6.2961e-05,-0.00049576,-2.6697e+05,-6583.4
-6.2921e-05,-0.00053065,-2.6752e+05,-6955.8
-6.2883e-05,-0.00054932,-2.6775e+05,-7154.7
-6.2801e-05,-0.00058584,-2.6815e+05,-7543.7
-6.2717e-05,-0.00062322,-2.6857e+05,-7941.8
-6.2636e-05,-0.00065031,-2.688e+05,-8229.9
-6.2568e-05,-0.00068435,-2.6921e+05,-8592.7
-6.2542e-05,-0.00070625,-2.6955e+05,-8826.4
-6.2512e-05,-0.00071578,-2.6962e+05,-8927.7
-6.2481e-05,-0.00073678,-2.6992e+05,-9151.8
-6.2445e-05,-0.00074777,-2.7e+05,-9268.6
-6.2394e-05,-0.00076593,-2.7016e+05,-9461.8
-6.2345e-05,-0.00078099,-2.7027e+05,-9621.9
-6.2312e-05,-0.00080021,-2.7052e+05,-9826.8
-6.2349e-05,-0.00080228,-2.7072e+05,-9849.7
-6.2371e-05,-0.00078872,-2.7053e+05,-9705.1
-6.235e-05,-0.00079082,-2.7049e+05,-9727.1
-6.2366e-05,-0.0008031,-2.708e+05,-9858.8
-6.2371e-05,-0.00079504,-2.7066e+05,-9772.6
-6.2353e-05,-0.00079797,-2.7065e+05,-9803.6
-6.2345e-05,-0.00079399,-2.7053e+05,-9761
-6.233e-05,-0.00078574,-2.703e+05,-9672.4
-6.2321e-05,-0.00077903,-2.7013e+05,-9600.4
-6.2347e-05,-0.00076195,-2.6989e+05,-9418.2
-6.2309e-05,-0.00075571,-2.6961e+05,-9350.8
-6.2293e-05,-0.00074606,-2.6934e+05,-9247.2
-6.2339e-05,-0.00073169,-2.6924e+05,-9094.4
-6.2397e-05,-0.00071098,-2.6905e+05,-8874.1
-6.2426e-05,-0.00070043,-2.6896e+05,-8761.8
-6.248e-05,-0.00068965,-2.6896e+05,-8647.6
-6.2544e-05,-0.00066684,-2.6876e+05,-8404.9
-6.2591e-05,-0.00064639,-2.6853e+05,-8187.1
-6.2577e-05,-0.00063453,-2.6823e+05,-8059.9
-6.2595e-05,-0.00064016,-2.6842e+05,-8120.5
-6.2633e-05,-0.00060531,-2.6786e+05,-7748.6
-6.2685e-05,-0.00060171,-2.6800e+05,-7711.1
-6.2772e-05,-0.00055717,-2.6745e+05,-7236.4
-6.2782e-05,-0.0005461,-2.6726e+05,-7118.2
-6.2796e-05,-0.00053922,-2.6718e+05,-7044.9
-6.2865e-05,-0.00051978,-2.6707e+05,-6838.4
-6.2914e-05,-0.00048522,-2.6657e+05,-6469.8
-6.2964e-05,-0.00047956,-2.6665e+05,-6410.2
-6.3062e-05,-0.00043843,-2.6622e+05,-5972.3
-6.312e-05,-0.00041411,-2.6596e+05,-5713.3
-6.3142e-05,-0.00039696,-2.657e+05,-5530.3
-6.3175e-05,-0.0003866,-2.6562e+05,-5420.2
-6.3182e-05,-0.00036723,-2.6526e+05,-5213.1
-6.3187e-05,-0.00037071,-2.6534e+05,-5250.4
-6.3245e-05,-0.00035401,-2.6524e+05,-5073
-6.3263e-05,-0.00033177,-2.6487e+05,-4835.5
-6.3272e-05,-0.00033982,-2.6507e+05,-4921.8
-6.3295e-05,-0.00031941,-2.6474e+05,-4704
-6.327e-05,-0.0003272,-2.648e+05,-4786.7
-6.329e-05,-0.00032999,-2.6494e+05,-4817
-6.3248e-05,-0.00032081,-2.6458e+05,-4717.9
-6.3203e-05,-0.00035138,-2.6502e+05,-5044
-6.3248e-05,-0.0003367,-2.649e+05,-4888
-6.3319e-05,-0.00031694,-2.6479e+05,-4678.1
-6.3339e-05,-0.00029226,-2.6437e+05,-4414.5
-6.3364e-05,-0.00029278,-2.6448e+05,-4420.4
-6.3428e-05,-0.00025503,-2.6398e+05,-4018
-6.3529e-05,-0.00023241,-2.6392e+05,-3778.1
-6.3706e-05,-0.00015503,-2.6308e+05,-2954.1
-6.3895e-05,-8.5457e-05,-2.6243e+05,-2213.8
-6.4161e-05,1.6184e-05,-2.6145e+05,-1132.1
-6.4538e-05,0.00015802,-2.601e+05,377.27
-6.5011e-05,0.00034313,-2.5827e+05,2347.4
-6.5541e-05,0.00054813,-2.5626e+05,4529.1
-6.6185e-05,0.00080588,-2.5366e+05,7272.5
-6.696e-05,0.0010437,-2.5205e+05,9795.9
-6.7509e-05,0.0011988,-2.5061e+05,11482
-6.7733e-05,0.0012669,-2.4969e+05,12237
-6.7869e-05,0.0013091,-2.4923e+05,12698
-6.7892e-05,0.0013231,-2.4905e+05,12846
-6.7787e-05,0.001313,-2.4906e+05,12724
-6.7515e-05,0.0012894,-2.4875e+05,12457
-6.6952e-05,0.0012238,-2.4839e+05,11724
-6.6183e-05,0.0010904,-2.4846e+05,10276
-6.499e-05,0.00087435,-2.474e+05,8028.6
-6.3491e-05,0.00043097,-2.5029e+05,3317.2
-6.1591e-05,-0.00014824,-2.5431e+05,-2838.9
-5.9921e-05,-0.00095329,-2.6329e+05,-11459
-5.9826e-05,-0.0016779,-2.6912e+05,-19722
-5.2017e-05,-0.0023074,-3.0352e+05,-23140
-6.0719e-05,-0.0012804,-2.7067e+05,-15144
-6.1954e-05,-0.00066579,-2.6633e+05,-8381.4
-6.3292e-05,-0.00017632,-2.6182e+05,-3173.2
-6.4278e-05,0.00028378,-2.5648e+05,1727.7
-6.4801e-05,0.00050835,-2.5405e+05,4118.7
-6.4943e-05,0.0006367,-2.5202e+05,5488.5
-6.4866e-05,0.00059434,-2.5257e+05,5037
-6.4838e-05,0.00058418,-2.5266e+05,4929
-6.481e-05,0.00057403,-2.5276e+05,4820.9
-6.4783e-05,0.00056386,-2.5285e+05,4712.8
-6.4755e-05,0.0005537,-2.5294e+05,4604.7
-6.4735e-05,0.00054404,-2.5306e+05,4501.8
-6.4721e-05,0.00053837,-2.5311e+05,4441.4
-6.4707e-05,0.00053268,-2.5317e+05,4380.8
-6.4692e-05,0.00052694,-2.5323e+05,4319.7
-6.4677e-05,0.00052128,-2.5328e+05,4259.5
-6.4661e-05,0.00051562,-2.5333e+05,4199.3
-6.4645e-05,0.00050996,-2.5338e+05,4139.1
-6.4629e-05,0.00050426,-2.5344e+05,4078.4
-6.4613e-05,0.00049861,-2.5348e+05,4018.4
-6.4597e-05,0.00049296,-2.5353e+05,3958.3
-6.4582e-05,0.00048731,-2.5358e+05,3898.2
-6.4565e-05,0.00048161,-2.5364e+05,3837.5
-6.455e-05,0.00047596,-2.5368e+05,3777.4
-6.4534e-05,0.00047031,-2.5373e+05,3717.3
-6.4518e-05,0.00046466,-2.5378e+05,3657.2
-6.4502e-05,0.00045895,-2.5384e+05,3596.5
-6.4486e-05,0.00045331,-2.5388e+05,3536.5
-6.447e-05,0.00044766,-2.5393e+05,3476.4
-6.4454e-05,0.00044202,-2.5398e+05,3416.4
-6.4438e-05,0.00043636,-2.5403e+05,3356.2
-6.4422e-05,0.00043066,-2.5408e+05,3295.6
-6.4406e-05,0.00042502,-2.5413e+05,3235.5
-6.4391e-05,0.00041937,-2.5419e+05,3175.4
-6.4375e-05,0.0004137,-2.5424e+05,3115.1
-6.436e-05,0.00040798,-2.5429e+05,3054.3
-6.4345e-05,0.00040232,-2.5435e+05,2994.1
-6.433e-05,0.00039666,-2.544e+05,2933.8
-6.4315e-05,0.000391,-2.5445e+05,2873.5
-6.4299e-05,0.00038528,-2.5451e+05,2812.7
-6.4284e-05,0.00037962,-2.5456e+05,2752.5
-6.4269e-05,0.00037396,-2.5461e+05,2692.3
-6.4254e-05,0.00036829,-2.5467e+05,2632
-6.4239e-05,0.00036258,-2.5472e+05,2571.1
-6.4224e-05,0.00035692,-2.5477e+05,2510.9
-6.4209e-05,0.00035126,-2.5483e+05,2450.7
-6.4193e-05,0.0003456,-2.5488e+05,2390.5
-6.4178e-05,0.00033994,-2.5493e+05,2330.2
-6.4163e-05,0.00033422,-2.5499e+05,2269.4
-6.4148e-05,0.00032856,-2.5504e+05,2209.2
-6.4133e-05,0.00032291,-2.551e+05,2149
-6.4118e-05,0.00031724,-2.5515e+05,2088.7
-6.4102e-05,0.00031153,-2.552e+05,2027.9
-6.4087e-05,0.00030587,-2.5526e+05,1967.7
-6.4072e-05,0.00030021,-2.5531e+05,1907.5
-6.4057e-05,0.00029455,-2.5536e+05,1847.3
-6.4041e-05,0.00028885,-2.5541e+05,1786.6
-6.4025e-05,0.00028321,-2.5546e+05,1726.6
-6.4009e-05,0.00027757,-2.5551e+05,1666.6
-6.3993e-05,0.00027192,-2.5556e+05,1606.5
-6.3977e-05,0.00026622,-2.5561e+05,1545.8
-6.3962e-05,0.00026057,-2.5566e+05,1485.8
-6.3946e-05,0.00025493,-2.5571e+05,1425.8
-6.393e-05,0.00024929,-2.5576e+05,1365.8
-6.3914e-05,0.00024364,-2.5581e+05,1305.7
-6.3898e-05,0.00023794,-2.5586e+05,1245.1
-6.3883e-05,0.0002323,-2.5592e+05,1185.1
-6.3867e-05,0.00022666,-2.5597e+05,1125.1
-6.3851e-05,0.00022101,-2.5602e+05,1065
-6.3835e-05,0.00021532,-2.5607e+05,1004.4
-6.382e-05,0.00020967,-2.5612e+05,944.32
-6.3804e-05,0.00020403,-2.5617e+05,884.27
-6.3789e-05,0.00019837,-2.5622e+05,824.08
-6.3773e-05,0.00019267,-2.5628e+05,763.35
-6.3759e-05,0.00018701,-2.5633e+05,703.14
-6.3744e-05,0.00018135,-2.5638e+05,642.93
-6.3729e-05,0.00017568,-2.5644e+05,582.65
-6.3714e-05,0.00016997,-2.5649e+05,521.84
-6.3699e-05,0.00016431,-2.5655e+05,461.64
-6.3678e-05,0.00015814,-2.5659e+05,396.08
-6.3651e-05,0.00014799,-2.5668e+05,287.98
-6.3623e-05,0.00013783,-2.5678e+05,179.93
-6.3595e-05,0.00012771,-2.5687e+05,72.296
-6.3568e-05,0.00011757,-2.5696e+05,-35.591
-6.354e-05,0.00010742,-2.5706e+05,-143.63
-6.3513e-05,9.7269e-05,-2.5716e+05,-251.66
-6.3486e-05,8.7117e-05,-2.5725e+05,-359.69
-6.324e-05,5.8655e-05,-2.5682e+05,-659.1
-6.2013e-05,-0.00017578,-2.5659e+05,-3141.6
-6.0736e-05,-0.0009849,-2.6716e+05,-11820
0.00022169,-0.0074754,-65114,-37735
