-4.6867e-06,-0.00026556,-22951,-3029.9
-4.746e-06,-0.00023523,-23029,-2680.3
-4.8519e-06,-0.00019063,-23092,-2173.4
-5.0042e-06,-0.00014515,-23169,-1666.9
-5.2109e-06,-9.8746e-05,-23251,-1163
-5.4082e-06,-5.285e-05,-23137,-675.13
-5.5281e-06,-2.3023e-05,-23020,-358.63
-5.6001e-06,-6.967e-06,-22987,-188.41
-5.6428e-06,4.4824e-06,-22928,-66.848
-5.6666e-06,9.2602e-06,-22928,-16.245
-5.68e-06,1.3554e-05,-22896,29.391
-5.6831e-06,1.4171e-05,-22896,35.927
-5.6722e-06,1.4136e-05,-22852,35.778
-5.6472e-06,9.123e-06,-22852,-17.317
-5.6183e-06,3.8522e-06,-22841,-73.088
-5.5958e-06,-2.8962e-06,-22886,-144.79
-5.5847e-06,-5.7548e-06,-22899,-175.13
-5.5751e-06,-7.9284e-06,-22904,-198.18
-5.5662e-06,-9.897e-06,-22908,-219.05
-5.5712e-06,-1.1196e-05,-22955,-233.04
-5.5785e-06,-7.5256e-06,-22910,-193.94
-5.5746e-06,-8.5755e-06,-22916,-205.09
-5.5728e-06,-9.1472e-06,-22920,-211.16
-5.569e-06,-9.6516e-06,-22914,-216.48
-5.5654e-06,-1.0879e-05,-22925,-229.53
-5.5682e-06,-1.0996e-05,-22939,-230.84
-5.5735e-06,-9.4968e-06,-22930,-214.92
-5.5781e-06,-8.584e-06,-22930,-205.25
-5.581e-06,-7.4744e-06,-22919,-193.44
-5.5832e-06,-7.1702e-06,-22922,-190.24
-5.5894e-06,-6.2347e-06,-22928,-180.36
-5.5933e-06,-4.4147e-06,-22907,-160.98
-5.5766e-06,-5.8256e-06,-22868,-175.72
-5.5603e-06,-1.1715e-05,-22921,-238.36
-5.5733e-06,-1.1605e-05,-22972,-237.45
-5.576e-06,-6.1938e-06,-22873,-179.65
-5.5521e-06,-1.1951e-05,-22892,-240.72
-5.5421e-06,-1.6312e-05,-22940,-287.15
-5.5461e-06,-1.572e-05,-22945,-280.9
-5.5587e-06,-1.417e-05,-22964,-264.58
-5.5727e-06,-1.0208e-05,-22941,-222.51
-5.5907e-06,-7.2453e-06,-22954,-191.19
-5.6104e-06,-1.9742e-06,-22927,-135.23
-5.6106e-06,2.872e-07,-22882,-111.05
-5.61e-06,-1.6432e-06,-22919,-131.68
-5.613e-06,2.6583e-07,-22892,-111.33
-5.6124e-06,-5.3047e-07,-22906,-119.83
-5.6179e-06,3.1282e-07,-22911,-110.93
-5.6147e-06,1.3941e-06,-22876,-99.3
-5.6e-06,-1.7289e-06,-22880,-132.4
-5.5864e-06,-4.9385e-06,-22890,-166.44
-5.5623e-06,-8.9272e-06,-22872,-208.6
-5.5392e-06,-1.576e-05,-22917,-281.19
-5.5404e-06,-1.7803e-05,-22964,-303.06
-5.5657e-06,-1.3936e-05,-22988,-262.22
-5.6151e-06,-5.092e-06,-23010,-168.66
-5.6392e-06,6.9055e-06,-22864,-40.866
-5.6393e-06,4.4476e-06,-22915,-67.15
-5.6447e-06,7.2179e-06,-22880,-37.637
-5.6539e-06,7.0102e-06,-22922,-40.044
-5.6619e-06,1.1284e-05,-22868,5.4918
-5.6694e-06,1.0534e-05,-22913,-2.6779
-5.6733e-06,1.4514e-05,-22849,39.796
-5.6722e-06,1.2038e-05,-22894,13.348
-5.6702e-06,1.3943e-05,-22847,33.758
-5.6646e-06,1.0887e-05,-22887,1.1886
-5.6565e-06,1.1296e-05,-22845,5.7307
-5.6349e-06,6.1308e-06,-22862,-49.062
-5.6151e-06,1.9832e-06,-22866,-93.009
-5.6105e-06,-1.6694e-06,-22922,-131.97
-5.6127e-06,2.1887e-07,-22892,-111.83
-5.6165e-06,-7.486e-07,-22927,-122.25
-5.6238e-06,2.077e-06,-22899,-92.181
-5.6344e-06,2.6218e-06,-22932,-86.573
-5.6653e-06,7.8582e-06,-22951,-31.21
-5.7186e-06,1.7841e-05,-22966,74.455
-5.7243e-06,2.8696e-05,-22768,190.41
-5.6934e-06,1.9226e-05,-22834,89.777
-5.668e-06,1.4981e-05,-22817,44.898
-5.6502e-06,8.4887e-06,-22877,-24.161
-5.6387e-06,7.2165e-06,-22856,-37.531
-5.6278e-06,3.2012e-06,-22893,-80.243
-5.622e-06,2.7122e-06,-22879,-85.353
-5.6259e-06,1.1748e-06,-22927,-101.87
-5.6338e-06,4.7105e-06,-22886,-64.225
-5.6448e-06,4.7644e-06,-22930,-63.874
-5.6718e-06,1.0564e-05,-22923,-2.408
-5.7115e-06,1.7571e-05,-22942,71.709
-5.7161e-06,2.6124e-05,-22787,163.06
-5.6935e-06,1.8547e-05,-22849,82.514
-5.6762e-06,1.6157e-05,-22827,57.309
-5.6652e-06,1.1246e-05,-22882,5.0195
-5.6603e-06,1.1474e-05,-22857,7.5596
-5.6551e-06,8.7526e-06,-22892,-21.439
-5.6514e-06,9.2879e-06,-22866,-15.639
-5.6498e-06,7.1488e-06,-22903,-38.481
-5.6481e-06,8.5891e-06,-22866,-23.044
-5.6464e-06,6.4203e-06,-22903,-46.2
-5.6451e-06,7.903e-06,-22868,-30.32
-5.6495e-06,6.3053e-06,-22918,-47.493
-5.6548e-06,9.9031e-06,-22867,-9.1289
-5.6527e-06,7.9447e-06,-22898,-30.028
-5.6553e-06,9.2802e-06,-22882,-15.802
-5.6548e-06,9.2212e-06,-22881,-16.422
-5.6422e-06,8.4267e-06,-22845,-24.661
-5.6304e-06,3.5587e-06,-22896,-76.474
-5.6213e-06,3.2887e-06,-22865,-79.175
-5.617e-06,-2.376e-07,-22919,-116.79
-5.6143e-06,1.4073e-06,-22874,-99.15
-5.6118e-06,-1.4347e-06,-22922,-129.49
-5.6093e-06,2.8483e-07,-22877,-111.05
-5.6085e-06,-2.3774e-06,-22928,-139.5
-5.6089e-06,-3.1373e-08,-22882,-114.42
-5.6074e-06,-2.4257e-06,-22924,-140
-5.6059e-06,-6.9713e-07,-22883,-121.48
-5.6049e-06,-3.0925e-06,-22927,-147.07
-5.6028e-06,-1.2116e-06,-22880,-126.92
-5.5922e-06,-4.4714e-06,-22904,-161.56
-5.5872e-06,-5.4906e-06,-22904,-172.36
-5.5818e-06,-6.8621e-06,-22910,-186.91
-5.5841e-06,-7.4623e-06,-22931,-193.38
-5.5924e-06,-5.4907e-06,-22925,-172.46
-5.5845e-06,-4.6925e-06,-22877,-163.77
-5.5789e-06,-8.5168e-06,-22932,-204.55
-5.5841e-06,-6.7675e-06,-22917,-185.95
-5.5839e-06,-6.7302e-06,-22916,-185.55
-5.583e-06,-6.8795e-06,-22915,-187.12
-5.5924e-06,-6.6306e-06,-22948,-184.65
-5.5955e-06,-3.046e-06,-22888,-146.39
-5.5919e-06,-5.4859e-06,-22923,-172.4
-5.5938e-06,-4.3431e-06,-22908,-160.22
-5.5875e-06,-4.9812e-06,-22895,-166.92
-5.5824e-06,-7.014e-06,-22915,-188.55
-5.5895e-06,-6.5935e-06,-22936,-184.2
-5.5929e-06,-3.9818e-06,-22897,-156.34
-5.5937e-06,-5.3292e-06,-22927,-170.76
-5.5942e-06,-3.6114e-06,-22894,-152.41
-5.5866e-06,-5.6296e-06,-22904,-173.83
-5.5871e-06,-6.6297e-06,-22927,-184.53
-5.5718e-06,-6.2631e-06,-22857,-180.31
-5.551e-06,-1.3303e-05,-22915,-255.16
-5.5556e-06,-1.4607e-05,-22960,-269.2
-5.5675e-06,-1.0844e-05,-22933,-229.21
-5.5652e-06,-1.0236e-05,-22911,-222.65
-5.5547e-06,-1.2213e-05,-22908,-243.58
-5.5454e-06,-1.5127e-05,-22930,-274.55
-5.5431e-06,-1.5793e-05,-22934,-281.63
-5.5391e-06,-1.6283e-05,-22927,-286.78
-5.5365e-06,-1.7637e-05,-22944,-301.21
-5.548e-06,-1.6617e-05,-22970,-290.53
-5.5674e-06,-1.1941e-05,-22954,-240.92
-5.5862e-06,-7.9341e-06,-22950,-198.47
-5.6048e-06,-3.6447e-06,-22938,-152.98
-5.6318e-06,1.0358e-06,-22953,-103.48
-5.6606e-06,8.6123e-06,-22917,-23.051
-5.6819e-06,1.2886e-05,-22917,22.213
-5.6891e-06,1.6498e-05,-22872,60.691
-5.682e-06,1.5087e-05,-22872,45.748
-5.6694e-06,1.3421e-05,-22855,28.187
-5.6511e-06,9.747e-06,-22855,-10.723
-5.6154e-06,5.2618e-06,-22800,-57.957
-5.5429e-06,-6.2893e-06,-22740,-180
-5.4152e-06,-2.6378e-05,-22627,-392.21
-5.2251e-06,-6.0469e-05,-22545,-752.87
-5.0191e-06,-0.00010461,-22569,-1223
-4.8553e-06,-0.00015303,-22656,-1752.2
-4.7434e-06,-0.00020056,-22730,-2284.7
-4.682e-06,-0.00024533,-22818,-2796
-9.6526e-07,-0.00024151,-6471.6,-2737.1
-1.5011e-06,2.7655e-05,-5552.7,265.74
-1.5013e-06,2.7651e-05,-5550.7,265.9
-1.5009e-06,2.7675e-05,-5550.6,266.03
-1.5006e-06,2.7701e-05,-5551.2,266.15
-1.5006e-06,2.7715e-05,-5551.2,266.27
-1.5005e-06,2.773e-05,-5551.2,266.4
-1.5005e-06,2.7745e-05,-5551.2,266.52
-1.5004e-06,2.776e-05,-5551.2,266.64
-1.5003e-06,2.7775e-05,-5551.2,266.77
-1.5003e-06,2.7791e-05,-5551.2,266.89
-1.5002e-06,2.7806e-05,-5551.2,267.02
-1.5001e-06,2.7821e-05,-5551.2,267.14
-1.5001e-06,2.783e-05,-5551.2,267.21
-1.5e-06,2.7839e-05,-5551.2,267.28
-1.5e-06,2.7848e-05,-5551.3,267.35
-1.5e-06,2.7855e-05,-5551.2,267.42
-1.4998e-06,2.7864e-05,-5550.8,267.49
-1.4993e-06,2.788e-05,-5550.3,267.56
-1.4986e-06,2.7905e-05,-5550.2,267.63
-1.4979e-06,2.7931e-05,-5550.2,267.7
-1.4973e-06,2.7957e-05,-5550.3,267.77
-1.4966e-06,2.7982e-05,-5550.3,267.83
-1.4958e-06,2.801e-05,-5550.1,267.92
-1.495e-06,2.8037e-05,-5550.1,268
-1.4943e-06,2.8064e-05,-5550.1,268.07
-1.4936e-06,2.809e-05,-5550.1,268.14
-1.4929e-06,2.8116e-05,-5550.2,268.22
-1.4923e-06,2.8142e-05,-5550.2,268.29
-1.4916e-06,2.8168e-05,-5550.2,268.37
-1.4909e-06,2.8193e-05,-5550.2,268.44
-1.4903e-06,2.8219e-05,-5550.2,268.52
-1.4896e-06,2.8244e-05,-5550.2,268.6
-1.489e-06,2.8269e-05,-5550.2,268.67
-1.4889e-06,2.8293e-05,-5552.2,268.75
-1.4895e-06,2.8287e-05,-5552.2,268.83
-1.49e-06,2.8281e-05,-5552.2,268.9
-1.4906e-06,2.8274e-05,-5552.2,268.98
-1.4911e-06,2.8268e-05,-5552.2,269.06
-1.4917e-06,2.8262e-05,-5552.2,269.14
-1.4922e-06,2.8256e-05,-5552.2,269.22
-1.4928e-06,2.825e-05,-5552.2,269.3
-1.4933e-06,2.8244e-05,-5552.2,269.38
-1.4939e-06,2.8237e-05,-5552.3,269.46
-1.4945e-06,2.8231e-05,-5552.3,269.54
-1.4951e-06,2.8224e-05,-5552.3,269.62
-1.4957e-06,2.8217e-05,-5552.3,269.7
-1.4963e-06,2.821e-05,-5552.3,269.79
-1.4969e-06,2.8203e-05,-5552.3,269.87
-1.4975e-06,2.8196e-05,-5552.3,269.95
-1.4981e-06,2.8189e-05,-5552.3,270.04
-1.4987e-06,2.8182e-05,-5552.3,270.12
-1.4993e-06,2.8176e-05,-5552.3,270.21
-1.4999e-06,2.8169e-05,-5552.3,270.29
-1.5005e-06,2.8162e-05,-5552.3,270.38
-1.501e-06,2.8156e-05,-5551.9,270.46
-1.5011e-06,2.8157e-05,-5550.8,270.55
-1.5006e-06,2.8174e-05,-5550.5,270.63
-1.5001e-06,2.8197e-05,-5550.4,270.72
-1.4996e-06,2.822e-05,-5550.4,270.81
-1.499e-06,2.8244e-05,-5550.4,270.9
-1.4985e-06,2.8267e-05,-5550.4,270.99
-1.4979e-06,2.829e-05,-5550.4,271.07
-1.4974e-06,2.8314e-05,-5550.4,271.16
-1.4969e-06,2.8337e-05,-5550.4,271.25
-1.4963e-06,2.8361e-05,-5550.4,271.34
-1.4958e-06,2.8384e-05,-5550.4,271.43
-1.4953e-06,2.8408e-05,-5550.4,271.52
-1.4947e-06,2.8431e-05,-5550.4,271.61
-1.4942e-06,2.8455e-05,-5550.4,271.7
-1.4938e-06,2.8478e-05,-5550.8,271.79
-1.4935e-06,2.8495e-05,-5550.8,271.88
-1.4935e-06,2.8511e-05,-5551.8,271.98
-1.4938e-06,2.8514e-05,-5551.8,272.07
-1.4944e-06,2.8516e-05,-5552.8,272.16
-1.4953e-06,2.8502e-05,-5552.8,272.25
-1.4962e-06,2.8487e-05,-5552.9,272.35
-1.4972e-06,2.8473e-05,-5552.9,272.44
-1.4981e-06,2.8458e-05,-5552.9,272.53
-1.4991e-06,2.8444e-05,-5552.9,272.63
-1.5004e-06,2.8429e-05,-5554.1,272.73
-1.502e-06,2.8401e-05,-5553.6,272.88
-1.5028e-06,2.839e-05,-5552.2,273.07
-1.5033e-06,2.8395e-05,-5552.1,273.23
-1.5038e-06,2.84e-05,-5552.1,273.4
-1.5042e-06,2.8405e-05,-5552.1,273.57
-1.5047e-06,2.8412e-05,-5552,273.74
-1.5051e-06,2.8418e-05,-5552,273.91
-1.5054e-06,2.8425e-05,-5552,274.08
-1.5058e-06,2.8433e-05,-5552,274.25
-1.5057e-06,2.8442e-05,-5550.3,274.43
-9.6901e-07,-8.9468e-06,-4134.9,-115.37
