0.00024054,-0.0091708,-68639,-20097
-1.4814e-05,-0.0029576,-82353,-19028
-2.2299e-05,-0.0011954,-72694,-9219.9
-2.2153e-05,-0.00036525,-84405,-2624.5
-2.3239e-05,7.3681e-05,-88303,493.15
-2.3611e-05,0.00036731,-89645,2547.3
-2.3863e-05,0.00046378,-90900,3203.7
-2.3961e-05,0.00050377,-90526,3537.1
-2.3665e-05,0.00044234,-89562,3094.2
-2.3423e-05,0.00033227,-88697,2319.2
-2.3226e-05,0.00022734,-88076,1578.2
-2.2977e-05,0.00014148,-87227,972.25
-2.2791e-05,6.4918e-05,-86610,431.88
-2.2636e-05,7.9481e-06,-86085,29.803
-2.2524e-05,-4.5876e-05,-85722,-350.11
-2.2499e-05,-7.1155e-05,-85658,-528.57
-2.2557e-05,-5.9751e-05,-85864,-448.12
-2.2643e-05,-1.6503e-05,-86141,-142.85
-2.2713e-05,1.1263e-05,-86374,53.124
-2.2788e-05,4.7075e-05,-86617,305.89
-2.2862e-05,7.7333e-05,-86863,519.46
-2.2927e-05,0.00010907,-87075,743.44
-2.3004e-05,0.00013803,-87336,947.88
-2.3093e-05,0.00017933,-87626,1239.4
-2.3202e-05,0.00021048,-88004,1459.2
-2.3274e-05,0.00025983,-88220,1807.5
-2.3381e-05,0.0002979,-88585,2076.2
-2.3439e-05,0.00034126,-88789,2379.9
-2.3488e-05,0.00035934,-88961,2507.1
-2.3525e-05,0.00038285,-89090,2671.9
-2.3561e-05,0.00039361,-89228,2747.2
-2.3613e-05,0.00042126,-89395,2942.3
-2.3649e-05,0.00044192,-89511,3088.3
-2.3648e-05,0.00045517,-89492,3181.8
-2.3636e-05,0.00044012,-89528,3071.2
-2.3615e-05,0.00043855,-89468,3058.8
-2.3574e-05,0.00042157,-89357,2937.1
-2.3563e-05,0.00041176,-89433,2860.5
-2.3591e-05,0.00043097,-89660,2986.7
-2.3619e-05,0.00046069,-89880,3187.3
-2.365e-05,0.00046712,-89917,3237.2
-2.3695e-05,0.00048301,-90099,3348.2
-2.3665e-05,0.00048177,-90008,3338.2
-2.3655e-05,0.00048215,-89972,3341.1
-2.3652e-05,0.00046684,-89993,3231.7
-2.3634e-05,0.00046778,-89984,3234.5
-2.3618e-05,0.00045885,-89980,3168.2
-2.3613e-05,0.00046677,-89967,3223.2
-2.3631e-05,0.00046237,-90106,3187.8
-2.3558e-05,0.00046081,-89864,3174.8
-2.3527e-05,0.00044911,-89743,3092.8
-2.3532e-05,0.0004536,-89749,3125.2
-2.3533e-05,0.00044829,-89781,3086
-2.3516e-05,0.00044331,-89666,3054.2
-2.3491e-05,0.00041864,-89500,2885.8
-2.3429e-05,0.00039619,-89166,2735.1
-2.3395e-05,0.00034756,-88839,2408.6
-2.3315e-05,0.00031518,-88409,2191.6
-2.3204e-05,0.00025617,-87960,1781.8
-2.3142e-05,0.00021799,-87765,1512.3
-2.3144e-05,0.00020849,-87786,1445.2
-2.3225e-05,0.00022753,-88073,1579.5
-2.3345e-05,0.00027564,-88514,1916.3
-2.3405e-05,0.00032668,-88815,2267.3
-2.345e-05,0.0003559,-89010,2469.8
-2.3484e-05,0.00037303,-89099,2592.5
-2.3478e-05,0.00036702,-89047,2552.2
-2.3438e-05,0.00036556,-88880,2543.2
-2.3379e-05,0.00034048,-88630,2369.6
-2.3347e-05,0.00030811,-88443,2148.4
-2.3305e-05,0.0002845,-88309,1981.7
-2.3243e-05,0.00026771,-88134,1860.3
-2.3184e-05,0.00023996,-87928,1665.4
-2.3125e-05,0.00021766,-87715,1509
-2.307e-05,0.00019019,-87529,1315.8
-2.3004e-05,0.00016717,-87302,1153.6
-2.2944e-05,0.00013508,-87108,927.12
-2.2899e-05,0.00011383,-86962,777.1
-2.2851e-05,9.4317e-05,-86803,639.39
-2.2803e-05,7.3241e-05,-86644,490.63
-2.2765e-05,5.2698e-05,-86524,345.62
-2.2718e-05,3.8136e-05,-86363,242.86
-2.2665e-05,1.2599e-05,-86192,62.613
-2.2607e-05,-9.6266e-06,-85994,-94.247
-2.2524e-05,-4.3244e-05,-85718,-331.52
-2.2435e-05,-8.0201e-05,-85422,-592.35
-2.2354e-05,-0.00012188,-85164,-886.56
-2.2265e-05,-0.00015348,-84863,-1109.6
-2.2178e-05,-0.00019672,-84581,-1414.8
-2.2118e-05,-0.00023047,-84395,-1653
-2.2057e-05,-0.00025991,-84195,-1860.8
-2.1972e-05,-0.00028722,-83903,-2053.5
-2.1919e-05,-0.00031418,-83760,-2241.9
-2.1874e-05,-0.00032881,-83622,-2344.2
-2.1838e-05,-0.00035264,-83489,-2514.2
-2.1782e-05,-0.00036724,-83283,-2618
-2.1727e-05,-0.00038651,-83182,-2748.1
-2.1709e-05,-0.00039866,-83159,-2832.8
-2.1658e-05,-0.00041497,-82953,-2951.1
-2.1653e-05,-0.00042153,-82884,-3002.5
-2.1627e-05,-0.00042578,-82880,-3027.6
-2.1632e-05,-0.00042998,-82998,-3051.9
-2.1607e-05,-0.00044061,-82726,-3139.8
-2.1589e-05,-0.00044077,-82692,-3139.1
-2.1616e-05,-0.0004427,-82833,-3151
-2.1636e-05,-0.00043719,-82907,-3111.4
-2.1608e-05,-0.00043202,-83098,-3055.4
-2.1589e-05,-0.00042502,-82989,-3007.2
-2.1537e-05,-0.00041975,-83135,-2946.6
-2.1497e-05,-0.00041301,-83366,-2871.1
-2.1465e-05,-0.00040808,-83164,-2840.5
-2.151e-05,-0.00039694,-83619,-2738
-2.1583e-05,-0.00038464,-83674,-2664.5
-2.1579e-05,-0.00037485,-83471,-2606.6
-2.1633e-05,-0.00036838,-83567,-2567.7
-2.1706e-05,-0.00035502,-83615,-2487.4
-2.1729e-05,-0.00034553,-83560,-2429.2
-2.1732e-05,-0.00033846,-83469,-2385.6
-2.1784e-05,-0.0003388,-83669,-2388.2
-2.1852e-05,-0.00032047,-83735,-2270.7
-2.1855e-05,-0.00032015,-83750,-2268.1
-2.1902e-05,-0.00030565,-83810,-2172.8
-2.1937e-05,-0.00030279,-83931,-2153.3
-2.1917e-05,-0.00029847,-83841,-2123.4
-2.1976e-05,-0.00029112,-84024,-2073.9
-2.2032e-05,-0.00027704,-84182,-1977.3
-2.2062e-05,-0.00027918,-84305,-1992.1
-2.2082e-05,-0.00026525,-84327,-1896.3
-2.2105e-05,-0.00026143,-84409,-1869.4
-2.2069e-05,-0.00025873,-84264,-1850.7
-2.2064e-05,-0.00026044,-84251,-1862.5
-2.2064e-05,-0.00025623,-84238,-1833.5
-2.2064e-05,-0.00025872,-84240,-1851
-2.2076e-05,-0.00025669,-84283,-1836.8
-2.208e-05,-0.00025066,-84279,-1795
-2.2084e-05,-0.00025412,-84300,-1819.3
-2.2093e-05,-0.00024699,-84318,-1769.6
-2.2092e-05,-0.00024867,-84314,-1781.5
-2.2108e-05,-0.00024555,-84372,-1759.5
-2.2115e-05,-0.00023586,-84388,-1691.1
-2.2116e-05,-0.00023978,-84398,-1718.7
-2.2129e-05,-0.00023263,-84439,-1668.3
-2.2145e-05,-0.00022883,-84493,-1641.4
-2.2155e-05,-0.00022065,-84521,-1583.8
-2.2178e-05,-0.00021821,-84608,-1566.5
-2.2217e-05,-0.00019712,-84731,-1417.7
-2.2259e-05,-0.00018592,-84878,-1338.6
-2.2335e-05,-0.00015298,-85127,-1106.1
-2.2416e-05,-0.0001232,-85401,-895.93
-2.2523e-05,-8.0658e-05,-85760,-595.7
-2.2679e-05,-2.0305e-05,-86280,-169.73
-2.2887e-05,6.2903e-05,-86975,417.54
-2.3123e-05,0.00015949,-87760,1099.3
-2.3373e-05,0.0002772,-88579,1930.1
-2.3542e-05,0.00037142,-89066,2598.5
-2.3544e-05,0.00039635,-89006,2777.2
-2.3424e-05,0.00037249,-88936,2584.4
-2.3324e-05,0.0003372,-88592,2334.6
-2.317e-05,0.00027916,-87883,1938.5
-2.2934e-05,0.00020424,-86991,1415.4
-2.2602e-05,9.5221e-05,-85854,646.09
-2.2243e-05,-4.1556e-05,-84649,-319.23
-2.1924e-05,-0.00016435,-83592,-1184.9
-2.1648e-05,-0.00027075,-82652,-1936.8
-2.1413e-05,-0.00035951,-81645,-2578.5
-2.1479e-05,-0.00043208,-81548,-3119.8
-2.1425e-05,-0.00050714,-80309,-3719.8
-2.1151e-05,-0.00058534,-77900,-4359.1
-2.094e-05,-0.00062338,-76183,-4680.8
-2.1854e-05,-0.0004469,-83650,-3181.9
-2.3552e-05,0.00027177,-89265,1891.6
-2.3775e-05,0.00048483,-89358,3435.8
-2.3718e-05,0.00056156,-89922,3938.6
-2.3659e-05,0.00055025,-90943,3779.1
-2.3673e-05,0.00053904,-89787,3771.3
-2.3636e-05,0.00052163,-89159,3673.7
-2.3399e-05,0.00051955,-89774,3553.9
-2.3324e-05,0.00050828,-89369,3482.4
-2.3308e-05,0.00049545,-89192,3399.6
-2.3238e-05,0.00048432,-88903,3323.1
-2.3235e-05,0.00047042,-88798,3231.6
-2.3194e-05,0.00046552,-88538,3203.7
-2.3191e-05,0.00045807,-88511,3152.6
-2.3134e-05,0.0004517,-88257,3110.5
-2.3131e-05,0.00044477,-88247,3061.7
-2.3142e-05,0.00043698,-88263,3008.9
-2.3118e-05,0.00042909,-88113,2957.4
-2.3095e-05,0.00042342,-88005,2919.2
-2.3113e-05,0.00041531,-88028,2865.4
-2.3089e-05,0.00040734,-87893,2812.6
-2.3073e-05,0.00040169,-87778,2776.4
-2.3093e-05,0.00039336,-87814,2720.9
-2.3062e-05,0.00038635,-87651,2674.9
-2.3059e-05,0.00037959,-87595,2630.5
-2.3081e-05,0.00037122,-87639,2574.6
-2.3096e-05,0.00036299,-87654,2520
-2.3106e-05,0.00035502,-87657,2466.8
-2.314e-05,0.00034685,-87753,2412.2
-2.3144e-05,0.00033831,-87737,2354.7
-2.3133e-05,0.00033103,-87671,2305.4
-2.3118e-05,0.00032385,-87602,2256.4
-2.3104e-05,0.00031672,-87537,2207.3
-2.3087e-05,0.00030963,-87471,2158.1
-2.3066e-05,0.00030264,-87389,2109.4
-2.3048e-05,0.00029566,-87323,2060.4
-2.303e-05,0.00028862,-87262,2010.9
-2.3012e-05,0.00028161,-87200,1961.5
-2.2993e-05,0.00027461,-87135,1912.2
-2.2973e-05,0.00026757,-87069,1862.5
-2.2954e-05,0.00026061,-87002,1813.4
-2.2934e-05,0.00025365,-86936,1764.3
-2.2915e-05,0.00024668,-86870,1715.1
-2.2896e-05,0.00023964,-86804,1665.5
-2.2876e-05,0.00023268,-86738,1616.3
-2.2857e-05,0.00022572,-86673,1567.2
-2.2837e-05,0.00021876,-86607,1518
-2.2818e-05,0.00021178,-86541,1468.8
-2.2798e-05,0.00020475,-86475,1419.2
-2.2779e-05,0.00019779,-86409,1370.1
-2.276e-05,0.00019083,-86343,1320.9
-2.274e-05,0.00018386,-86277,1271.7
-2.2721e-05,0.00017682,-86211,1222.1
-2.2701e-05,0.00016986,-86145,1173
-2.2682e-05,0.0001629,-86080,1123.8
-2.2663e-05,0.00015592,-86015,1074.6
-2.2644e-05,0.00014887,-85952,1024.8
-2.2625e-05,0.00014189,-85889,975.55
-2.2607e-05,0.0001349,-85827,926.26
-2.2588e-05,0.00012791,-85764,876.9
-2.2569e-05,0.00012086,-85701,827.12
-2.2551e-05,0.00011387,-85638,777.83
-2.2532e-05,0.00010689,-85575,728.54
-2.2514e-05,9.9906e-05,-85513,679.25
-2.2495e-05,9.2914e-05,-85450,629.89
-2.2476e-05,8.586e-05,-85387,580.11
-2.2457e-05,7.8876e-05,-85324,530.82
-2.2439e-05,7.1892e-05,-85261,481.53
-2.242e-05,6.49e-05,-85198,432.18
-2.2401e-05,5.7846e-05,-85135,382.4
-2.2383e-05,5.0867e-05,-85072,333.14
-2.2364e-05,4.3889e-05,-85008,283.89
-2.2344e-05,3.6913e-05,-84942,234.66
-2.2325e-05,2.9876e-05,-84876,185
-2.2305e-05,2.2922e-05,-84810,135.92
-2.2286e-05,1.5968e-05,-84743,86.835
-2.2266e-05,9.0043e-06,-84676,37.691
-2.2246e-05,1.98e-06,-84609,-11.883
-2.2227e-05,-4.9743e-06,-84543,-60.963
-2.2199e-05,-1.256e-05,-84447,-114.49
-2.2164e-05,-2.5045e-05,-84328,-202.6
-2.213e-05,-3.7536e-05,-84212,-290.76
-2.2096e-05,-5.0086e-05,-84100,-379.34
-2.2062e-05,-6.26e-05,-83983,-467.66
-2.2027e-05,-7.5094e-05,-83865,-555.83
-2.1992e-05,-8.759e-05,-83746,-644.01
-2.1972e-05,-9.884e-05,-83684,-723.42
-2.1786e-05,-0.00011764,-82999,-855.96
-2.0916e-05,-0.00032526,-80726,-2267.6
-2.2009e-05,-0.00092243,-76243,-7052.7
3.733e-05,-0.0029507,62226,-15727
