8.8556e-05,-0.0058782,-60053,-20888
-1.3355e-05,-0.0026758,-63896,-17810
-1.927e-05,-0.0012379,-59265,-9613.9
-1.8746e-05,-0.00049865,-69537,-3692.1
-1.9432e-05,-7.7219e-05,-74000,-567.87
-1.9942e-05,0.00021545,-75597,1498.1
-2.0106e-05,0.00033789,-76606,2326.1
-2.0245e-05,0.00038647,-76700,2698.7
-2.0146e-05,0.00036485,-76279,2549.2
-1.9994e-05,0.00031968,-75717,2231.4
-1.9878e-05,0.0002391,-75328,1665.1
-1.9657e-05,0.00016303,-74573,1128.2
-1.9459e-05,8.7366e-05,-73909,594.24
-1.9272e-05,1.8919e-05,-73278,111.17
-1.9132e-05,-4.6284e-05,-72820,-349.04
-1.9079e-05,-8.2699e-05,-72659,-606.09
-1.9098e-05,-8.6969e-05,-72738,-636.26
-1.9159e-05,-6.1246e-05,-72939,-454.72
-1.9227e-05,-3.4848e-05,-73169,-268.4
-1.9307e-05,1.7815e-06,-73430,-9.8673
-1.939e-05,3.6134e-05,-73706,232.59
-1.9462e-05,7.1292e-05,-73938,480.75
-1.9538e-05,0.00010167,-74193,695.15
-1.9617e-05,0.00013981,-74451,964.33
-1.97e-05,0.00016755,-74731,1160.1
-1.9774e-05,0.00020397,-74971,1417.2
-1.9832e-05,0.00023144,-75161,1611.1
-1.9887e-05,0.00026512,-75333,1848.8
-1.9944e-05,0.00028508,-75551,1987.8
-1.9983e-05,0.00031191,-75718,2173.8
-2.0018e-05,0.0003254,-75847,2268.3
-2.0059e-05,0.00034677,-76014,2416.8
-2.01e-05,0.00036454,-76174,2540.7
-2.0136e-05,0.00038183,-76313,2661.5
-2.0183e-05,0.00039931,-76439,2787.1
-2.0214e-05,0.0004261,-76550,2974.6
-2.0211e-05,0.00042537,-76575,2967.2
-2.0175e-05,0.00042559,-76548,2961.4
-2.0127e-05,0.0004079,-76532,2826.8
-2.0052e-05,0.00039973,-76417,2758.5
-2.0038e-05,0.00038131,-76411,2626.5
-2.0019e-05,0.00037677,-76420,2589.4
-2.0013e-05,0.00037286,-76404,2561.4
-2.0002e-05,0.00037304,-76357,2563.2
-1.999e-05,0.00036294,-76273,2495
-1.9972e-05,0.00036384,-76247,2498.5
-1.9958e-05,0.00035416,-76182,2431.2
-1.9951e-05,0.00035601,-76188,2441.9
-1.9925e-05,0.00035127,-76123,2406.5
-1.9853e-05,0.00034839,-75821,2388
-1.9833e-05,0.0003336,-75618,2292.9
-1.9818e-05,0.000331,-75540,2276.1
-1.9878e-05,0.00032699,-75734,2250.3
-1.9806e-05,0.00032631,-75444,2246.8
-1.9816e-05,0.00030703,-75333,2122.2
-1.98e-05,0.00029309,-75300,2023.4
-1.9768e-05,0.00027102,-75041,1878.8
-1.9817e-05,0.00027191,-75191,1887.5
-1.9843e-05,0.00025871,-75258,1797.6
-1.9884e-05,0.00025236,-75363,1756.6
-1.9879e-05,0.00024507,-75324,1707.3
-1.9877e-05,0.00027022,-75288,1884.8
-1.9926e-05,0.00029605,-75589,2056.8
-1.9984e-05,0.00032121,-75892,2226.8
-2.0003e-05,0.00033183,-75949,2302.5
-2e-05,0.00033678,-75893,2340.1
-1.9983e-05,0.00032332,-75809,2247.3
-1.9964e-05,0.00031859,-75720,2215.3
-1.9911e-05,0.00029663,-75493,2063.8
-1.9862e-05,0.00026631,-75235,1857.2
-1.9825e-05,0.00024737,-75117,1723.5
-1.9784e-05,0.00023453,-75026,1629.3
-1.9743e-05,0.00021348,-74892,1481.1
-1.9702e-05,0.00019695,-74739,1365.7
-1.9663e-05,0.00017675,-74600,1224
-1.9613e-05,0.00015929,-74418,1101.4
-1.9565e-05,0.0001342,-74258,924.8
-1.9531e-05,0.00011793,-74147,809.95
-1.9494e-05,0.00010345,-74023,707.77
-1.9456e-05,8.652e-05,-73897,588.28
-1.9425e-05,7.0256e-05,-73801,473.48
-1.9387e-05,5.8274e-05,-73668,388.93
-1.9343e-05,3.723e-05,-73525,240.4
-1.9292e-05,1.8318e-05,-73356,106.93
-1.9221e-05,-1.0637e-05,-73116,-97.434
-1.9143e-05,-4.2967e-05,-72857,-325.62
-1.9071e-05,-7.9539e-05,-72628,-583.76
-1.8991e-05,-0.0001082,-72356,-785.99
-1.891e-05,-0.00014746,-72096,-1063.2
-1.8844e-05,-0.00017886,-71881,-1284.8
-1.8781e-05,-0.00020684,-71675,-1482.3
-1.8731e-05,-0.00023238,-71513,-1662.5
-1.8662e-05,-0.000259,-71300,-1849
-1.8614e-05,-0.00027475,-71159,-1958.5
-1.8581e-05,-0.000298,-71049,-2123.6
-1.8532e-05,-0.00031346,-70874,-2233.4
-1.8475e-05,-0.00033377,-70765,-2370.8
-1.8431e-05,-0.00034735,-70646,-2465.5
-1.8402e-05,-0.00036428,-70524,-2588.3
-1.8402e-05,-0.00037204,-70479,-2648
-1.8355e-05,-0.00037853,-70395,-2689
-1.8323e-05,-0.00038521,-70379,-2731.1
-1.8353e-05,-0.00039469,-70321,-2810.4
-1.8329e-05,-0.00039578,-70272,-2816
-1.8303e-05,-0.00039922,-70221,-2838.2
-1.8328e-05,-0.00039503,-70323,-2807.6
-1.8313e-05,-0.00039134,-70570,-2761.9
-1.8292e-05,-0.00038404,-70456,-2711.1
-1.8229e-05,-0.00037941,-70570,-2654.4
-1.8168e-05,-0.00037434,-70736,-2590
-1.8145e-05,-0.00036778,-70560,-2548.3
-1.8177e-05,-0.0003577,-70972,-2452.6
-1.8249e-05,-0.00034558,-71026,-2380.2
-1.8291e-05,-0.00033466,-70975,-2315.3
-1.8305e-05,-0.00032892,-70927,-2281.1
-1.8374e-05,-0.00031672,-70960,-2208.9
-1.8404e-05,-0.00030757,-70927,-2153.3
-1.8408e-05,-0.00030108,-70840,-2114.1
-1.8456e-05,-0.00030107,-71020,-2114.2
-1.8523e-05,-0.00028588,-71076,-2019.5
-1.8517e-05,-0.0002871,-71064,-2027.2
-1.858e-05,-0.00027482,-71174,-1948.7
-1.8569e-05,-0.00027393,-71134,-1942.4
-1.8587e-05,-0.00027105,-71191,-1922.5
-1.8643e-05,-0.00026463,-71355,-1880
-1.8652e-05,-0.0002529,-71327,-1800.8
-1.8683e-05,-0.00025414,-71456,-1809
-1.871e-05,-0.00024296,-71491,-1733.8
-1.8728e-05,-0.00024245,-71568,-1729.8
-1.8713e-05,-0.0002425,-71500,-1730.8
-1.8729e-05,-0.00024538,-71575,-1750.3
-1.8725e-05,-0.00024394,-71540,-1741.4
-1.8707e-05,-0.000248,-71482,-1769.7
-1.8709e-05,-0.00024926,-71485,-1779
-1.8712e-05,-0.00024471,-71466,-1748.8
-1.8715e-05,-0.00024779,-71483,-1770.4
-1.8718e-05,-0.00024319,-71478,-1738.8
-1.8713e-05,-0.00024663,-71460,-1763.1
-1.8722e-05,-0.00024621,-71493,-1760.2
-1.8725e-05,-0.00023983,-71500,-1715.2
-1.8735e-05,-0.00024219,-71538,-1731.8
-1.8774e-05,-0.0002279,-71672,-1630.9
-1.8832e-05,-0.00020466,-71866,-1466.9
-1.8877e-05,-0.00018037,-72008,-1295.4
-1.8921e-05,-0.00016564,-72159,-1191.5
-1.8979e-05,-0.00013768,-72344,-994.21
-1.9033e-05,-0.00011892,-72529,-861.76
-1.9119e-05,-8.169e-05,-72812,-599.01
-1.9207e-05,-4.7768e-05,-73106,-359.6
-1.931e-05,-4.8865e-06,-73449,-56.952
-1.9448e-05,5.0049e-05,-73910,330.77
-1.9621e-05,0.00012136,-74485,834.05
-1.9808e-05,0.00019853,-75107,1378.7
-1.9999e-05,0.00029102,-75772,2028.3
-2.0111e-05,0.00036121,-75986,2533.4
-2.0093e-05,0.00036988,-75879,2596.4
-2.0023e-05,0.0003433,-76078,2379.2
-1.9958e-05,0.00032006,-75944,2207.9
-1.9887e-05,0.00029557,-75452,2052.5
-1.9788e-05,0.00026582,-74954,1853.8
-1.9634e-05,0.00021826,-74423,1518.2
-1.9335e-05,0.00014039,-73378,968.69
-1.8954e-05,-9.7495e-06,-72103,-90.908
-1.8584e-05,-0.00014491,-70853,-1044.9
-1.8331e-05,-0.00025941,-70011,-1853.9
-1.8251e-05,-0.00036305,-69312,-2620.2
-1.8152e-05,-0.00046533,-67667,-3428.7
-1.7855e-05,-0.00056914,-64836,-4271
-1.6886e-05,-0.00061312,-59814,-4656.1
-1.7901e-05,-0.00036261,-68526,-2580.9
-1.9198e-05,0.00032246,-72418,2270.3
-1.9279e-05,0.00043863,-72703,3098.3
-1.9207e-05,0.00043086,-72983,3010.9
-1.9166e-05,0.00042211,-72894,2942.7
-1.9164e-05,0.00041267,-72859,2875.1
-1.9037e-05,0.00040219,-71998,2821.6
-1.8818e-05,0.00040241,-72498,2731
-1.877e-05,0.00039373,-72190,2677.8
-1.8776e-05,0.00038259,-72094,2607.1
-1.8733e-05,0.00037417,-71901,2550
-1.8733e-05,0.00036316,-71802,2479
-1.8697e-05,0.00035974,-71565,2461.3
-1.8693e-05,0.0003536,-71528,2419.7
-1.866e-05,0.00034877,-71361,2388.6
-1.8661e-05,0.00034342,-71360,2351.3
-1.8653e-05,0.00033748,-71300,2311.5
-1.8641e-05,0.00033211,-71193,2277.9
-1.8651e-05,0.00032648,-71202,2240.2
-1.8647e-05,0.00032031,-71142,2200.1
-1.8627e-05,0.00031584,-71020,2171.8
-1.8652e-05,0.00030915,-71057,2128.7
-1.8671e-05,0.00030258,-71086,2085.7
-1.8686e-05,0.0002962,-71095,2044.4
-1.8698e-05,0.00028995,-71091,2003.9
-1.8706e-05,0.0002838,-71082,1963.6
-1.8711e-05,0.0002777,-71052,1924.3
-1.8713e-05,0.00027175,-71024,1885.2
-1.873e-05,0.00026568,-71050,1845.7
-1.873e-05,0.00025933,-71016,1803.7
-1.872e-05,0.00025376,-70958,1766.2
-1.8709e-05,0.00024823,-70903,1728.5
-1.8697e-05,0.00024274,-70853,1690.7
-1.8685e-05,0.00023727,-70803,1652.7
-1.8668e-05,0.00023189,-70739,1615.1
-1.8653e-05,0.00022652,-70688,1577.4
-1.864e-05,0.0002211,-70642,1539.2
-1.8626e-05,0.00021569,-70594,1501.1
-1.8612e-05,0.00021028,-70545,1463
-1.8597e-05,0.00020484,-70496,1424.6
-1.8582e-05,0.00019946,-70446,1386.7
-1.8568e-05,0.00019408,-70395,1348.8
-1.8552e-05,0.0001887,-70344,1310.8
-1.8537e-05,0.00018328,-70293,1272.5
-1.8522e-05,0.00017792,-70242,1234.7
-1.8507e-05,0.00017255,-70191,1196.8
-1.8492e-05,0.00016718,-70140,1158.9
-1.8477e-05,0.00016181,-70088,1121
-1.8462e-05,0.00015639,-70037,1082.7
-1.8447e-05,0.00015102,-69986,1044.9
-1.8432e-05,0.00014566,-69935,1007
-1.8417e-05,0.00014028,-69884,969.08
-1.8402e-05,0.00013486,-69832,930.82
-1.8387e-05,0.0001295,-69781,892.95
-1.8372e-05,0.00012413,-69730,855.08
-1.8357e-05,0.00011875,-69681,817.12
-1.8342e-05,0.00011331,-69632,778.73
-1.8328e-05,0.00010792,-69584,740.7
-1.8314e-05,0.00010253,-69536,702.67
-1.83e-05,9.7139e-05,-69488,664.59
-1.8285e-05,9.1696e-05,-69440,626.18
-1.8271e-05,8.6308e-05,-69392,588.15
-1.8257e-05,8.0919e-05,-69344,550.12
-1.8243e-05,7.5531e-05,-69296,512.09
-1.8228e-05,7.0135e-05,-69248,474.01
-1.8214e-05,6.4693e-05,-69199,435.6
-1.82e-05,5.9305e-05,-69151,397.57
-1.8185e-05,5.3916e-05,-69103,359.54
-1.8171e-05,4.8521e-05,-69055,321.46
-1.8157e-05,4.3079e-05,-69006,283.06
-1.8142e-05,3.7695e-05,-68958,245.06
-1.8127e-05,3.2312e-05,-68908,207.07
-1.8113e-05,2.6933e-05,-68858,169.11
-1.8098e-05,2.1508e-05,-68807,130.82
-1.8082e-05,1.6149e-05,-68755,92.999
-1.8067e-05,1.079e-05,-68703,55.177
-1.8052e-05,5.4235e-06,-68651,17.307
-1.8036e-05,1.0508e-08,-68599,-20.895
-1.8021e-05,-5.3486e-06,-68547,-58.716
-1.8e-05,-1.1194e-05,-68472,-99.966
-1.7972e-05,-2.0815e-05,-68380,-167.86
-1.7946e-05,-3.0443e-05,-68290,-235.81
-1.792e-05,-4.0129e-05,-68205,-304.17
-1.7894e-05,-4.978e-05,-68114,-372.28
-1.7866e-05,-5.941e-05,-68022,-440.24
-1.7839e-05,-6.9043e-05,-67930,-508.2
-1.7798e-05,-7.9836e-05,-67787,-584.36
-1.7551e-05,-0.00011463,-66888,-829.76
-1.6746e-05,-0.00032618,-65469,-2230.7
-1.8155e-05,-0.00086383,-61302,-6642.4
1.5814e-05,-0.002309,44501,-14857
