-1.2897e-05,-0.00068963,-59394,-8071.5
-1.2852e-05,-0.00061507,-59426,-7174.2
-1.2875e-05,-0.00050602,-59604,-5873.1
-1.3042e-05,-0.00039472,-59893,-4573
-1.3437e-05,-0.00027976,-60298,-3279.3
-1.3965e-05,-0.00016069,-60241,-2002.3
-1.434e-05,-6.9163e-05,-59905,-1031.3
-1.4556e-05,-1.8038e-05,-59746,-488.96
-1.4681e-05,1.3266e-05,-59620,-156.76
-1.475e-05,2.9528e-05,-59571,15.72
-1.4778e-05,3.9079e-05,-59490,117.29
-1.478e-05,3.9486e-05,-59490,121.6
-1.4748e-05,3.8316e-05,-59385,109.74
-1.4682e-05,2.5154e-05,-59385,-29.671
-1.4615e-05,1.1767e-05,-59384,-171.46
-1.456e-05,-2.7693e-06,-59453,-325.77
-1.4525e-05,-1.2287e-05,-59503,-426.83
-1.4496e-05,-1.8572e-05,-59514,-493.45
-1.4475e-05,-2.4329e-05,-59547,-554.6
-1.4482e-05,-2.6408e-05,-59614,-576.95
-1.4485e-05,-2.1787e-05,-59536,-527.62
-1.4473e-05,-2.5597e-05,-59562,-568.11
-1.4472e-05,-2.6851e-05,-59584,-581.49
-1.447e-05,-2.641e-05,-59569,-576.76
-1.4473e-05,-2.7375e-05,-59600,-587.13
-1.4479e-05,-2.503e-05,-59576,-562.17
-1.4482e-05,-2.5069e-05,-59588,-562.64
-1.4479e-05,-2.3969e-05,-59553,-550.82
-1.4464e-05,-2.6715e-05,-59548,-579.87
-1.4446e-05,-3.0686e-05,-59555,-621.97
-1.4439e-05,-3.388e-05,-59593,-656
-1.4444e-05,-3.3109e-05,-59597,-647.84
-1.4424e-05,-3.3443e-05,-59524,-651.02
-1.4416e-05,-4.1196e-05,-59646,-733.75
-1.4471e-05,-3.3911e-05,-59724,-656.97
-1.4498e-05,-1.7143e-05,-59494,-478.23
-1.4469e-05,-2.5311e-05,-59541,-564.97
-1.4467e-05,-2.8903e-05,-59604,-603.33
-1.4488e-05,-2.5234e-05,-59616,-564.52
-1.4502e-05,-1.9916e-05,-59567,-507.96
-1.4496e-05,-1.9832e-05,-59541,-506.94
-1.4503e-05,-2.1452e-05,-59600,-524.39
-1.4513e-05,-1.6911e-05,-59548,-476.04
-1.451e-05,-1.794e-05,-59560,-486.99
-1.4517e-05,-1.72e-05,-59572,-479.22
-1.4531e-05,-1.4148e-05,-59569,-446.87
-1.4543e-05,-1.1195e-05,-59554,-415.52
-1.4544e-05,-9.4513e-06,-59524,-396.9
-1.4529e-05,-1.1843e-05,-59512,-422.18
-1.4513e-05,-1.6008e-05,-59530,-466.38
-1.451e-05,-1.8149e-05,-59560,-489.2
-1.4512e-05,-1.7719e-05,-59562,-484.67
-1.4493e-05,-1.8557e-05,-59503,-493.24
-1.4492e-05,-2.4993e-05,-59626,-562.02
-1.4521e-05,-1.7716e-05,-59599,-484.81
-1.4581e-05,-1.0004e-05,-59687,-403.56
-1.4606e-05,7.3406e-06,-59435,-218.6
-1.46e-05,-3.5612e-07,-59569,-300.79
-1.461e-05,5.6487e-06,-59488,-236.78
-1.4627e-05,4.3771e-06,-59580,-250.72
-1.4641e-05,1.2866e-05,-59465,-160.23
-1.4647e-05,1.02e-05,-59546,-188.87
-1.4646e-05,1.5437e-05,-59434,-132.84
-1.4646e-05,9.7694e-06,-59549,-193.44
-1.4654e-05,1.5805e-05,-59460,-129.07
-1.4666e-05,1.3626e-05,-59552,-152.61
-1.4689e-05,2.1557e-05,-59487,-68.278
-1.4703e-05,2.3348e-05,-59506,-49.407
-1.4697e-05,2.6391e-05,-59421,-16.754
-1.471e-05,2.24e-05,-59552,-59.672
-1.4727e-05,3.2141e-05,-59425,44.126
-1.4736e-05,2.9492e-05,-59517,15.613
-1.4742e-05,3.6023e-05,-59407,85.345
-1.4743e-05,3.1554e-05,-59501,37.538
-1.4767e-05,3.7644e-05,-59476,102.16
-1.4815e-05,4.3829e-05,-59544,167.34
-1.4807e-05,5.5655e-05,-59274,293.94
-1.4765e-05,3.9815e-05,-59425,125.41
-1.4734e-05,3.7236e-05,-59348,98.478
-1.4715e-05,2.6576e-05,-59488,-15.128
-1.4705e-05,2.9086e-05,-59397,11.908
-1.469e-05,2.159e-05,-59489,-67.938
-1.4676e-05,2.2614e-05,-59409,-56.699
-1.4675e-05,1.6066e-05,-59538,-126.7
-1.4681e-05,2.2607e-05,-59432,-56.888
-1.4695e-05,1.9275e-05,-59554,-92.787
-1.4733e-05,2.9943e-05,-59492,20.509
-1.4784e-05,3.6867e-05,-59561,93.517
-1.4793e-05,5.0251e-05,-59327,236.44
-1.4778e-05,4.0375e-05,-59464,131.15
-1.4763e-05,4.3281e-05,-59347,162.51
-1.4751e-05,3.408e-05,-59482,64.38
-1.4749e-05,3.7995e-05,-59395,106.28
-1.4742e-05,3.2335e-05,-59482,45.904
-1.4733e-05,3.4855e-05,-59395,73.032
-1.4724e-05,2.8248e-05,-59493,2.5577
-1.4709e-05,3.0652e-05,-59383,28.565
-1.4689e-05,2.1457e-05,-59487,-69.338
-1.468e-05,2.2286e-05,-59434,-60.296
-1.4695e-05,1.9054e-05,-59560,-95.156
-1.4709e-05,2.8802e-05,-59419,8.791
-1.4702e-05,2.3401e-05,-59501,-48.821
-1.4706e-05,2.6488e-05,-59455,-15.894
-1.4704e-05,2.5589e-05,-59464,-25.459
-1.4671e-05,2.3931e-05,-59364,-42.525
-1.4638e-05,1.0708e-05,-59498,-183.25
-1.462e-05,9.838e-06,-59440,-192.18
-1.4616e-05,3.2974e-06,-59559,-262.04
-1.4613e-05,8.2251e-06,-59445,-209.28
-1.4601e-05,1.3844e-06,-59537,-282.2
-1.4589e-05,3.089e-06,-59454,-263.73
-1.4579e-05,-3.7203e-06,-59551,-336.33
-1.4565e-05,-1.8926e-06,-59455,-316.5
-1.4547e-05,-1.04e-05,-59558,-407.12
-1.454e-05,-9.0998e-06,-59502,-393.07
-1.4538e-05,-1.3444e-05,-59580,-439.47
-1.4536e-05,-1.0282e-05,-59509,-405.63
-1.4512e-05,-1.534e-05,-59514,-459.23
-1.4489e-05,-2.0425e-05,-59524,-513.14
-1.4466e-05,-2.6171e-05,-59546,-574.11
-1.4473e-05,-2.8827e-05,-59631,-602.66
-1.4498e-05,-2.1885e-05,-59590,-528.93
-1.4483e-05,-2.0201e-05,-59496,-510.62
-1.4469e-05,-2.7665e-05,-59590,-590.15
-1.4474e-05,-2.5722e-05,-59571,-569.48
-1.4476e-05,-2.6261e-05,-59589,-575.27
-1.4483e-05,-2.4682e-05,-59584,-558.53
-1.4512e-05,-2.1965e-05,-59649,-530.07
-1.4527e-05,-1.2468e-05,-59517,-428.82
-1.4519e-05,-1.6301e-05,-59560,-469.63
-1.4513e-05,-1.5916e-05,-59531,-465.42
-1.4489e-05,-1.945e-05,-59505,-502.72
-1.4479e-05,-2.5727e-05,-59592,-569.63
-1.4499e-05,-2.2374e-05,-59602,-534.17
-1.4496e-05,-1.8274e-05,-59509,-490.27
-1.4491e-05,-2.3526e-05,-59593,-546.33
-1.4489e-05,-2.0918e-05,-59532,-518.4
-1.4479e-05,-2.4853e-05,-59571,-560.27
-1.4493e-05,-2.4212e-05,-59615,-553.7
-1.4466e-05,-2.0656e-05,-59435,-515.14
-1.4426e-05,-3.5923e-05,-59580,-677.57
-1.444e-05,-3.6695e-05,-59654,-686.11
-1.4467e-05,-2.8844e-05,-59605,-602.71
-1.4458e-05,-2.7012e-05,-59531,-582.93
-1.4433e-05,-3.3282e-05,-59558,-649.49
-1.4423e-05,-3.7924e-05,-59611,-698.92
-1.4434e-05,-3.6462e-05,-59625,-683.5
-1.4436e-05,-3.3222e-05,-59566,-648.89
-1.4429e-05,-3.6746e-05,-59609,-686.43
-1.4451e-05,-3.4623e-05,-59655,-664.18
-1.4493e-05,-2.5486e-05,-59643,-567.33
-1.4536e-05,-1.5516e-05,-59617,-461.6
-1.4592e-05,-5.7286e-06,-59644,-358.07
-1.4677e-05,1.1465e-05,-59641,-175.95
-1.4757e-05,3.2206e-05,-59545,44.219
-1.4803e-05,4.369e-05,-59502,166.08
-1.4813e-05,4.9174e-05,-59430,224.51
-1.48e-05,4.6545e-05,-59430,196.67
-1.4752e-05,4.2278e-05,-59319,152.03
-1.4668e-05,2.5445e-05,-59319,-26.262
-1.4535e-05,6.3501e-06,-59167,-227.76
-1.4297e-05,-3.258e-05,-58989,-639.21
-1.3939e-05,-9.466e-05,-58789,-1295.8
-1.3443e-05,-0.00018376,-58586,-2238
-1.3037e-05,-0.00030267,-58954,-3528.2
-1.2862e-05,-0.00042364,-59293,-4906.5
-1.2849e-05,-0.00054144,-59509,-6293.6
-1.2904e-05,-0.00065266,-59552,-7626
-2.7525e-06,-0.00063507,-13022,-7464.5
-3.6299e-06,5.5083e-05,-13684,515.38
-3.6919e-06,7.9039e-05,-13462,770.38
-3.6893e-06,7.9032e-05,-13462,769.67
-3.6876e-06,7.9024e-05,-13465,768.95
-3.6869e-06,7.8969e-05,-13465,768.24
-3.6862e-06,7.8914e-05,-13465,767.52
-3.6855e-06,7.8857e-05,-13465,766.81
-3.6849e-06,7.8801e-05,-13465,766.1
-3.6846e-06,7.8739e-05,-13466,765.38
-3.6848e-06,7.8667e-05,-13467,764.67
-3.6856e-06,7.8585e-05,-13468,763.97
-3.687e-06,7.849e-05,-13468,763.3
-3.6893e-06,7.8417e-05,-13471,762.91
-3.6928e-06,7.8308e-05,-13472,762.47
-3.6948e-06,7.8204e-05,-13468,762.05
-3.6948e-06,7.815e-05,-13465,761.69
-3.6941e-06,7.812e-05,-13465,761.3
-3.6932e-06,7.8097e-05,-13464,760.91
-3.692e-06,7.8084e-05,-13464,760.51
-3.6908e-06,7.8071e-05,-13464,760.12
-3.6897e-06,7.8058e-05,-13464,759.73
-3.6885e-06,7.8046e-05,-13464,759.34
-3.6873e-06,7.8033e-05,-13464,758.95
-3.6862e-06,7.8021e-05,-13464,758.56
-3.685e-06,7.8008e-05,-13464,758.18
-3.6839e-06,7.7996e-05,-13464,757.79
-3.6827e-06,7.7984e-05,-13464,757.4
-3.6815e-06,7.7972e-05,-13464,757.02
-3.6804e-06,7.796e-05,-13464,756.63
-3.6792e-06,7.7948e-05,-13464,756.25
-3.6781e-06,7.7936e-05,-13464,755.87
-3.6769e-06,7.7924e-05,-13464,755.48
-3.6757e-06,7.7913e-05,-13464,755.1
-3.6754e-06,7.7899e-05,-13467,754.73
-3.676e-06,7.7846e-05,-13467,754.35
-3.6765e-06,7.7791e-05,-13467,753.97
-3.6771e-06,7.7738e-05,-13467,753.59
-3.6776e-06,7.7685e-05,-13467,753.22
-3.6782e-06,7.7632e-05,-13467,752.84
-3.6787e-06,7.7578e-05,-13467,752.47
-3.6793e-06,7.7525e-05,-13467,752.1
-3.6798e-06,7.7473e-05,-13467,751.72
-3.6803e-06,7.742e-05,-13467,751.35
-3.6809e-06,7.7367e-05,-13467,750.98
-3.6815e-06,7.7314e-05,-13467,750.62
-3.682e-06,7.7262e-05,-13467,750.25
-3.6826e-06,7.721e-05,-13467,749.88
-3.6831e-06,7.7157e-05,-13467,749.52
-3.6836e-06,7.7105e-05,-13467,749.15
-3.6842e-06,7.7053e-05,-13467,748.79
-3.6848e-06,7.7001e-05,-13467,748.43
-3.6853e-06,7.6949e-05,-13467,748.07
-3.6859e-06,7.6897e-05,-13467,747.71
-3.6864e-06,7.6845e-05,-13467,747.35
-3.6868e-06,7.6794e-05,-13466,746.99
-3.6867e-06,7.675e-05,-13465,746.63
-3.6859e-06,7.6729e-05,-13464,746.27
-3.685e-06,7.6714e-05,-13464,745.92
-3.684e-06,7.6699e-05,-13464,745.57
-3.6831e-06,7.6684e-05,-13464,745.22
-3.6822e-06,7.6669e-05,-13464,744.86
-3.6813e-06,7.6654e-05,-13464,744.51
-3.6804e-06,7.664e-05,-13464,744.16
-3.6795e-06,7.6626e-05,-13464,743.82
-3.6786e-06,7.6611e-05,-13464,743.47
-3.6777e-06,7.6597e-05,-13464,743.12
-3.6768e-06,7.6582e-05,-13464,742.77
-3.6759e-06,7.6568e-05,-13464,742.43
-3.6749e-06,7.6554e-05,-13464,742.08
-3.6742e-06,7.654e-05,-13465,741.74
-3.6736e-06,7.6518e-05,-13465,741.4
-3.6734e-06,7.6496e-05,-13466,741.06
-3.6735e-06,7.6456e-05,-13466,740.72
-3.6741e-06,7.6415e-05,-13467,740.37
-3.675e-06,7.6355e-05,-13468,740.03
-3.676e-06,7.6295e-05,-13468,739.69
-3.677e-06,7.6234e-05,-13468,739.35
-3.678e-06,7.6174e-05,-13468,739.01
-3.679e-06,7.6114e-05,-13468,738.67
-3.6803e-06,7.605e-05,-13469,738.3
-3.682e-06,7.594e-05,-13468,737.68
-3.6819e-06,7.5843e-05,-13463,737.04
-3.6807e-06,7.5823e-05,-13465,736.55
-3.6815e-06,7.5755e-05,-13468,735.92
-3.6827e-06,7.5657e-05,-13468,735.29
-3.6838e-06,7.5563e-05,-13468,734.69
-3.6848e-06,7.5472e-05,-13468,734.09
-3.6857e-06,7.5383e-05,-13467,733.49
-3.6866e-06,7.5296e-05,-13467,732.89
-3.6639e-06,7.4327e-05,-13390,723.23
-2.7682e-06,-3.0985e-05,-11923,-387.62
