0.0012801,-0.031514,-2.9386e+05,-29663
-4.0241e-05,-0.003953,-2.126e+05,-24189
-5.2324e-05,-0.0012918,-1.952e+05,-9518.5
-5.4786e-05,7.6294e-05,-2.0831e+05,475.01
-5.5981e-05,0.00058735,-2.1226e+05,4082.8
-5.6271e-05,0.00081322,-2.133e+05,5663.7
-5.6249e-05,0.00078349,-2.1316e+05,5460.6
-5.6164e-05,0.00074063,-2.1278e+05,5165.1
-5.6086e-05,0.00071875,-2.1251e+05,5010.7
-5.603e-05,0.00070653,-2.1231e+05,4924.4
-5.601e-05,0.00069706,-2.1225e+05,4857.5
-5.5999e-05,0.00069306,-2.1221e+05,4829.3
-5.5905e-05,0.00068211,-2.1187e+05,4752
-5.5729e-05,0.00061722,-2.1127e+05,4293.9
-5.5617e-05,0.00055723,-2.1091e+05,3870.5
-5.5655e-05,0.00054419,-2.1107e+05,3778.3
-5.5817e-05,0.00060422,-2.1162e+05,4202.1
-5.6001e-05,0.00069167,-2.1222e+05,4819.4
-5.6162e-05,0.00075808,-2.1276e+05,5288.3
-5.6366e-05,0.00085147,-2.1357e+05,5937.7
-5.663e-05,0.00094535,-2.1436e+05,6609.1
-5.6903e-05,0.0010459,-2.1473e+05,7357.8
-5.7271e-05,0.0011426,-2.152e+05,8096.9
-5.7653e-05,0.0012528,-2.152e+05,8963.3
-5.7926e-05,0.0013114,-2.1532e+05,9431.4
-5.8018e-05,0.0013614,-2.148e+05,9835.9
-5.7784e-05,0.0013277,-2.1434e+05,9573
-5.7264e-05,0.0012555,-2.1334e+05,9006.2
-5.6662e-05,0.0010437,-2.1327e+05,7378.3
-5.6123e-05,0.00086288,-2.1229e+05,6043
-5.5722e-05,0.00064913,-2.1121e+05,4519.5
-5.5508e-05,0.00051831,-2.1054e+05,3595.9
-5.544e-05,0.00046966,-2.1034e+05,3252.3
-5.5443e-05,0.00046911,-2.1035e+05,3248.4
-5.5533e-05,0.00048377,-2.1068e+05,3351.9
-5.5701e-05,0.00055951,-2.1123e+05,3886.5
-5.5886e-05,0.00062283,-2.1186e+05,4333.4
-5.6147e-05,0.00073819,-2.1272e+05,5147.8
-5.6419e-05,0.00087291,-2.1452e+05,6033.3
-5.6628e-05,0.0010376,-2.1482e+05,7226.8
-5.6752e-05,0.0010871,-2.1632e+05,7510.4
-5.691e-05,0.0011197,-2.1482e+05,7871.6
-5.6926e-05,0.0011038,-2.1481e+05,7761.8
-5.6911e-05,0.0011265,-2.1453e+05,7935.8
-5.6996e-05,0.0011284,-2.1483e+05,7951.8
-5.7203e-05,0.0011808,-2.1509e+05,8352.5
-5.7397e-05,0.0012225,-2.1531e+05,8678
-5.7675e-05,0.0012945,-2.1543e+05,9241.3
-5.7917e-05,0.0013334,-2.1584e+05,9546.4
-5.8117e-05,0.0013832,-2.1588e+05,9940.3
-5.8406e-05,0.0014128,-2.1648e+05,10178
-5.8622e-05,0.0014873,-2.1601e+05,10778
-5.8492e-05,0.0014719,-2.1578e+05,10655
-5.8222e-05,0.0014454,-2.1507e+05,10450
-5.7973e-05,0.0013735,-2.1518e+05,9881.9
-5.763e-05,0.001332,-2.1434e+05,9562.6
-5.7108e-05,0.0012128,-2.1397e+05,8625.9
-5.6604e-05,0.0010696,-2.1364e+05,7520.8
-5.6198e-05,0.00087151,-2.1308e+05,6067.6
-5.5898e-05,0.0007212,-2.118e+05,5028.1
-5.5638e-05,0.00059176,-2.1095e+05,4114.4
-5.5499e-05,0.0005099,-2.1052e+05,3536.4
-5.5456e-05,0.00047546,-2.1039e+05,3293.2
-5.5414e-05,0.00047394,-2.1023e+05,3282.5
-5.5351e-05,0.00043861,-2.1004e+05,3033.1
-5.5239e-05,0.00041192,-2.0964e+05,2844.8
-5.511e-05,0.00033879,-2.0923e+05,2328.5
-5.4933e-05,0.00028486,-2.0862e+05,1947.8
-5.4684e-05,0.00018111,-2.078e+05,1215.4
-5.4458e-05,7.602e-05,-2.0706e+05,473.56
-5.4281e-05,-1.7704e-05,-2.0649e+05,-188.1
-5.4096e-05,-8.6633e-05,-2.0587e+05,-674.65
-5.3921e-05,-0.0001768,-2.0531e+05,-1311.2
-5.3758e-05,-0.00024167,-2.0476e+05,-1769.1
-5.3631e-05,-0.00031204,-2.0436e+05,-2265.9
-5.3499e-05,-0.00035661,-2.0392e+05,-2580.5
-5.3392e-05,-0.00041868,-2.0358e+05,-3018.7
-5.3332e-05,-0.00044816,-2.0339e+05,-3226.8
-5.3283e-05,-0.00047171,-2.0323e+05,-3393.1
-5.3242e-05,-0.00048866,-2.0309e+05,-3512.8
-5.3233e-05,-0.00050327,-2.0308e+05,-3615.9
-5.3212e-05,-0.00049911,-2.0299e+05,-3586.5
-5.3176e-05,-0.00052233,-2.0288e+05,-3750.5
-5.3137e-05,-0.00053118,-2.0274e+05,-3812.9
-5.3059e-05,-0.00056272,-2.0248e+05,-4035.6
-5.2964e-05,-0.0005984,-2.0216e+05,-4287.4
-5.2889e-05,-0.00064401,-2.0193e+05,-4609.5
-5.2801e-05,-0.00066789,-2.0163e+05,-4778
-5.271e-05,-0.00071787,-2.0134e+05,-5130.8
-5.2648e-05,-0.00074289,-2.0118e+05,-5303.7
-5.2585e-05,-0.00077142,-2.0100e+05,-5503.4
-5.2532e-05,-0.00079504,-2.008e+05,-5672.3
-5.2512e-05,-0.00082033,-2.0068e+05,-5856.2
-5.2491e-05,-0.00082234,-2.0057e+05,-5873.1
-5.247e-05,-0.00084634,-2.0042e+05,-6049.1
-5.2444e-05,-0.00084943,-2.003e+05,-6072.6
-5.2408e-05,-0.00087049,-2.0023e+05,-6218.3
-5.238e-05,-0.00087536,-2.001e+05,-6255.1
-5.2356e-05,-0.00089617,-1.9996e+05,-6408.2
-5.2381e-05,-0.00089374,-1.9997e+05,-6396.4
-5.2391e-05,-0.00088879,-2.0005e+05,-6358.3
-5.2377e-05,-0.00088446,-2.0004e+05,-6324.6
-5.2674e-05,-0.00089253,-2.0095e+05,-6396.6
-5.2398e-05,-0.00089135,-1.9989e+05,-6388.2
-5.2411e-05,-0.00089278,-1.9994e+05,-6398.8
-5.2439e-05,-0.0008733,-2.0011e+05,-6254.9
-5.2449e-05,-0.00086299,-2.0029e+05,-6172.6
-5.2451e-05,-0.00084791,-2.0027e+05,-6066.2
-5.2485e-05,-0.00083413,-2.0065e+05,-5951
-5.2461e-05,-0.00081922,-2.009e+05,-5820.4
-5.2462e-05,-0.00081027,-2.0084e+05,-5760.1
-5.2526e-05,-0.00078623,-2.0132e+05,-5570.7
-5.2605e-05,-0.0007651,-2.014e+05,-5435.1
-5.2661e-05,-0.00074283,-2.0138e+05,-5292.9
-5.2724e-05,-0.00073147,-2.0152e+05,-5218.4
-5.2798e-05,-0.00070057,-2.0168e+05,-5007.1
-5.2854e-05,-0.00067928,-2.0184e+05,-4858.1
-5.2872e-05,-0.0006577,-2.0188e+05,-4706.1
-5.292e-05,-0.0006554,-2.0206e+05,-4689.9
-5.2989e-05,-0.00060828,-2.0227e+05,-4357.3
-5.3034e-05,-0.00060233,-2.0244e+05,-4315.3
-5.3086e-05,-0.00056595,-2.0259e+05,-4058.5
-5.3093e-05,-0.00056493,-2.0262e+05,-4051.2
-5.3121e-05,-0.00055552,-2.0271e+05,-3984.8
-5.32e-05,-0.00053273,-2.0298e+05,-3824
-5.3278e-05,-0.00048791,-2.0323e+05,-3507.6
-5.336e-05,-0.00046776,-2.0351e+05,-3365.4
-5.3465e-05,-0.0004092,-2.0385e+05,-2951.9
-5.3523e-05,-0.00038617,-2.0404e+05,-2789.3
-5.3559e-05,-0.00036075,-2.0414e+05,-2609.8
-5.3597e-05,-0.00035101,-2.0428e+05,-2541.2
-5.3626e-05,-0.00032731,-2.0436e+05,-2373.8
-5.3641e-05,-0.00032505,-2.0442e+05,-2357.9
-5.3684e-05,-0.00031034,-2.0456e+05,-2254
-5.3706e-05,-0.00029046,-2.0462e+05,-2113.7
-5.372e-05,-0.00029402,-2.0468e+05,-2138.8
-5.3745e-05,-0.00027515,-2.0475e+05,-2005.6
-5.3731e-05,-0.00027947,-2.0471e+05,-2036.1
-5.374e-05,-0.00028286,-2.0474e+05,-2060
-5.3721e-05,-0.00027673,-2.0466e+05,-2016.7
-5.371e-05,-0.00029586,-2.0464e+05,-2151.8
-5.3737e-05,-0.00028225,-2.0473e+05,-2055.7
-5.3776e-05,-0.00027277,-2.0487e+05,-1988.8
-5.38e-05,-0.0002515,-2.0494e+05,-1838.6
-5.3851e-05,-0.00024744,-2.0512e+05,-1810
-5.3935e-05,-0.0002012,-2.0539e+05,-1483.6
-5.4038e-05,-0.000176,-2.0575e+05,-1305.8
-5.424e-05,-9.143e-05,-2.0642e+05,-708.74
-5.4468e-05,-5.9612e-06,-2.0719e+05,-105.43
-5.475e-05,0.00010945,-2.0813e+05,709.27
-5.5131e-05,0.00026135,-2.094e+05,1781.5
-5.5612e-05,0.00045915,-2.1100e+05,3177.8
-5.6138e-05,0.00067587,-2.1276e+05,4707.7
-5.68e-05,0.00093937,-2.1484e+05,6578
-5.7688e-05,0.0011747,-2.1598e+05,8373.1
-5.8349e-05,0.0013417,-2.1612e+05,9692.9
-5.8645e-05,0.0014165,-2.1663e+05,10252
-5.8847e-05,0.0014656,-2.169e+05,10624
-5.892e-05,0.0014848,-2.1668e+05,10793
-5.8866e-05,0.0014899,-2.1634e+05,10839
-5.8655e-05,0.0014813,-2.1583e+05,10762
-5.8217e-05,0.0014431,-2.1506e+05,10440
-5.7727e-05,0.0013633,-2.1477e+05,9784
-5.6987e-05,0.001251,-2.1376e+05,8882.8
-5.5878e-05,0.00095381,-2.1199e+05,6635.4
-5.4044e-05,0.00049976,-2.05e+05,3466.2
-5.1916e-05,-0.0003037,-1.9783e+05,-2205.3
-3.2965e-05,-0.00147,-1.1799e+05,-11063
-5.6913e-05,-0.0018733,-2.3841e+05,-12160
-6.4658e-05,-0.0015277,-2.4225e+05,-11226
-6.575e-05,-0.00093623,-2.5138e+05,-6676.4
-6.7106e-05,-0.00044151,-2.5578e+05,-3196.1
-6.8143e-05,2.6693e-05,-2.5918e+05,109.42
-6.8809e-05,0.00028663,-2.6141e+05,1944.3
-6.9143e-05,0.00048774,-2.6245e+05,3364.3
-6.916e-05,0.0005053,-2.6249e+05,3488.3
-6.9135e-05,0.00049609,-2.6241e+05,3423.2
-6.9109e-05,0.00048688,-2.6232e+05,3358.2
-6.9084e-05,0.00047767,-2.6224e+05,3293.3
-6.9058e-05,0.00046848,-2.6215e+05,3228.3
-6.9038e-05,0.00045976,-2.6208e+05,3166.8
-6.9022e-05,0.00045466,-2.6203e+05,3130.8
-6.9006e-05,0.00044957,-2.6197e+05,3094.9
-6.8991e-05,0.00044443,-2.6192e+05,3058.6
-6.8977e-05,0.00043931,-2.6187e+05,3022.5
-6.8963e-05,0.00043418,-2.6183e+05,2986.2
-6.895e-05,0.00042904,-2.6178e+05,2949.9
-6.8936e-05,0.00042384,-2.6174e+05,2913.2
-6.8923e-05,0.0004187,-2.6169e+05,2876.9
-6.8909e-05,0.00041356,-2.6165e+05,2840.6
-6.8896e-05,0.00040841,-2.616e+05,2804.3
-6.8882e-05,0.00040321,-2.6156e+05,2767.6
-6.8869e-05,0.00039807,-2.6151e+05,2731.3
-6.8855e-05,0.00039293,-2.6146e+05,2695
-6.8842e-05,0.00038778,-2.6142e+05,2658.7
-6.8828e-05,0.00038259,-2.6137e+05,2622
-6.8815e-05,0.00037744,-2.6133e+05,2585.7
-6.8802e-05,0.0003723,-2.6128e+05,2549.4
-6.8788e-05,0.00036716,-2.6124e+05,2513.1
-6.8775e-05,0.00036201,-2.6119e+05,2476.7
-6.8761e-05,0.00035682,-2.6115e+05,2440.1
-6.8748e-05,0.00035167,-2.611e+05,2403.8
-6.8734e-05,0.00034653,-2.6106e+05,2367.5
-6.8719e-05,0.00034141,-2.6101e+05,2331.3
-6.8705e-05,0.00033624,-2.6096e+05,2294.8
-6.8691e-05,0.00033113,-2.6091e+05,2258.7
-6.8676e-05,0.00032601,-2.6086e+05,2222.6
-6.8662e-05,0.00032089,-2.6081e+05,2186.5
-6.8647e-05,0.00031573,-2.6076e+05,2150
-6.8633e-05,0.00031061,-2.6071e+05,2113.9
-6.8619e-05,0.0003055,-2.6066e+05,2077.8
-6.8604e-05,0.00030038,-2.6062e+05,2041.6
-6.859e-05,0.00029521,-2.6057e+05,2005.2
-6.8575e-05,0.00029009,-2.6052e+05,1969.1
-6.8561e-05,0.00028498,-2.6047e+05,1933
-6.8547e-05,0.00027987,-2.6042e+05,1896.9
-6.8532e-05,0.00027475,-2.6037e+05,1860.7
-6.8518e-05,0.00026958,-2.6032e+05,1824.2
-6.8504e-05,0.00026447,-2.6027e+05,1788.1
-6.8489e-05,0.00025935,-2.6022e+05,1752
-6.8475e-05,0.00025423,-2.6018e+05,1715.9
-6.846e-05,0.00024906,-2.6013e+05,1679.4
-6.8446e-05,0.00024395,-2.6008e+05,1643.3
-6.8432e-05,0.00023884,-2.6003e+05,1607.2
-6.8418e-05,0.00023371,-2.5998e+05,1571
-6.8404e-05,0.00022853,-2.5994e+05,1534.5
-6.839e-05,0.00022339,-2.5989e+05,1498.2
-6.8377e-05,0.00021826,-2.5984e+05,1461.9
-6.8363e-05,0.00021311,-2.598e+05,1425.6
-6.835e-05,0.00020793,-2.5975e+05,1389
-6.8336e-05,0.00020279,-2.5971e+05,1352.8
-6.8323e-05,0.00019766,-2.5966e+05,1316.5
-6.8309e-05,0.00019252,-2.5962e+05,1280.3
-6.8295e-05,0.00018738,-2.5957e+05,1244
-6.8282e-05,0.00018219,-2.5952e+05,1207.3
-6.8268e-05,0.00017706,-2.5948e+05,1171.1
-6.8255e-05,0.00017192,-2.5943e+05,1134.8
-6.8241e-05,0.00016678,-2.5939e+05,1098.5
-6.8227e-05,0.0001616,-2.5934e+05,1061.9
-6.8214e-05,0.00015647,-2.593e+05,1025.7
-6.82e-05,0.00015134,-2.5925e+05,989.52
-6.8186e-05,0.00014621,-2.592e+05,953.34
-6.8171e-05,0.00014104,-2.5915e+05,916.85
-6.8156e-05,0.00013594,-2.591e+05,880.8
-6.8142e-05,0.00013083,-2.5905e+05,844.76
-6.8127e-05,0.00012572,-2.59e+05,808.68
-6.8113e-05,0.00012056,-2.5895e+05,772.27
-6.8098e-05,0.00011546,-2.589e+05,736.23
-6.8078e-05,0.00010989,-2.5883e+05,696.93
-6.8051e-05,0.00010072,-2.5874e+05,632.23
-6.8026e-05,9.155e-05,-2.5866e+05,567.48
-6.8002e-05,8.232e-05,-2.5858e+05,502.32
-6.7977e-05,7.3126e-05,-2.5849e+05,437.42
-6.7951e-05,6.3952e-05,-2.584e+05,372.66
-6.7925e-05,5.4778e-05,-2.5832e+05,307.9
-6.7899e-05,4.5604e-05,-2.5823e+05,243.13
-6.7638e-05,1.6724e-05,-2.5727e+05,39.472
-6.6336e-05,-0.00023245,-2.526e+05,-1718.8
-6.4694e-05,-0.0010938,-2.4627e+05,-7877.4
0.00027652,-0.0085208,27565,-15303
