-1.0992e-05,-0.00058806,-51110,-6854.6
-1.0976e-05,-0.0005238,-51169,-6084.4
-1.1032e-05,-0.0004295,-51336,-4967.5
-1.1217e-05,-0.00033305,-51580,-3851.4
-1.1584e-05,-0.0002337,-51885,-2743.4
-1.2032e-05,-0.00013343,-51798,-1671.6
-1.234e-05,-5.7061e-05,-51501,-861.17
-1.2519e-05,-1.593e-05,-51394,-424.99
-1.2625e-05,1.1338e-05,-51273,-135.56
-1.2682e-05,2.4371e-05,-51239,2.6471
-1.2707e-05,3.2567e-05,-51174,89.777
-1.2711e-05,3.3431e-05,-51174,98.93
-1.2686e-05,3.2938e-05,-51083,94.168
-1.2632e-05,2.2104e-05,-51083,-20.586
-1.2575e-05,1.0985e-05,-51076,-138.32
-1.2527e-05,-1.7584e-06,-51140,-273.61
-1.2496e-05,-9.8455e-06,-51177,-359.46
-1.2469e-05,-1.5823e-05,-51189,-422.82
-1.2447e-05,-2.1394e-05,-51210,-481.94
-1.245e-05,-2.4553e-05,-51289,-515.79
-1.2457e-05,-1.9625e-05,-51217,-463.24
-1.2448e-05,-2.242e-05,-51236,-492.94
-1.2447e-05,-2.3277e-05,-51252,-502.1
-1.2446e-05,-2.2986e-05,-51239,-498.95
-1.2446e-05,-2.4084e-05,-51261,-510.69
-1.2453e-05,-2.2658e-05,-51264,-495.59
-1.2461e-05,-2.0708e-05,-51255,-474.9
-1.2456e-05,-1.9721e-05,-51217,-464.26
-1.2445e-05,-2.2801e-05,-51232,-496.96
-1.2436e-05,-2.4657e-05,-51234,-516.63
-1.2437e-05,-2.5982e-05,-51264,-530.81
-1.2444e-05,-2.3884e-05,-51252,-508.53
-1.2424e-05,-2.4526e-05,-51183,-514.98
-1.2411e-05,-3.2403e-05,-51291,-598.95
-1.2456e-05,-2.7236e-05,-51367,-544.6
-1.2476e-05,-1.3147e-05,-51161,-394.34
-1.2443e-05,-2.1678e-05,-51203,-484.92
-1.2442e-05,-2.609e-05,-51288,-532.07
-1.2462e-05,-2.1157e-05,-51270,-479.73
-1.2474e-05,-1.763e-05,-51244,-442.25
-1.2472e-05,-1.6868e-05,-51223,-434.07
-1.2483e-05,-1.711e-05,-51271,-436.87
-1.2497e-05,-1.2058e-05,-51226,-383.14
-1.2496e-05,-1.1824e-05,-51216,-380.61
-1.2501e-05,-1.1968e-05,-51241,-382.26
-1.2516e-05,-8.6691e-06,-51234,-347.28
-1.2525e-05,-5.8883e-06,-51216,-317.74
-1.2527e-05,-4.6112e-06,-51197,-304.12
-1.2515e-05,-6.1503e-06,-51180,-320.33
-1.2501e-05,-1.0033e-05,-51200,-361.56
-1.2496e-05,-1.1794e-05,-51216,-380.28
-1.2495e-05,-1.255e-05,-51230,-388.36
-1.2478e-05,-1.3144e-05,-51170,-394.36
-1.2473e-05,-1.953e-05,-51279,-462.54
-1.2497e-05,-1.4e-05,-51264,-403.9
-1.2549e-05,-7.1607e-06,-51339,-331.83
-1.2569e-05,7.8427e-06,-51114,-171.8
-1.256e-05,3.6363e-07,-51232,-251.6
-1.2567e-05,4.7703e-06,-51170,-204.61
-1.2581e-05,3.6297e-06,-51249,-217.09
-1.2593e-05,1.0848e-05,-51151,-140.15
-1.2595e-05,8.3865e-06,-51208,-166.5
-1.2589e-05,1.1336e-05,-51127,-134.86
-1.259e-05,6.3987e-06,-51228,-187.66
-1.2595e-05,1.1674e-05,-51144,-131.37
-1.2601e-05,8.9598e-06,-51225,-160.52
-1.2619e-05,1.4986e-05,-51173,-96.432
-1.2635e-05,1.6386e-05,-51210,-81.787
-1.2629e-05,2.0768e-05,-51097,-34.803
-1.2628e-05,1.4669e-05,-51216,-99.999
-1.2635e-05,2.0606e-05,-51126,-36.665
-1.264e-05,1.7577e-05,-51206,-69.151
-1.2648e-05,2.2805e-05,-51134,-13.417
-1.2659e-05,2.1312e-05,-51211,-29.613
-1.2696e-05,2.9184e-05,-51199,53.827
-1.2758e-05,3.9219e-05,-51250,159.86
-1.2755e-05,5.3195e-05,-50953,309.37
-1.2706e-05,3.6565e-05,-51091,132.54
-1.2669e-05,3.1538e-05,-51040,79.541
-1.2646e-05,2.0979e-05,-51164,-32.907
-1.2636e-05,2.1968e-05,-51102,-22.119
-1.2625e-05,1.5986e-05,-51180,-85.87
-1.2617e-05,1.7437e-05,-51116,-70.182
-1.2622e-05,1.3177e-05,-51224,-115.84
-1.2634e-05,2.0145e-05,-51129,-41.568
-1.265e-05,1.8455e-05,-51231,-59.975
-1.2688e-05,2.8804e-05,-51174,49.927
-1.2737e-05,3.5848e-05,-51231,124.25
-1.2738e-05,4.7826e-05,-50992,252.31
-1.2706e-05,3.5065e-05,-51120,116.5
-1.2682e-05,3.3697e-05,-51051,102.36
-1.2668e-05,2.5062e-05,-51169,10.31
-1.2667e-05,2.7902e-05,-51106,40.709
-1.2664e-05,2.391e-05,-51175,-1.9178
-1.2658e-05,2.6362e-05,-51101,24.425
-1.2653e-05,2.1263e-05,-51185,-29.998
-1.2646e-05,2.4102e-05,-51100,0.49138
-1.2639e-05,1.8394e-05,-51185,-60.397
-1.2631e-05,2.0806e-05,-51106,-34.45
-1.2636e-05,1.6006e-05,-51221,-85.864
-1.2643e-05,2.2869e-05,-51111,-12.624
-1.2635e-05,1.7697e-05,-51182,-67.764
-1.2639e-05,1.9977e-05,-51153,-43.463
-1.264e-05,1.9958e-05,-51157,-43.683
-1.2615e-05,1.9058e-05,-51076,-52.817
-1.2593e-05,9.0892e-06,-51188,-158.96
-1.2575e-05,9.3191e-06,-51111,-156.14
-1.2567e-05,1.7096e-06,-51232,-237.34
-1.2564e-05,5.7685e-06,-51138,-193.88
-1.2557e-05,2.5795e-07,-51220,-252.66
-1.2551e-05,2.5774e-06,-51148,-227.73
-1.2546e-05,-2.2828e-06,-51229,-279.61
-1.2539e-05,3.1524e-07,-51146,-251.68
-1.2526e-05,-6.0086e-06,-51221,-319.04
-1.2517e-05,-5.3366e-06,-51171,-311.67
-1.2513e-05,-9.7284e-06,-51246,-358.56
-1.2508e-05,-7.1361e-06,-51171,-330.73
-1.2484e-05,-1.3116e-05,-51195,-394.19
-1.2467e-05,-1.7029e-05,-51205,-435.68
-1.245e-05,-2.1263e-05,-51221,-480.61
-1.2457e-05,-2.3105e-05,-51288,-500.46
-1.2478e-05,-1.7205e-05,-51253,-437.79
-1.2465e-05,-1.5865e-05,-51173,-423.2
-1.2453e-05,-2.2272e-05,-51255,-491.47
-1.2458e-05,-2.0525e-05,-51237,-472.88
-1.2457e-05,-2.1116e-05,-51248,-479.19
-1.2461e-05,-2.0393e-05,-51249,-471.53
-1.2485e-05,-1.8338e-05,-51307,-450.06
-1.2497e-05,-1.0304e-05,-51191,-364.38
-1.2491e-05,-1.3787e-05,-51238,-401.51
-1.2491e-05,-1.2486e-05,-51210,-387.59
-1.2473e-05,-1.4703e-05,-51183,-410.93
-1.2464e-05,-1.9801e-05,-51248,-465.26
-1.2479e-05,-1.7563e-05,-51266,-441.64
-1.248e-05,-1.3699e-05,-51190,-400.34
-1.2479e-05,-1.7379e-05,-51260,-439.67
-1.248e-05,-1.4299e-05,-51201,-406.75
-1.2469e-05,-1.765e-05,-51228,-442.38
-1.2478e-05,-1.7892e-05,-51268,-445.14
-1.2453e-05,-1.5538e-05,-51118,-419.46
-1.2417e-05,-2.8824e-05,-51243,-560.8
-1.2428e-05,-2.9693e-05,-51306,-570.32
-1.245e-05,-2.3415e-05,-51265,-503.62
-1.2442e-05,-2.2094e-05,-51206,-489.33
-1.2419e-05,-2.7447e-05,-51221,-546.11
-1.2405e-05,-3.2488e-05,-51268,-599.74
-1.2412e-05,-3.2181e-05,-51289,-596.59
-1.2414e-05,-2.9466e-05,-51243,-567.6
-1.241e-05,-3.191e-05,-51277,-593.66
-1.2432e-05,-2.9732e-05,-51320,-570.8
-1.2472e-05,-2.1067e-05,-51306,-478.96
-1.2506e-05,-1.2072e-05,-51264,-383.47
-1.2548e-05,-5.3957e-06,-51297,-312.93
-1.2617e-05,8.2929e-06,-51302,-167.96
-1.2682e-05,2.5582e-05,-51216,15.589
-1.2718e-05,3.453e-05,-51180,110.54
-1.2728e-05,3.8707e-05,-51136,155
-1.2724e-05,3.7951e-05,-51136,146.99
-1.2687e-05,3.5658e-05,-51033,123.23
-1.2618e-05,2.1665e-05,-51033,-24.985
-1.2509e-05,5.8538e-06,-50911,-191.85
-1.2312e-05,-2.6039e-05,-50758,-528.88
-1.201e-05,-7.7874e-05,-50580,-1077
-1.1588e-05,-0.00015335,-50393,-1875.5
-1.1215e-05,-0.00025392,-50659,-2960.9
-1.1027e-05,-0.00035758,-50944,-4132.2
-1.0982e-05,-0.00045847,-51140,-5310.9
-1.101e-05,-0.00055347,-51209,-6443
-2.3635e-06,-0.0005387,-11751,-6303
-3.1868e-06,5.3656e-05,-11908,509.06
-3.2188e-06,6.6066e-05,-11784,641.69
-3.2168e-06,6.6065e-05,-11784,641.18
-3.2154e-06,6.6065e-05,-11786,640.67
-3.2148e-06,6.6027e-05,-11786,640.16
-3.2143e-06,6.599e-05,-11787,639.65
-3.2137e-06,6.5951e-05,-11787,639.14
-3.2131e-06,6.5913e-05,-11787,638.64
-3.2125e-06,6.5876e-05,-11787,638.13
-3.2123e-06,6.5835e-05,-11787,637.63
-3.2123e-06,6.5784e-05,-11788,637.12
-3.2127e-06,6.573e-05,-11788,636.65
-3.214e-06,6.5688e-05,-11790,636.37
-3.2165e-06,6.5617e-05,-11793,636.05
-3.2186e-06,6.5527e-05,-11790,635.75
-3.2186e-06,6.5484e-05,-11787,635.51
-3.2181e-06,6.5464e-05,-11786,635.23
-3.2172e-06,6.5451e-05,-11786,634.95
-3.2162e-06,6.5446e-05,-11786,634.67
-3.2151e-06,6.5442e-05,-11786,634.39
-3.214e-06,6.5441e-05,-11785,634.14
-3.2129e-06,6.5438e-05,-11786,633.85
-3.2119e-06,6.5435e-05,-11786,633.57
-3.2108e-06,6.5433e-05,-11786,633.29
-3.2097e-06,6.5431e-05,-11786,633.01
-3.2086e-06,6.5429e-05,-11786,632.74
-3.2075e-06,6.5427e-05,-11786,632.47
-3.2064e-06,6.5425e-05,-11786,632.2
-3.2054e-06,6.5423e-05,-11786,631.93
-3.2044e-06,6.542e-05,-11786,631.66
-3.2033e-06,6.5418e-05,-11786,631.39
-3.2022e-06,6.5416e-05,-11786,631.12
-3.2011e-06,6.5415e-05,-11786,630.85
-3.2009e-06,6.5411e-05,-11788,630.58
-3.2015e-06,6.5368e-05,-11788,630.32
-3.2021e-06,6.5325e-05,-11788,630.05
-3.2026e-06,6.5283e-05,-11788,629.78
-3.2032e-06,6.5241e-05,-11788,629.52
-3.2038e-06,6.5199e-05,-11788,629.26
-3.2044e-06,6.5157e-05,-11788,628.99
-3.2049e-06,6.5114e-05,-11788,628.73
-3.2055e-06,6.5072e-05,-11788,628.47
-3.2061e-06,6.5031e-05,-11788,628.22
-3.2067e-06,6.4988e-05,-11788,627.95
-3.2072e-06,6.4947e-05,-11788,627.7
-3.2078e-06,6.4906e-05,-11788,627.44
-3.2084e-06,6.4865e-05,-11788,627.18
-3.2089e-06,6.4823e-05,-11788,626.93
-3.2095e-06,6.4781e-05,-11788,626.67
-3.2101e-06,6.474e-05,-11788,626.42
-3.2107e-06,6.47e-05,-11788,626.17
-3.2113e-06,6.4659e-05,-11788,625.92
-3.2118e-06,6.4618e-05,-11788,625.67
-3.2124e-06,6.4576e-05,-11788,625.41
-3.2129e-06,6.4537e-05,-11788,625.17
-3.2127e-06,6.4504e-05,-11786,624.92
-3.212e-06,6.4492e-05,-11786,624.67
-3.2112e-06,6.4486e-05,-11786,624.43
-3.2104e-06,6.4481e-05,-11786,624.18
-3.2096e-06,6.4476e-05,-11786,623.94
-3.2087e-06,6.447e-05,-11786,623.69
-3.2079e-06,6.4465e-05,-11786,623.45
-3.2071e-06,6.446e-05,-11786,623.21
-3.2063e-06,6.4455e-05,-11786,622.97
-3.2055e-06,6.4449e-05,-11786,622.73
-3.2047e-06,6.4444e-05,-11786,622.48
-3.2039e-06,6.4439e-05,-11786,622.25
-3.2031e-06,6.4433e-05,-11786,622.01
-3.2023e-06,6.4428e-05,-11786,621.77
-3.2017e-06,6.4422e-05,-11787,621.53
-3.2012e-06,6.441e-05,-11787,621.29
-3.201e-06,6.4396e-05,-11788,621.06
-3.2012e-06,6.4366e-05,-11788,620.82
-3.2018e-06,6.4335e-05,-11789,620.59
-3.2028e-06,6.4286e-05,-11789,620.35
-3.2037e-06,6.4238e-05,-11789,620.12
-3.2047e-06,6.4189e-05,-11789,619.89
-3.2057e-06,6.4139e-05,-11789,619.65
-3.2066e-06,6.4091e-05,-11789,619.42
-3.208e-06,6.4039e-05,-11790,619.17
-3.2096e-06,6.395e-05,-11790,618.74
-3.2101e-06,6.388e-05,-11788,618.34
-3.2103e-06,6.384e-05,-11788,617.95
-3.2111e-06,6.3778e-05,-11789,617.52
-3.2119e-06,6.3711e-05,-11789,617.11
-3.2127e-06,6.3646e-05,-11789,616.7
-3.2133e-06,6.3583e-05,-11789,616.28
-3.214e-06,6.3521e-05,-11789,615.88
-3.2146e-06,6.3461e-05,-11789,615.47
-3.2136e-06,6.3403e-05,-11783,615.05
-2.3662e-06,-2.1485e-05,-10090,-277.86
