0.00072914,-0.020701,-4.0310e+05,-73358
-3.9744e-05,-0.0041981,-3.2095e+05,-40821
-5.0483e-05,-0.0018189,-2.3225e+05,-21080
-5.197e-05,-0.00056416,-2.2352e+05,-7091.3
-5.352e-05,3.1296e-05,-2.1772e+05,-754.12
-5.4124e-05,0.0003833,-2.1303e+05,2998.2
-5.445e-05,0.00043955,-2.1321e+05,3593.3
-5.485e-05,0.0004304,-2.1503e+05,3487.3
-5.4921e-05,0.00041108,-2.1571e+05,3279.2
-5.486e-05,0.00043017,-2.1508e+05,3484.7
-5.4816e-05,0.00043494,-2.148e+05,3536.5
-5.4721e-05,0.0004252,-2.1461e+05,3434.2
-5.4497e-05,0.00035526,-2.1512e+05,2690.8
-5.4233e-05,0.00026945,-2.1579e+05,1778.4
-5.4028e-05,0.00018776,-2.1661e+05,909.04
-5.396e-05,0.00014534,-2.172e+05,456.74
-5.4036e-05,0.00016526,-2.171e+05,668.31
-5.4176e-05,0.00023423,-2.1627e+05,1403.1
-5.432e-05,0.00029546,-2.1561e+05,2054.9
-5.4496e-05,0.00037577,-2.147e+05,2910.2
-5.4655e-05,0.00044672,-2.139e+05,3665.7
-5.476e-05,0.00050494,-2.1315e+05,4286.2
-5.4873e-05,0.00054959,-2.127e+05,4761.4
-5.4968e-05,0.00060866,-2.1189e+05,5391.2
-5.505e-05,0.00063574,-2.1168e+05,5679.1
-5.5129e-05,0.00067791,-2.1114e+05,6128.5
-5.5194e-05,0.0006921,-2.1112e+05,6278.9
-5.5233e-05,0.000718,-2.1075e+05,6555.2
-5.5254e-05,0.00071708,-2.1085e+05,6544.9
-5.5247e-05,0.00073362,-2.1049e+05,6721.9
-5.5212e-05,0.00071219,-2.1078e+05,6493.5
-5.5175e-05,0.000707,-2.1074e+05,6438.7
-5.5078e-05,0.00067279,-2.1104e+05,6074.8
-5.4973e-05,0.00063941,-2.1129e+05,5720
-5.4952e-05,0.00059931,-2.1202e+05,5291.6
-5.4905e-05,0.00059996,-2.1181e+05,5299.5
-5.4848e-05,0.00055947,-2.124e+05,4867.7
-5.4865e-05,0.00056882,-2.1228e+05,4967.3
-5.4924e-05,0.00057142,-2.1247e+05,4993.9
-5.4965e-05,0.00060757,-2.1190e+05,5379.2
-5.4957e-05,0.00059512,-2.1212e+05,5246.3
-5.494e-05,0.00063429,-2.1126e+05,5665.1
-5.4982e-05,0.00067169,-2.1069e+05,6063.6
-5.5028e-05,0.00071594,-2.1e+05,6534.6
-5.5196e-05,0.00073585,-2.1025e+05,6745.9
-5.5366e-05,0.00078082,-2.1008e+05,7219.4
-5.5446e-05,0.00080891,-2.0986e+05,7517.1
-5.5561e-05,0.00086167,-2.0931e+05,8075.6
-5.5684e-05,0.00088437,-2.0937e+05,8314.8
-5.5783e-05,0.00091541,-2.0908e+05,8649
-5.591e-05,0.00093206,-2.0927e+05,8824.2
-5.6037e-05,0.00097396,-2.0878e+05,9281.2
-5.5996e-05,0.00097513,-2.0858e+05,9295.4
-5.5849e-05,0.00095104,-2.0859e+05,9032
-5.5716e-05,0.00089968,-2.0918e+05,8478.7
-5.5564e-05,0.0008696,-2.0919e+05,8158
-5.5319e-05,0.00078897,-2.0975e+05,7306.1
-5.5073e-05,0.00069414,-2.1058e+05,6303.2
-5.4872e-05,0.00057311,-2.1222e+05,5013
-5.472e-05,0.00048904,-2.1331e+05,4117.1
-5.4629e-05,0.00043708,-2.1399e+05,3563.2
-5.4628e-05,0.000415,-2.1444e+05,3327.2
-5.4706e-05,0.00044131,-2.1422e+05,3606.9
-5.4771e-05,0.000482,-2.1366e+05,4040.7
-5.4811e-05,0.00050042,-2.1345e+05,4236.9
-5.481e-05,0.00051004,-2.1325e+05,4339.8
-5.479e-05,0.00048956,-2.1358e+05,4121.2
-5.4719e-05,0.00047256,-2.1364e+05,3940.8
-5.4559e-05,0.00041386,-2.1418e+05,3316.4
-5.4419e-05,0.00034095,-2.1509e+05,2539.4
-5.4312e-05,0.00028609,-2.1577e+05,1954.9
-5.4182e-05,0.00023283,-2.1632e+05,1387.9
-5.4045e-05,0.00016835,-2.1707e+05,701.13
-5.3904e-05,0.00010794,-2.1773e+05,57.949
-5.3807e-05,5.0829e-05,-2.1849e+05,-550.89
-5.3723e-05,9.7454e-06,-2.1899e+05,-988.59
-5.3602e-05,-3.8804e-05,-2.1948e+05,-1505.4
-5.348e-05,-9.2993e-05,-2.2009e+05,-2082.5
-5.3374e-05,-0.00012893,-2.2038e+05,-2464.6
-5.3291e-05,-0.00016833,-2.2085e+05,-2884.3
-5.3241e-05,-0.00019149,-2.2112e+05,-3131
-5.3177e-05,-0.0002106,-2.2124e+05,-3334.1
-5.3106e-05,-0.00023981,-2.2155e+05,-3645.1
-5.3044e-05,-0.00026741,-2.2185e+05,-3939.1
-5.2957e-05,-0.00029929,-2.2215e+05,-4278.2
-5.2868e-05,-0.00034405,-2.227e+05,-4755.1
-5.2821e-05,-0.00038094,-2.2326e+05,-5148.8
-5.2779e-05,-0.000404,-2.2356e+05,-5394.6
-5.2696e-05,-0.00043884,-2.2393e+05,-5765.5
-5.2608e-05,-0.00047889,-2.2438e+05,-6192.1
-5.2527e-05,-0.00050577,-2.246e+05,-6477.9
-5.246e-05,-0.00053957,-2.2502e+05,-6838.1
-5.243e-05,-0.00056059,-2.2532e+05,-7062.4
-5.2399e-05,-0.00057271,-2.2544e+05,-7191.3
-5.2365e-05,-0.00059226,-2.257e+05,-7399.7
-5.2331e-05,-0.00060554,-2.2583e+05,-7541.1
-5.2276e-05,-0.00062206,-2.2594e+05,-7716.7
-5.2226e-05,-0.00063855,-2.2608e+05,-7892
-5.2194e-05,-0.00065482,-2.2628e+05,-8065.4
-5.2219e-05,-0.00065899,-2.2646e+05,-8110.5
-5.2221e-05,-0.00064753,-2.2624e+05,-7988
-5.2197e-05,-0.00065198,-2.2623e+05,-8035.1
-5.221e-05,-0.00066102,-2.2647e+05,-8132.1
-5.2208e-05,-0.00065589,-2.2636e+05,-8077.1
-5.2186e-05,-0.00065842,-2.2632e+05,-8103.8
-5.2179e-05,-0.00065836,-2.2629e+05,-8103
-5.2142e-05,-0.00065129,-2.2599e+05,-8026.7
-5.2136e-05,-0.0006464,-2.2587e+05,-7974.2
-5.216e-05,-0.00063031,-2.2564e+05,-7802.6
-5.2116e-05,-0.00062634,-2.2538e+05,-7759.2
-5.2103e-05,-0.00061648,-2.2512e+05,-7653.4
-5.2143e-05,-0.00060543,-2.2506e+05,-7536.1
-5.2199e-05,-0.0005864,-2.249e+05,-7333.7
-5.223e-05,-0.00057815,-2.2486e+05,-7246.1
-5.2278e-05,-0.00056828,-2.2486e+05,-7141.5
-5.2344e-05,-0.00055077,-2.2477e+05,-6955.6
-5.2394e-05,-0.00053316,-2.2462e+05,-6768.2
-5.2383e-05,-0.00052439,-2.2439e+05,-6674.1
-5.24e-05,-0.00053043,-2.2458e+05,-6739.2
-5.2422e-05,-0.00050587,-2.2417e+05,-6476.9
-5.2446e-05,-0.00050894,-2.2433e+05,-6510.2
-5.2501e-05,-0.00047962,-2.2396e+05,-6197.7
-5.2492e-05,-0.00047623,-2.2385e+05,-6161.4
-5.2495e-05,-0.00047687,-2.2388e+05,-6168.2
-5.255e-05,-0.00046208,-2.238e+05,-6011.2
-5.2592e-05,-0.00043525,-2.2343e+05,-5725
-5.2628e-05,-0.00043123,-2.2349e+05,-5682.8
-5.2703e-05,-0.00040052,-2.2317e+05,-5355.9
-5.2738e-05,-0.00038471,-2.2299e+05,-5187.5
-5.2749e-05,-0.00037724,-2.2289e+05,-5107.8
-5.278e-05,-0.00036718,-2.2281e+05,-5000.8
-5.2788e-05,-0.00034924,-2.2248e+05,-4809.1
-5.2792e-05,-0.00035102,-2.2253e+05,-4828.2
-5.2843e-05,-0.00033692,-2.2245e+05,-4678.5
-5.2856e-05,-0.00031881,-2.2213e+05,-4485
-5.2862e-05,-0.0003265,-2.2231e+05,-4567.4
-5.2877e-05,-0.0003103,-2.2205e+05,-4394.4
-5.2852e-05,-0.00031835,-2.2211e+05,-4480
-5.2865e-05,-0.00032253,-2.2225e+05,-4525
-5.282e-05,-0.00031761,-2.2196e+05,-4471.4
-5.2773e-05,-0.00034632,-2.2236e+05,-4777.6
-5.281e-05,-0.0003356,-2.2229e+05,-4663.7
-5.2868e-05,-0.00031993,-2.2221e+05,-4497.3
-5.2878e-05,-0.00030144,-2.2187e+05,-4299.7
-5.2886e-05,-0.00030554,-2.2199e+05,-4343.7
-5.2926e-05,-0.00028019,-2.2163e+05,-4073.3
-5.2999e-05,-0.0002659,-2.2164e+05,-3922
-5.3131e-05,-0.00020827,-2.2100e+05,-3308.3
-5.3271e-05,-0.00015749,-2.2054e+05,-2768
-5.3485e-05,-7.8867e-05,-2.1982e+05,-1931.5
-5.3799e-05,3.6965e-05,-2.1874e+05,-699.03
-5.4199e-05,0.00019038,-2.1725e+05,933.59
-5.4656e-05,0.00036496,-2.1557e+05,2791.4
-5.5192e-05,0.0005855,-2.1328e+05,5139
-5.5713e-05,0.00078425,-2.1142e+05,7249.6
-5.5974e-05,0.00089074,-2.1033e+05,8383.2
-5.5978e-05,0.00092513,-2.096e+05,8754.6
-5.6017e-05,0.00093889,-2.0955e+05,8896.8
-5.5927e-05,0.00092969,-2.0946e+05,8794
-5.5728e-05,0.00089289,-2.095e+05,8396.8
-5.5397e-05,0.00082332,-2.0951e+05,7662.2
-5.4799e-05,0.00070102,-2.0933e+05,6382.2
-5.4026e-05,0.0004803,-2.1066e+05,4037.4
-5.2841e-05,0.00019393,-2.1165e+05,998.85
-5.1468e-05,-0.0002391,-2.1485e+05,-3604.4
-5.0187e-05,-0.0006836,-2.1866e+05,-8333.2
-4.9654e-05,-0.0011204,-2.2102e+05,-13280
-4.9323e-05,-0.0015225,-2.2262e+05,-17868
-4.491e-05,-0.0016634,-1.8086e+05,-21193
-4.5673e-05,-0.00096424,-2.0489e+05,-11320
-4.717e-05,-0.00035822,-1.9974e+05,-4790.5
-4.8436e-05,0.00010613,-1.9545e+05,149.84
-4.9224e-05,0.00053061,-1.9004e+05,4673.4
-4.9474e-05,0.00064014,-1.8883e+05,5839.6
-4.9549e-05,0.00069975,-1.8791e+05,6476.9
-4.9512e-05,0.00068616,-1.8805e+05,6331
-4.9475e-05,0.00067256,-1.8818e+05,6186.2
-4.9438e-05,0.00065897,-1.883e+05,6041.6
-4.9401e-05,0.00064537,-1.8843e+05,5896.9
-4.9364e-05,0.00063177,-1.8856e+05,5752.2
-4.9336e-05,0.00061885,-1.8870e+05,5614.6
-4.9317e-05,0.00061126,-1.8878e+05,5533.9
-4.9298e-05,0.00060365,-1.8886e+05,5452.9
-4.9278e-05,0.00059598,-1.8893e+05,5371.2
-4.9258e-05,0.0005884,-1.89e+05,5290.6
-4.9237e-05,0.00058083,-1.8907e+05,5210.1
-4.9216e-05,0.00057325,-1.8914e+05,5129.5
-4.9194e-05,0.00056561,-1.8921e+05,5048.2
-4.9173e-05,0.00055805,-1.8927e+05,4967.8
-4.9152e-05,0.00055049,-1.8934e+05,4887.3
-4.9131e-05,0.00054292,-1.8941e+05,4806.8
-4.911e-05,0.00053528,-1.8948e+05,4725.6
-4.9088e-05,0.00052772,-1.8954e+05,4645.1
-4.9067e-05,0.00052016,-1.8961e+05,4564.7
-4.9046e-05,0.00051258,-1.8968e+05,4484.1
-4.9025e-05,0.00050495,-1.8975e+05,4402.9
-4.9004e-05,0.00049739,-1.8981e+05,4322.5
-4.8983e-05,0.00048983,-1.8988e+05,4242
-4.8961e-05,0.00048226,-1.8995e+05,4161.6
-4.894e-05,0.00047469,-1.9002e+05,4081.1
-4.8919e-05,0.00046706,-1.9008e+05,3999.8
-4.8898e-05,0.0004595,-1.9015e+05,3919.4
-4.8877e-05,0.00045193,-1.9022e+05,3839
-4.8856e-05,0.00044435,-1.9029e+05,3758.3
-4.8836e-05,0.0004367,-1.9036e+05,3676.9
-4.8816e-05,0.00042912,-1.9043e+05,3596.2
-4.8795e-05,0.00042155,-1.9050e+05,3515.7
-4.8775e-05,0.00041396,-1.9058e+05,3434.9
-4.8754e-05,0.00040631,-1.9065e+05,3353.5
-4.8734e-05,0.00039873,-1.9072e+05,3272.9
-4.8714e-05,0.00039116,-1.9079e+05,3192.3
-4.8693e-05,0.00038357,-1.9086e+05,3111.7
-4.8673e-05,0.00037593,-1.9093e+05,3030.3
-4.8652e-05,0.00036835,-1.91e+05,2949.7
-4.8632e-05,0.00036078,-1.9107e+05,2869.1
-4.8612e-05,0.00035321,-1.9114e+05,2788.6
-4.8591e-05,0.00034562,-1.9122e+05,2707.9
-4.8571e-05,0.00033798,-1.9129e+05,2626.5
-4.855e-05,0.0003304,-1.9136e+05,2545.9
-4.853e-05,0.00032283,-1.9143e+05,2465.4
-4.851e-05,0.00031525,-1.915e+05,2384.7
-4.8489e-05,0.0003076,-1.9157e+05,2303.3
-4.8469e-05,0.00030003,-1.9164e+05,2222.8
-4.8448e-05,0.00029246,-1.9171e+05,2142.2
-4.8428e-05,0.00028488,-1.9178e+05,2061.6
-4.8407e-05,0.00027725,-1.9185e+05,1980.4
-4.8386e-05,0.00026969,-1.9192e+05,1900
-4.8365e-05,0.00026213,-1.9199e+05,1819.6
-4.8343e-05,0.00025456,-1.9206e+05,1739.1
-4.8322e-05,0.00024693,-1.9212e+05,1657.9
-4.8301e-05,0.00023938,-1.9219e+05,1577.5
-4.828e-05,0.00023182,-1.9226e+05,1497.1
-4.8259e-05,0.00022426,-1.9233e+05,1416.8
-4.8238e-05,0.0002167,-1.924e+05,1336.3
-4.8217e-05,0.00020907,-1.9246e+05,1255.1
-4.8196e-05,0.00020151,-1.9253e+05,1174.7
-4.8175e-05,0.00019396,-1.926e+05,1094.3
-4.8154e-05,0.00018639,-1.9267e+05,1013.9
-4.8133e-05,0.00017876,-1.9274e+05,932.67
-4.8112e-05,0.0001712,-1.9281e+05,852.27
-4.8091e-05,0.00016364,-1.9288e+05,771.86
-4.8071e-05,0.00015607,-1.9295e+05,691.28
-4.805e-05,0.00014843,-1.9302e+05,609.98
-4.803e-05,0.00014086,-1.9309e+05,529.41
-4.801e-05,0.00013328,-1.9316e+05,448.84
-4.799e-05,0.0001257,-1.9323e+05,368.17
-4.7969e-05,0.00011805,-1.9331e+05,286.79
-4.7949e-05,0.00011048,-1.9338e+05,206.22
-4.7921e-05,0.00010223,-1.9343e+05,118.48
-4.7885e-05,8.863e-05,-1.9356e+05,-26.182
-4.7848e-05,7.5038e-05,-1.9368e+05,-170.79
-4.781e-05,6.1483e-05,-1.9381e+05,-314.99
-4.7773e-05,4.7907e-05,-1.9393e+05,-459.44
-4.7737e-05,3.4316e-05,-1.9406e+05,-604.04
-4.77e-05,2.0726e-05,-1.9419e+05,-748.65
-4.7703e-05,1.04e-05,-1.9441e+05,-859.14
-4.7525e-05,7.1228e-06,-1.9375e+05,-890.57
-4.6456e-05,-0.00019971,-1.9359e+05,-3080.9
-4.6042e-05,-0.0009272,-2.0457e+05,-10999
0.00014457,-0.0057387,-30770,-33385
