0.00055944,-0.016832,-3.6476e+05,-68799
-3.4562e-05,-0.0041044,-2.9685e+05,-39760
-4.4822e-05,-0.0019429,-2.298e+05,-20953
-4.6138e-05,-0.00073465,-2.027e+05,-8831.2
-4.7775e-05,-0.00012063,-1.9737e+05,-2262
-4.8635e-05,0.00029062,-1.9252e+05,2118.7
-4.8897e-05,0.00040805,-1.9119e+05,3369.2
-4.9163e-05,0.00044581,-1.9151e+05,3767.6
-4.9236e-05,0.00041028,-1.9253e+05,3386.2
-4.9261e-05,0.00036592,-1.9354e+05,2911.3
-4.9055e-05,0.00031441,-1.9374e+05,2364.6
-4.8768e-05,0.00024186,-1.9405e+05,1594.6
-4.8485e-05,0.00012541,-1.9526e+05,354.95
-4.8344e-05,5.8031e-05,-1.9605e+05,-362.77
-4.832e-05,5.413e-05,-1.9604e+05,-404
-4.8381e-05,7.2179e-05,-1.9592e+05,-212.21
-4.8536e-05,0.00014244,-1.9512e+05,536.06
-4.8692e-05,0.00022598,-1.9406e+05,1426.2
-4.8815e-05,0.00028242,-1.9342e+05,2027.3
-4.8945e-05,0.00034627,-1.9265e+05,2707.6
-4.9038e-05,0.00039081,-1.9212e+05,3181.9
-4.9083e-05,0.00041974,-1.9172e+05,3490.4
-4.9145e-05,0.00043878,-1.9158e+05,3692.8
-4.922e-05,0.00047602,-1.9113e+05,4089.6
-4.9281e-05,0.00050197,-1.9085e+05,4365.8
-4.9371e-05,0.00054547,-1.9034e+05,4829.2
-4.9435e-05,0.00056555,-1.9019e+05,5042.6
-4.9485e-05,0.00059387,-1.8982e+05,5344.5
-4.9522e-05,0.0006004,-1.8984e+05,5413.6
-4.9543e-05,0.00062215,-1.8948e+05,5645.7
-4.9553e-05,0.00062164,-1.8953e+05,5640.1
-4.9574e-05,0.00063613,-1.8932e+05,5794.5
-4.9567e-05,0.00063917,-1.8923e+05,5827.2
-4.9547e-05,0.0006436,-1.8906e+05,5875.1
-4.9588e-05,0.00063795,-1.8934e+05,5813.7
-4.9591e-05,0.00066042,-1.889e+05,6054
-4.9552e-05,0.00063304,-1.893e+05,5762
-4.9569e-05,0.00064231,-1.8918e+05,5860.7
-4.9607e-05,0.00064464,-1.8928e+05,5884.9
-4.9564e-05,0.00067122,-1.8862e+05,6166.3
-4.9542e-05,0.00064823,-1.8899e+05,5921.5
-4.9519e-05,0.00065806,-1.887e+05,6026.8
-4.9552e-05,0.00065544,-1.8888e+05,5998.3
-4.9501e-05,0.00066273,-1.8854e+05,6076.9
-4.9482e-05,0.00065151,-1.8865e+05,5960
-4.9517e-05,0.00066705,-1.885e+05,6123.4
-4.9523e-05,0.00066826,-1.8847e+05,6138.5
-4.9579e-05,0.00069079,-1.8829e+05,6375.2
-4.9549e-05,0.00069418,-1.8809e+05,6412.4
-4.9545e-05,0.00070812,-1.8783e+05,6559.1
-4.9594e-05,0.00070893,-1.8801e+05,6566.6
-4.9691e-05,0.00074687,-1.877e+05,6966.2
-4.9685e-05,0.0007482,-1.8765e+05,6980.5
-4.9629e-05,0.000727,-1.8780e+05,6757.9
-4.9584e-05,0.00068575,-1.8836e+05,6324.7
-4.9552e-05,0.00066091,-1.8873e+05,6060
-4.9462e-05,0.00061528,-1.8929e+05,5573.9
-4.9313e-05,0.00054838,-1.9004e+05,4861.5
-4.9165e-05,0.00045245,-1.9139e+05,3838.7
-4.9079e-05,0.00040124,-1.9207e+05,3292.8
-4.904e-05,0.0003726,-1.925e+05,2987.2
-4.9086e-05,0.00037154,-1.9271e+05,2974.9
-4.9212e-05,0.00042011,-1.9223e+05,3491.8
-4.9315e-05,0.00048441,-1.9135e+05,4177.3
-4.9387e-05,0.0005214,-1.9089e+05,4571.4
-4.9417e-05,0.00054296,-1.9057e+05,4801.4
-4.9419e-05,0.00053456,-1.9075e+05,4711.5
-4.9373e-05,0.00052535,-1.9075e+05,4614
-4.9246e-05,0.00047736,-1.9121e+05,4103.3
-4.913e-05,0.00041387,-1.9203e+05,3426.7
-4.904e-05,0.00036738,-1.926e+05,2931.4
-4.8925e-05,0.00031958,-1.9311e+05,2422.5
-4.8801e-05,0.00026262,-1.9376e+05,1815.9
-4.867e-05,0.00020629,-1.9437e+05,1216.1
-4.8577e-05,0.00015326,-1.9507e+05,650.95
-4.8496e-05,0.00011217,-1.9557e+05,213.19
-4.8375e-05,6.4872e-05,-1.9604e+05,-290.23
-4.8246e-05,8.2154e-06,-1.9667e+05,-893.55
-4.8131e-05,-3.1056e-05,-1.97e+05,-1311.2
-4.8036e-05,-7.5579e-05,-1.9752e+05,-1785.4
-4.7971e-05,-0.00010434,-1.9784e+05,-2091.7
-4.7892e-05,-0.00013124,-1.9806e+05,-2377.8
-4.7809e-05,-0.00016506,-1.9841e+05,-2737.8
-4.7735e-05,-0.00019899,-1.988e+05,-3099.2
-4.7638e-05,-0.00023477,-1.9913e+05,-3479.9
-4.7544e-05,-0.00028307,-1.9973e+05,-3994.6
-4.749e-05,-0.00032191,-2.003e+05,-4408.9
-4.7448e-05,-0.00034858,-2.0068e+05,-4693.3
-4.7356e-05,-0.00038334,-2.0101e+05,-5063.1
-4.7266e-05,-0.00042566,-2.015e+05,-5514
-4.7183e-05,-0.00045294,-2.0172e+05,-5804.1
-4.7111e-05,-0.00048706,-2.0212e+05,-6167.6
-4.7097e-05,-0.0005072,-2.0247e+05,-6382.7
-4.7049e-05,-0.00052105,-2.0256e+05,-6529.7
-4.7042e-05,-0.00053843,-2.0288e+05,-6715.5
-4.6988e-05,-0.00055194,-2.0294e+05,-6858.9
-4.6933e-05,-0.00056649,-2.0301e+05,-7013.5
-4.6891e-05,-0.00058269,-2.0317e+05,-7185.9
-4.6873e-05,-0.00059581,-2.0336e+05,-7325.9
-4.6894e-05,-0.00060115,-2.0356e+05,-7383.4
-4.6905e-05,-0.00058969,-2.0337e+05,-7261
-4.686e-05,-0.00059547,-2.033e+05,-7322
-4.6864e-05,-0.00060303,-2.0347e+05,-7402.9
-4.6856e-05,-0.00059888,-2.0336e+05,-7358.4
-4.6821e-05,-0.00060123,-2.0326e+05,-7382.7
-4.6815e-05,-0.00060327,-2.0328e+05,-7404.4
-4.6774e-05,-0.00059694,-2.0298e+05,-7335.9
-4.678e-05,-0.00059339,-2.0293e+05,-7298.1
-4.6789e-05,-0.00057754,-2.0265e+05,-7128.7
-4.6733e-05,-0.00057592,-2.0239e+05,-7110.3
-4.6735e-05,-0.00056558,-2.0218e+05,-6999.7
-4.6732e-05,-0.00055822,-2.0202e+05,-6921
-4.6787e-05,-0.00054046,-2.0188e+05,-6732.1
-4.6778e-05,-0.00053647,-2.0177e+05,-6689.3
-4.6835e-05,-0.00052773,-2.0182e+05,-6596.9
-4.6912e-05,-0.00051257,-2.0183e+05,-6436.4
-4.6934e-05,-0.00049785,-2.0161e+05,-6279.3
-4.6928e-05,-0.00049084,-2.0145e+05,-6204.2
-4.696e-05,-0.00049609,-2.0169e+05,-6261.1
-4.6973e-05,-0.00047582,-2.0133e+05,-6044.6
-4.7038e-05,-0.00047847,-2.0165e+05,-6074.1
-4.7103e-05,-0.00044953,-2.0132e+05,-5766
-4.7098e-05,-0.00044583,-2.0123e+05,-5726.3
-4.7146e-05,-0.00044488,-2.014e+05,-5717.1
-4.7187e-05,-0.00043127,-2.0129e+05,-5572.4
-4.7203e-05,-0.00040924,-2.0091e+05,-5337.1
-4.7221e-05,-0.00040825,-2.0096e+05,-5326.9
-4.7279e-05,-0.00038343,-2.0069e+05,-5062.6
-4.7304e-05,-0.00037031,-2.0053e+05,-4922.8
-4.7301e-05,-0.00036752,-2.0046e+05,-4892.9
-4.7309e-05,-0.00036686,-2.0048e+05,-4885.9
-4.7299e-05,-0.00035923,-2.0028e+05,-4804.2
-4.7295e-05,-0.00036525,-2.0039e+05,-4868.5
-4.7338e-05,-0.00035463,-2.0035e+05,-4755.7
-4.7344e-05,-0.00033982,-2.0007e+05,-4597.5
-4.7345e-05,-0.00034931,-2.0027e+05,-4699
-4.7351e-05,-0.00033772,-2.0006e+05,-4575.2
-4.7327e-05,-0.00034723,-2.0015e+05,-4676.4
-4.7345e-05,-0.00034885,-2.0026e+05,-4694
-4.7309e-05,-0.00034152,-1.9996e+05,-4614.9
-4.7277e-05,-0.00036544,-2.0032e+05,-4870.1
-4.733e-05,-0.00034589,-2.0014e+05,-4662.1
-4.7401e-05,-0.00032387,-1.9998e+05,-4428
-4.7427e-05,-0.00030071,-1.9962e+05,-4180.9
-4.7452e-05,-0.00029578,-1.9961e+05,-4128.6
-4.751e-05,-0.00026403,-1.992e+05,-3790.3
-4.7591e-05,-0.00024259,-1.991e+05,-3562.6
-4.7722e-05,-0.00018477,-1.9846e+05,-2946.9
-4.7859e-05,-0.00013431,-1.9799e+05,-2409.9
-4.8062e-05,-5.9193e-05,-1.9729e+05,-1610.7
-4.8353e-05,4.8744e-05,-1.9628e+05,-462.28
-4.8718e-05,0.00018871,-1.9492e+05,1027.2
-4.9131e-05,0.00034609,-1.9341e+05,2701.9
-4.9612e-05,0.00054305,-1.9137e+05,4798.4
-5.0045e-05,0.00071142,-1.8977e+05,6585.8
-5.0196e-05,0.00078138,-1.89e+05,7329
-5.0092e-05,0.00078433,-1.8854e+05,7361.4
-5.0001e-05,0.0007701,-1.8848e+05,7209.4
-4.9885e-05,0.00073546,-1.8872e+05,6840.4
-4.9621e-05,0.00067717,-1.8868e+05,6232.4
-4.9274e-05,0.00058866,-1.8906e+05,5293
-4.87e-05,0.00044824,-1.8958e+05,3802.9
-4.7774e-05,0.00020382,-1.9077e+05,1207.8
-4.664e-05,-0.00012429,-1.9281e+05,-2278.1
-4.5535e-05,-0.00046407,-1.9522e+05,-5889.6
-4.4617e-05,-0.00080459,-1.9714e+05,-9601
-4.4357e-05,-0.0011285,-1.9863e+05,-13323
-4.3938e-05,-0.0014387,-1.9878e+05,-16869
-3.6625e-05,-0.0015832,-1.7104e+05,-18245
-3.8855e-05,-0.00080989,-1.7448e+05,-9492.6
-4.0416e-05,-0.00018772,-1.6871e+05,-2829.5
-4.1717e-05,0.00028607,-1.6438e+05,2210.7
-4.2362e-05,0.00070624,-1.5801e+05,6723
-4.241e-05,0.00071488,-1.5806e+05,6812.2
-4.2427e-05,0.00071888,-1.5808e+05,6852.3
-4.2358e-05,0.00070396,-1.5818e+05,6689
-4.2273e-05,0.0006925,-1.5842e+05,6545.2
-4.2243e-05,0.00067773,-1.5897e+05,6361.9
-4.222e-05,0.00066252,-1.5905e+05,6208.2
-4.2181e-05,0.00064757,-1.5908e+05,6057.4
-4.2148e-05,0.00063399,-1.5913e+05,5918.4
-4.2128e-05,0.00062586,-1.5952e+05,5809.1
-4.2107e-05,0.0006177,-1.5951e+05,5728.9
-4.2086e-05,0.00060948,-1.5951e+05,5647.2
-4.2064e-05,0.00060137,-1.5952e+05,5565.5
-4.2041e-05,0.00059326,-1.5954e+05,5483.1
-4.2019e-05,0.00058514,-1.5957e+05,5399.9
-4.1996e-05,0.00057695,-1.5961e+05,5315.1
-4.1973e-05,0.00056885,-1.5968e+05,5229.5
-4.1951e-05,0.00056074,-1.5975e+05,5143.3
-4.1928e-05,0.00055263,-1.5982e+05,5057
-4.1905e-05,0.00054445,-1.599e+05,4969.9
-4.1882e-05,0.00053634,-1.5997e+05,4883.8
-4.186e-05,0.00052824,-1.6004e+05,4797.6
-4.1837e-05,0.00052013,-1.6011e+05,4711.3
-4.1814e-05,0.00051194,-1.6018e+05,4624.2
-4.1792e-05,0.00050384,-1.6026e+05,4538
-4.1769e-05,0.00049574,-1.6033e+05,4451.8
-4.1746e-05,0.00048764,-1.604e+05,4365.7
-4.1724e-05,0.00047952,-1.6047e+05,4279.4
-4.1701e-05,0.00047134,-1.6055e+05,4192.3
-4.1678e-05,0.00046324,-1.6062e+05,4106.1
-4.1656e-05,0.00045514,-1.6069e+05,4020
-4.1634e-05,0.00044701,-1.6077e+05,3933.5
-4.1612e-05,0.00043881,-1.6085e+05,3846.3
-4.159e-05,0.00043069,-1.6092e+05,3759.9
-4.1569e-05,0.00042258,-1.61e+05,3673.6
-4.1547e-05,0.00041445,-1.6107e+05,3587.1
-4.1525e-05,0.00040626,-1.6115e+05,3499.9
-4.1503e-05,0.00039814,-1.6123e+05,3413.6
-4.1481e-05,0.00039003,-1.613e+05,3327.2
-4.1459e-05,0.0003819,-1.6138e+05,3240.8
-4.1437e-05,0.00037371,-1.6146e+05,3153.6
-4.1415e-05,0.00036559,-1.6153e+05,3067.3
-4.1394e-05,0.00035748,-1.6161e+05,2981
-4.1372e-05,0.00034937,-1.6168e+05,2894.6
-4.135e-05,0.00034124,-1.6176e+05,2808.2
-4.1328e-05,0.00033305,-1.6184e+05,2721
-4.1306e-05,0.00032493,-1.6191e+05,2634.7
-4.1284e-05,0.00031682,-1.6199e+05,2548.4
-4.1262e-05,0.0003087,-1.6206e+05,2462
-4.124e-05,0.0003005,-1.6214e+05,2374.8
-4.1219e-05,0.00029239,-1.6222e+05,2288.5
-4.1197e-05,0.00028428,-1.6229e+05,2202.2
-4.1174e-05,0.00027616,-1.6237e+05,2115.8
-4.1152e-05,0.00026798,-1.6244e+05,2028.8
-4.1129e-05,0.00025988,-1.6251e+05,1942.6
-4.1107e-05,0.00025178,-1.6259e+05,1856.5
-4.1084e-05,0.00024368,-1.6266e+05,1770.2
-4.1062e-05,0.0002355,-1.6273e+05,1683.2
-4.1039e-05,0.0002274,-1.6281e+05,1597.1
-4.1017e-05,0.0002193,-1.6288e+05,1511
-4.0994e-05,0.00021121,-1.6295e+05,1424.8
-4.0972e-05,0.0002031,-1.6302e+05,1338.6
-4.0949e-05,0.00019492,-1.631e+05,1251.6
-4.0927e-05,0.00018682,-1.6317e+05,1165.5
-4.0904e-05,0.00017873,-1.6324e+05,1079.3
-4.0881e-05,0.00017062,-1.6332e+05,993.09
-4.0859e-05,0.00016244,-1.6339e+05,906.1
-4.0837e-05,0.00015434,-1.6346e+05,819.94
-4.0815e-05,0.00014625,-1.6354e+05,733.78
-4.0792e-05,0.00013813,-1.6361e+05,647.44
-4.077e-05,0.00012994,-1.6369e+05,560.33
-4.0749e-05,0.00012183,-1.6377e+05,474.01
-4.0727e-05,0.00011372,-1.6384e+05,387.69
-4.0705e-05,0.00010559,-1.6392e+05,301.26
-4.0684e-05,9.74e-05,-1.64e+05,214.07
-4.0662e-05,8.9287e-05,-1.6408e+05,127.75
-4.0632e-05,8.044e-05,-1.6413e+05,33.744
-4.0593e-05,6.5874e-05,-1.6427e+05,-121.25
-4.0553e-05,5.131e-05,-1.644e+05,-276.18
-4.0513e-05,3.6784e-05,-1.6453e+05,-430.71
-4.0473e-05,2.2237e-05,-1.6467e+05,-585.49
-4.0434e-05,7.6755e-06,-1.6481e+05,-740.41
-4.0395e-05,-6.8848e-06,-1.6494e+05,-895.33
-4.0391e-05,-1.8509e-05,-1.6516e+05,-1019.6
-4.021e-05,-2.5082e-05,-1.6456e+05,-1086.2
-3.9277e-05,-0.00022996,-1.6492e+05,-3258.3
-3.9469e-05,-0.00092685,-1.7657e+05,-10935
0.00012112,-0.0051707,-18496,-31905
