0.0018836,-0.043949,-3.952e+05,-35799
-4.5382e-05,-0.0043556,-2.5072e+05,-25959
-5.9728e-05,-0.0015716,-2.2276e+05,-11574
-6.2393e-05,-0.00018173,-2.3755e+05,-1355.8
-6.3826e-05,0.00040186,-2.4232e+05,2764.1
-6.4495e-05,0.00073903,-2.4448e+05,5144.4
-6.4807e-05,0.00085762,-2.4554e+05,5981.2
-6.4943e-05,0.00097314,-2.4662e+05,6747.7
-6.5036e-05,0.0010044,-2.4706e+05,6959.7
-6.5213e-05,0.0010413,-2.4729e+05,7249
-6.5355e-05,0.0010833,-2.473e+05,7580.1
-6.5456e-05,0.0011294,-2.4751e+05,7914.6
-6.548e-05,0.0011582,-2.4766e+05,8113.4
-6.5485e-05,0.0011588,-2.4776e+05,8111.4
-6.5529e-05,0.0011627,-2.479e+05,8141.1
-6.5742e-05,0.0012067,-2.4833e+05,8474.1
-6.6277e-05,0.0013328,-2.492e+05,9436.5
-6.7015e-05,0.001496,-2.4979e+05,10723
-6.7757e-05,0.0016335,-2.5051e+05,11817
-6.859e-05,0.0017903,-2.5124e+05,13061
-6.9373e-05,0.0019373,-2.5211e+05,14208
-6.9934e-05,0.0020728,-2.5272e+05,15236
-7.034e-05,0.0021608,-2.5344e+05,15888
-7.0295e-05,0.0022209,-2.5276e+05,16329
-6.9594e-05,0.0020943,-2.5084e+05,15416
-6.8174e-05,0.0018759,-2.476e+05,13777
-6.6713e-05,0.0015432,-2.4689e+05,11161
-6.5781e-05,0.0012807,-2.4653e+05,9121
-6.5213e-05,0.0010852,-2.4635e+05,7622.8
-6.492e-05,0.00097079,-2.4643e+05,6738.1
-6.4746e-05,0.00083973,-2.4532e+05,5855.1
-6.4725e-05,0.00080277,-2.4529e+05,5594
-6.4853e-05,0.00083396,-2.4574e+05,5814.1
-6.4963e-05,0.00091248,-2.462e+05,6358.6
-6.5025e-05,0.00096174,-2.4676e+05,6679.2
-6.5106e-05,0.0010779,-2.4839e+05,7399.8
-6.5125e-05,0.0011229,-2.4886e+05,7687.6
-6.5133e-05,0.0012083,-2.5002e+05,8212
-6.544e-05,0.001242,-2.5201e+05,8396.4
-6.5589e-05,0.001258,-2.4870e+05,8784.8
-6.5694e-05,0.0012325,-2.5021e+05,8529.1
-6.6103e-05,0.0012895,-2.4913e+05,9094.5
-6.6785e-05,0.0014231,-2.4999e+05,10137
-6.7758e-05,0.0015921,-2.5124e+05,11475
-6.8911e-05,0.0018032,-2.5236e+05,13149
-6.9927e-05,0.0020336,-2.5328e+05,14923
-7.0529e-05,0.0021766,-2.5425e+05,15985
-7.0893e-05,0.0023121,-2.55e+05,16949
-7.1059e-05,0.0023601,-2.5555e+05,17280
-7.1105e-05,0.0024068,-2.5569e+05,17598
-7.1152e-05,0.0023973,-2.5584e+05,17536
-7.1136e-05,0.0024313,-2.5576e+05,17767
-7.0919e-05,0.002363,-2.5497e+05,17301
-7.0499e-05,0.002289,-2.5351e+05,16789
-6.9896e-05,0.0021289,-2.5205e+05,15644
-6.9061e-05,0.0019956,-2.5007e+05,14655
-6.7813e-05,0.0017707,-2.4822e+05,12921
-6.6434e-05,0.0015227,-2.467e+05,10960
-6.5364e-05,0.0012029,-2.4676e+05,8455.9
-6.4736e-05,0.00091776,-2.4533e+05,6396.4
-6.4179e-05,0.00065328,-2.4338e+05,4539.1
-6.3798e-05,0.00045359,-2.4216e+05,3129.2
-6.3535e-05,0.00032055,-2.4131e+05,2190.1
-6.3309e-05,0.00023216,-2.4055e+05,1566.2
-6.3104e-05,0.00012542,-2.399e+05,812.69
-6.2873e-05,4.4555e-05,-2.3911e+05,241.88
-6.2659e-05,-7.3157e-05,-2.3843e+05,-589.17
-6.2414e-05,-0.00016015,-2.3760e+05,-1203.3
-6.2128e-05,-0.00028338,-2.3666e+05,-2073.2
-6.1889e-05,-0.00039765,-2.3589e+05,-2880
-6.1717e-05,-0.00049152,-2.3534e+05,-3542.7
-6.155e-05,-0.00055454,-2.3478e+05,-3987.6
-6.1401e-05,-0.00063476,-2.3431e+05,-4554
-6.1265e-05,-0.00068621,-2.3385e+05,-4917.2
-6.1159e-05,-0.00074754,-2.3352e+05,-5350.2
-6.1044e-05,-0.0007823,-2.3312e+05,-5595.6
-6.094e-05,-0.00083999,-2.3284e+05,-6000
-6.0888e-05,-0.00086096,-2.3275e+05,-6142.2
-6.0846e-05,-0.0008796,-2.3263e+05,-6271.8
-6.0799e-05,-0.00089474,-2.3252e+05,-6375.2
-6.0793e-05,-0.00090859,-2.3252e+05,-6472.5
-6.0773e-05,-0.00090277,-2.3243e+05,-6431.9
-6.0741e-05,-0.00092727,-2.3233e+05,-6606
-6.0707e-05,-0.00093356,-2.3222e+05,-6649.9
-6.0649e-05,-0.00096042,-2.3201e+05,-6841.4
-6.058e-05,-0.00099084,-2.317e+05,-7062.3
-6.0541e-05,-0.0010306,-2.3141e+05,-7356.9
-6.0485e-05,-0.0010485,-2.3110e+05,-7490.9
-6.0432e-05,-0.0010959,-2.306e+05,-7851.1
-6.0412e-05,-0.0011144,-2.3035e+05,-7994.9
-6.0383e-05,-0.001138,-2.3005e+05,-8177.1
-6.0378e-05,-0.0011578,-2.298e+05,-8333.2
-6.0386e-05,-0.0011773,-2.2959e+05,-8488.7
-6.0384e-05,-0.0011733,-2.2958e+05,-8459.8
-6.0384e-05,-0.0011929,-2.2934e+05,-8616.4
-6.0375e-05,-0.0011899,-2.2932e+05,-8593.9
-6.0344e-05,-0.0012079,-2.2928e+05,-8718
-6.0324e-05,-0.0012087,-2.2932e+05,-8717.4
-6.031e-05,-0.0012278,-2.2915e+05,-8863.1
-6.0333e-05,-0.0012209,-2.2921e+05,-8816
-6.033e-05,-0.0012118,-2.2938e+05,-8739.4
-6.0323e-05,-0.0012031,-2.2949e+05,-8668.2
-6.0324e-05,-0.0012195,-2.2929e+05,-8799.9
-6.0328e-05,-0.0012049,-2.294e+05,-8688.9
-6.0335e-05,-0.0012029,-2.2951e+05,-8669.8
-6.0358e-05,-0.0011758,-2.2982e+05,-8460.4
-6.0332e-05,-0.0011603,-2.302e+05,-8318.9
-6.0323e-05,-0.0011388,-2.3026e+05,-8158
-6.0346e-05,-0.0011185,-2.3084e+05,-7979.2
-6.0307e-05,-0.0010969,-2.3129e+05,-7782.4
-6.031e-05,-0.0010811,-2.3128e+05,-7670
-6.0378e-05,-0.0010481,-2.3201e+05,-7398.2
-6.0474e-05,-0.0010177,-2.3222e+05,-7190.4
-6.0546e-05,-0.00098658,-2.3234e+05,-6977.7
-6.0632e-05,-0.00096684,-2.3253e+05,-6845.9
-6.075e-05,-0.00092416,-2.3268e+05,-6561.1
-6.0857e-05,-0.00089256,-2.3286e+05,-6351
-6.0907e-05,-0.00086027,-2.3284e+05,-6135.6
-6.0995e-05,-0.0008503,-2.3311e+05,-6069.1
-6.1103e-05,-0.0007874,-2.3335e+05,-5631.8
-6.118e-05,-0.0007696,-2.3362e+05,-5506.2
-6.1278e-05,-0.00071365,-2.3393e+05,-5111.2
-6.1324e-05,-0.00069481,-2.3408e+05,-4978.2
-6.1374e-05,-0.00067065,-2.3424e+05,-4807.6
-6.1466e-05,-0.00064216,-2.3456e+05,-4606.5
-6.1545e-05,-0.00059361,-2.3480e+05,-4263.8
-6.1634e-05,-0.00057546,-2.3512e+05,-4135.7
-6.1769e-05,-0.0005063,-2.3555e+05,-3647.4
-6.1863e-05,-0.00046806,-2.3586e+05,-3377.5
-6.1926e-05,-0.00042848,-2.3606e+05,-3098
-6.1993e-05,-0.00040706,-2.3629e+05,-2946.8
-6.2052e-05,-0.00036938,-2.3647e+05,-2680.8
-6.2094e-05,-0.00035604,-2.3661e+05,-2586.7
-6.2166e-05,-0.00032781,-2.3685e+05,-2387.3
-6.2217e-05,-0.00029478,-2.3701e+05,-2154.1
-6.2249e-05,-0.00029015,-2.3712e+05,-2121.5
-6.2304e-05,-0.00025902,-2.373e+05,-1901.7
-6.2312e-05,-0.00025362,-2.3732e+05,-1863.5
-6.2354e-05,-0.00024447,-2.3747e+05,-1799
-6.2376e-05,-0.00022021,-2.3753e+05,-1627.7
-6.2402e-05,-0.00022455,-2.3763e+05,-1658.4
-6.248e-05,-0.0001894,-2.3788e+05,-1410.3
-6.2582e-05,-0.00015454,-2.3823e+05,-1164.2
-6.2672e-05,-0.0001044,-2.3852e+05,-810.26
-6.2789e-05,-7.2407e-05,-2.3892e+05,-584.46
-6.2961e-05,9.8269e-06,-2.3948e+05,-3.9191
-6.3141e-05,6.9751e-05,-2.401e+05,419.06
-6.3448e-05,0.00019833,-2.4112e+05,1326.8
-6.3781e-05,0.00032705,-2.4224e+05,2235.4
-6.4168e-05,0.0004898,-2.4352e+05,3384.4
-6.4666e-05,0.00069223,-2.4519e+05,4813.5
-6.5275e-05,0.00094717,-2.4736e+05,6603
-6.6212e-05,0.0012205,-2.4967e+05,8600.6
-6.7705e-05,0.0015288,-2.5127e+05,11022
-6.9231e-05,0.0018076,-2.526e+05,13244
-7.0242e-05,0.0020325,-2.536e+05,14972
-7.0755e-05,0.0021636,-2.5478e+05,15916
-7.1118e-05,0.0022717,-2.5578e+05,16679
-7.1331e-05,0.002351,-2.5636e+05,17236
-7.142e-05,0.0023994,-2.5674e+05,17564
-7.1339e-05,0.0024286,-2.5662e+05,17752
-7.0971e-05,0.0023881,-2.5552e+05,17462
-7.032e-05,0.0022897,-2.5357e+05,16763
-6.8797e-05,0.0021294,-2.4876e+05,15604
-6.6425e-05,0.0017319,-2.4464e+05,12557
-6.3461e-05,0.001115,-2.4079e+05,7758.2
-6.2418e-05,-0.00021066,-2.3767e+05,-1560.5
-5.6117e-05,-0.0016892,-2.0625e+05,-12582
-7.4126e-05,-0.0029337,-3.0774e+05,-19603
-8.3605e-05,-0.0024541,-3.0978e+05,-18107
-8.3317e-05,-0.0018273,-3.1539e+05,-13261
-8.4551e-05,-0.0013065,-3.2372e+05,-9289.1
-8.6064e-05,-0.00076083,-3.283e+05,-5473.3
-8.755e-05,-0.00021701,-3.3330e+05,-1634.3
-8.8625e-05,0.00029273,-3.368e+05,1964.6
-8.8947e-05,0.00050858,-3.3778e+05,3488.8
-8.8925e-05,0.00050037,-3.377e+05,3430.9
-8.8903e-05,0.00049217,-3.3763e+05,3373
-8.888e-05,0.00048398,-3.3755e+05,3315.1
-8.8857e-05,0.00047579,-3.3747e+05,3257.3
-8.8839e-05,0.00046803,-3.3741e+05,3202.5
-8.8825e-05,0.00046349,-3.3736e+05,3170.5
-8.8811e-05,0.00045897,-3.3731e+05,3138.5
-8.8797e-05,0.0004544,-3.3727e+05,3106.3
-8.8784e-05,0.00044984,-3.3722e+05,3074.1
-8.8772e-05,0.00044527,-3.3718e+05,3041.8
-8.876e-05,0.00044069,-3.3714e+05,3009.5
-8.8748e-05,0.00043607,-3.371e+05,2976.8
-8.8736e-05,0.00043148,-3.3706e+05,2944.5
-8.8724e-05,0.0004269,-3.3702e+05,2912.2
-8.8712e-05,0.00042232,-3.3698e+05,2879.8
-8.87e-05,0.00041769,-3.3694e+05,2847.1
-8.8689e-05,0.00041311,-3.369e+05,2814.8
-8.8677e-05,0.00040853,-3.3686e+05,2782.4
-8.8665e-05,0.00040395,-3.3682e+05,2750.1
-8.8653e-05,0.00039932,-3.3678e+05,2717.4
-8.8641e-05,0.00039474,-3.3674e+05,2685.1
-8.8629e-05,0.00039016,-3.367e+05,2652.7
-8.8617e-05,0.00038558,-3.3666e+05,2620.4
-8.8605e-05,0.00038099,-3.3662e+05,2588
-8.8593e-05,0.00037637,-3.3658e+05,2555.4
-8.8581e-05,0.00037179,-3.3654e+05,2523
-8.8569e-05,0.00036721,-3.365e+05,2490.7
-8.8556e-05,0.00036265,-3.3646e+05,2458.5
-8.8543e-05,0.00035805,-3.3641e+05,2426.1
-8.853e-05,0.0003535,-3.3637e+05,2393.9
-8.8518e-05,0.00034895,-3.3632e+05,2361.8
-8.8505e-05,0.00034439,-3.3628e+05,2329.6
-8.8492e-05,0.00033979,-3.3624e+05,2297.1
-8.8479e-05,0.00033524,-3.3619e+05,2265
-8.8466e-05,0.00033068,-3.3615e+05,2232.8
-8.8453e-05,0.00032613,-3.3611e+05,2200.7
-8.844e-05,0.00032153,-3.3606e+05,2168.2
-8.8428e-05,0.00031698,-3.3602e+05,2136.1
-8.8415e-05,0.00031242,-3.3598e+05,2103.9
-8.8402e-05,0.00030787,-3.3593e+05,2071.8
-8.8389e-05,0.00030332,-3.3589e+05,2039.6
-8.8376e-05,0.00029872,-3.3584e+05,2007.2
-8.8363e-05,0.00029417,-3.358e+05,1975
-8.8351e-05,0.00028961,-3.3576e+05,1942.9
-8.8338e-05,0.00028506,-3.3571e+05,1910.7
-8.8325e-05,0.00028046,-3.3567e+05,1878.3
-8.8312e-05,0.00027591,-3.3563e+05,1846.1
-8.8299e-05,0.00027136,-3.3558e+05,1814
-8.8287e-05,0.0002668,-3.3554e+05,1781.8
-8.8275e-05,0.00026218,-3.355e+05,1749.2
-8.8263e-05,0.00025761,-3.3546e+05,1716.9
-8.8251e-05,0.00025303,-3.3542e+05,1684.6
-8.8238e-05,0.00024845,-3.3538e+05,1652.3
-8.8226e-05,0.00024383,-3.3534e+05,1619.7
-8.8214e-05,0.00023926,-3.353e+05,1587.4
-8.8202e-05,0.00023469,-3.3526e+05,1555.1
-8.819e-05,0.00023012,-3.3522e+05,1522.8
-8.8178e-05,0.00022554,-3.3518e+05,1490.5
-8.8166e-05,0.00022092,-3.3514e+05,1457.9
-8.8154e-05,0.00021635,-3.3509e+05,1425.6
-8.8142e-05,0.00021177,-3.3505e+05,1393.3
-8.813e-05,0.0002072,-3.3501e+05,1361
-8.8118e-05,0.00020258,-3.3497e+05,1328.4
-8.8106e-05,0.00019801,-3.3493e+05,1296.2
-8.8093e-05,0.00019344,-3.3489e+05,1263.9
-8.8081e-05,0.00018888,-3.3485e+05,1231.7
-8.8068e-05,0.00018428,-3.348e+05,1199.2
-8.8055e-05,0.00017974,-3.3476e+05,1167.2
-8.8042e-05,0.0001752,-3.3471e+05,1135.1
-8.8029e-05,0.00017065,-3.3467e+05,1103
-8.8015e-05,0.00016606,-3.3462e+05,1070.6
-8.8002e-05,0.00016151,-3.3458e+05,1038.5
-8.7984e-05,0.00015656,-3.3452e+05,1003.5
-8.7961e-05,0.0001484,-3.3444e+05,945.94
-8.7939e-05,0.00014024,-3.3436e+05,888.32
-8.7917e-05,0.00013202,-3.3429e+05,830.28
-8.7894e-05,0.00012384,-3.3421e+05,772.5
-8.7871e-05,0.00011568,-3.3413e+05,714.87
-8.7848e-05,0.00010751,-3.3406e+05,657.23
-8.7739e-05,9.2178e-05,-3.3366e+05,549.06
-8.7262e-05,-2.4625e-06,-3.3196e+05,-118.85
-8.5627e-05,-0.00035351,-3.2614e+05,-2596.4
-8.3461e-05,-0.0013706,-3.1816e+05,-9846.3
0.00051395,-0.013083,-380.91,-14814
