0.00057236,-0.016134,-1.2561e+05,-21197
-2.1695e-05,-0.0034828,-1.3165e+05,-21402
-3.1936e-05,-0.0014327,-1.2532e+05,-9824.1
-3.3084e-05,-0.0003382,-1.2623e+05,-2426.6
-3.432e-05,0.00015852,-1.3036e+05,1079.4
-3.4651e-05,0.00045021,-1.3139e+05,3130.9
-3.4539e-05,0.00047624,-1.3089e+05,3317.9
-3.4589e-05,0.00046297,-1.3103e+05,3228.9
-3.4538e-05,0.00039624,-1.3091e+05,2757.8
-3.4495e-05,0.00033579,-1.3081e+05,2331
-3.4261e-05,0.00027495,-1.3e+05,1901.6
-3.3974e-05,0.00020216,-1.2899e+05,1388
-3.3723e-05,8.7064e-05,-1.2817e+05,575.57
-3.3649e-05,3.3058e-05,-1.2795e+05,194.31
-3.3692e-05,4.2713e-05,-1.281e+05,262.44
-3.3808e-05,7.5176e-05,-1.285e+05,491.53
-3.3998e-05,0.00015488,-1.2913e+05,1054.1
-3.4183e-05,0.00024466,-1.2973e+05,1687.9
-3.4326e-05,0.00030678,-1.3021e+05,2126.3
-3.445e-05,0.00037265,-1.306e+05,2591.3
-3.4539e-05,0.00041262,-1.309e+05,2873.4
-3.4596e-05,0.00044533,-1.3108e+05,3104.3
-3.4659e-05,0.00046559,-1.3129e+05,3247.3
-3.4735e-05,0.00050233,-1.3159e+05,3503
-3.4793e-05,0.00052921,-1.3179e+05,3691.9
-3.4877e-05,0.00057036,-1.3204e+05,3984.8
-3.4938e-05,0.00059046,-1.3219e+05,4131
-3.4992e-05,0.00061779,-1.3226e+05,4331.3
-3.5044e-05,0.00062708,-1.3239e+05,4400.3
-3.5082e-05,0.00065266,-1.3241e+05,4587.8
-3.5098e-05,0.00065511,-1.3247e+05,4604.5
-3.5113e-05,0.00066859,-1.3249e+05,4701.4
-3.5127e-05,0.00067211,-1.3258e+05,4723.4
-3.5116e-05,0.00068444,-1.3249e+05,4812.2
-3.5103e-05,0.00067166,-1.3259e+05,4712.8
-3.508e-05,0.00067766,-1.3261e+05,4747.6
-3.507e-05,0.00065851,-1.3271e+05,4604.3
-3.5089e-05,0.00067137,-1.3272e+05,4698.9
-3.5106e-05,0.00067002,-1.3271e+05,4693.9
-3.5049e-05,0.00069126,-1.3237e+05,4850.4
-3.5033e-05,0.00066816,-1.3239e+05,4683.9
-3.5003e-05,0.00067961,-1.3226e+05,4764.8
-3.5025e-05,0.00067246,-1.3246e+05,4707.8
-3.4978e-05,0.00068077,-1.3226e+05,4767.2
-3.4952e-05,0.00066881,-1.3229e+05,4675.5
-3.4972e-05,0.00068129,-1.3239e+05,4761.2
-3.4967e-05,0.00067955,-1.3247e+05,4742.7
-3.5022e-05,0.00070034,-1.3266e+05,4889.4
-3.5007e-05,0.00070616,-1.3268e+05,4925.4
-3.5019e-05,0.0007243,-1.3263e+05,5059.3
-3.5071e-05,0.00072722,-1.3276e+05,5084
-3.5166e-05,0.00076469,-1.3276e+05,5370
-3.5179e-05,0.00076685,-1.3281e+05,5385
-3.5124e-05,0.00075208,-1.3265e+05,5278
-3.505e-05,0.00070354,-1.3269e+05,4916.8
-3.4957e-05,0.00067097,-1.3245e+05,4681.2
-3.4843e-05,0.00060796,-1.3222e+05,4226.1
-3.4699e-05,0.00054875,-1.3169e+05,3810.4
-3.4541e-05,0.0004468,-1.3086e+05,3114.8
-3.4438e-05,0.00039677,-1.3053e+05,2761.7
-3.4385e-05,0.00035968,-1.3037e+05,2499.8
-3.4425e-05,0.00036131,-1.3052e+05,2511.3
-3.4552e-05,0.00040468,-1.3096e+05,2817.1
-3.4655e-05,0.00047466,-1.314e+05,3301.9
-3.4719e-05,0.00050559,-1.3167e+05,3516
-3.4737e-05,0.00052934,-1.3167e+05,3687.1
-3.4715e-05,0.000513,-1.3159e+05,3572.7
-3.4656e-05,0.00050203,-1.3134e+05,3497.8
-3.4535e-05,0.00045105,-1.309e+05,3140.2
-3.4407e-05,0.00039159,-1.3043e+05,2724.1
-3.4299e-05,0.00033539,-1.3007e+05,2328.4
-3.4176e-05,0.00029025,-1.2965e+05,2009.8
-3.4046e-05,0.00022677,-1.2923e+05,1561.7
-3.3914e-05,0.00017493,-1.2879e+05,1195.8
-3.3797e-05,0.00011581,-1.2842e+05,778.5
-3.3668e-05,6.8501e-05,-1.2798e+05,444.56
-3.3554e-05,9.3218e-06,-1.2761e+05,26.815
-3.3467e-05,-3.1574e-05,-1.2733e+05,-261.86
-3.3383e-05,-6.8349e-05,-1.2705e+05,-521.44
-3.3307e-05,-0.00010224,-1.268e+05,-760.64
-3.3252e-05,-0.00013354,-1.2663e+05,-981.62
-3.3188e-05,-0.00015296,-1.2641e+05,-1118.7
-3.3119e-05,-0.00018783,-1.2619e+05,-1364.8
-3.3045e-05,-0.00021524,-1.2594e+05,-1558.3
-3.2942e-05,-0.00025761,-1.256e+05,-1857.3
-3.2834e-05,-0.00030261,-1.2524e+05,-2174.9
-3.2743e-05,-0.00035216,-1.2495e+05,-2524.7
-3.2649e-05,-0.00038577,-1.2463e+05,-2761.9
-3.2548e-05,-0.00043394,-1.243e+05,-3101.9
-3.2473e-05,-0.00046643,-1.2411e+05,-3327.6
-3.2404e-05,-0.00049665,-1.2392e+05,-3538.7
-3.2346e-05,-0.0005214,-1.2371e+05,-3715
-3.2334e-05,-0.0005453,-1.2362e+05,-3889.1
-3.2293e-05,-0.0005534,-1.2344e+05,-3948.5
-3.2296e-05,-0.00057321,-1.2335e+05,-4096.6
-3.2251e-05,-0.00058006,-1.2315e+05,-4147.6
-3.221e-05,-0.00059697,-1.2305e+05,-4264.2
-3.2188e-05,-0.000604,-1.2297e+05,-4314.8
-3.218e-05,-0.00061798,-1.2291e+05,-4417.9
-3.2186e-05,-0.00062009,-1.2289e+05,-4436.7
-3.2183e-05,-0.00061835,-1.2299e+05,-4417.7
-3.2144e-05,-0.00061874,-1.2296e+05,-4413.6
-3.2144e-05,-0.00062942,-1.2276e+05,-4503.1
-3.2138e-05,-0.0006245,-1.2279e+05,-4464.9
-3.2136e-05,-0.00062515,-1.2280e+05,-4468.2
-3.2163e-05,-0.00061396,-1.2291e+05,-4387.5
-3.2141e-05,-0.00060677,-1.2316e+05,-4314.7
-3.215e-05,-0.00059668,-1.2317e+05,-4243.7
-3.2163e-05,-0.00058575,-1.2357e+05,-4141.6
-3.2118e-05,-0.00057729,-1.2382e+05,-4051.9
-3.2131e-05,-0.00056869,-1.2378e+05,-3995.3
-3.2138e-05,-0.00055465,-1.2415e+05,-3868.5
-3.2208e-05,-0.00053877,-1.242e+05,-3769.2
-3.2216e-05,-0.00052634,-1.2406e+05,-3691.6
-3.2281e-05,-0.00051881,-1.2419e+05,-3645.6
-3.2361e-05,-0.00049914,-1.2425e+05,-3521.7
-3.2384e-05,-0.00048746,-1.2419e+05,-3448.1
-3.2403e-05,-0.00047533,-1.2414e+05,-3370.2
-3.2458e-05,-0.00047547,-1.2434e+05,-3371.7
-3.2494e-05,-0.00044946,-1.2429e+05,-3199.6
-3.2552e-05,-0.00044945,-1.2450e+05,-3199.6
-3.2592e-05,-0.00042746,-1.2455e+05,-3050.5
-3.2602e-05,-0.00042539,-1.2458e+05,-3036.4
-3.2664e-05,-0.00041693,-1.2478e+05,-2978.2
-3.2701e-05,-0.00040517,-1.2488e+05,-2896.8
-3.2716e-05,-0.00038252,-1.249e+05,-2738.2
-3.2727e-05,-0.00038302,-1.2494e+05,-2741.8
-3.2756e-05,-0.00036086,-1.2501e+05,-2586
-3.2766e-05,-0.00035725,-1.2505e+05,-2560.6
-3.277e-05,-0.00035076,-1.2505e+05,-2514.8
-3.2781e-05,-0.00035088,-1.251e+05,-2515.7
-3.2793e-05,-0.00034036,-1.2513e+05,-2441.4
-3.2798e-05,-0.00034037,-1.2515e+05,-2441.5
-3.2822e-05,-0.00033301,-1.2523e+05,-2389.6
-3.283e-05,-0.00032224,-1.2525e+05,-2313.6
-3.2835e-05,-0.00032691,-1.2527e+05,-2346.6
-3.2842e-05,-0.00031821,-1.2529e+05,-2285.2
-3.2831e-05,-0.00032345,-1.2525e+05,-2322.1
-3.2838e-05,-0.000325,-1.2528e+05,-2333.1
-3.2829e-05,-0.00032073,-1.2524e+05,-2302.9
-3.2839e-05,-0.0003293,-1.2529e+05,-2363.4
-3.2878e-05,-0.00030891,-1.2541e+05,-2219.5
-3.2922e-05,-0.00029469,-1.2556e+05,-2119.2
-3.2956e-05,-0.00027348,-1.2567e+05,-1969.4
-3.3005e-05,-0.00026239,-1.2584e+05,-1891.2
-3.3074e-05,-0.00022589,-1.2606e+05,-1633.5
-3.3144e-05,-0.00020583,-1.2630e+05,-1492
-3.3273e-05,-0.00015141,-1.2673e+05,-1107.8
-3.3417e-05,-9.7484e-05,-1.2722e+05,-727.21
-3.3598e-05,-2.4438e-05,-1.2782e+05,-211.63
-3.3847e-05,7.437e-05,-1.2865e+05,485.79
-3.4169e-05,0.00020441,-1.2972e+05,1403.7
-3.4526e-05,0.00035197,-1.3092e+05,2445.2
-3.4922e-05,0.00053168,-1.3228e+05,3708.8
-3.5274e-05,0.00067922,-1.3280e+05,4795.5
-3.5378e-05,0.00073762,-1.3266e+05,5239.3
-3.5264e-05,0.00073496,-1.3275e+05,5185.8
-3.5186e-05,0.00072325,-1.3287e+05,5075.4
-3.5119e-05,0.00069284,-1.3262e+05,4863.6
-3.4941e-05,0.00065179,-1.3213e+05,4565.1
-3.4726e-05,0.0005827,-1.3164e+05,4058.9
-3.439e-05,0.00048101,-1.303e+05,3352.5
-3.3823e-05,0.00029882,-1.283e+05,2070.6
-3.3186e-05,6.0063e-05,-1.2616e+05,385.46
-3.2488e-05,-0.00016036,-1.2376e+05,-1170.1
-3.1743e-05,-0.0003795,-1.2118e+05,-2716.6
-3.1494e-05,-0.00058519,-1.1959e+05,-4229.6
-3.1019e-05,-0.00078376,-1.1536e+05,-5796.7
-3.3892e-05,-0.00094598,-1.2486e+05,-7048.5
-3.525e-05,-0.00086492,-1.3326e+05,-6277.4
-3.6748e-05,-0.00026676,-1.4009e+05,-1926.2
-3.8051e-05,0.00020702,-1.4449e+05,1417.7
-3.8698e-05,0.00062719,-1.4613e+05,4407.9
-3.8746e-05,0.00063587,-1.4632e+05,4467.6
-3.8764e-05,0.0006399,-1.4641e+05,4494.5
-3.8695e-05,0.00062503,-1.4624e+05,4384.7
-3.8611e-05,0.0006136,-1.4688e+05,4237.3
-3.8581e-05,0.00059889,-1.4666e+05,4141.7
-3.8558e-05,0.00058373,-1.4646e+05,4043.7
-3.8518e-05,0.00056886,-1.4622e+05,3946
-3.8483e-05,0.00055535,-1.4599e+05,3858.6
-3.846e-05,0.0005473,-1.4584e+05,3806.9
-3.8436e-05,0.00053925,-1.457e+05,3754.2
-3.8412e-05,0.00053112,-1.4557e+05,3700.1
-3.839e-05,0.00052305,-1.4546e+05,3645.4
-3.8369e-05,0.00051496,-1.4537e+05,3589.8
-3.8347e-05,0.00050686,-1.4528e+05,3533.7
-3.8325e-05,0.00049868,-1.452e+05,3476.5
-3.8304e-05,0.00049058,-1.4513e+05,3419.6
-3.8282e-05,0.00048248,-1.4505e+05,3362.5
-3.8261e-05,0.00047437,-1.4498e+05,3305.2
-3.8239e-05,0.00046619,-1.4491e+05,3247.5
-3.8217e-05,0.00045809,-1.4484e+05,3190.3
-3.8196e-05,0.00044999,-1.4476e+05,3133.2
-3.8174e-05,0.00044188,-1.4469e+05,3075.9
-3.8153e-05,0.0004337,-1.4462e+05,3018.2
-3.8131e-05,0.0004256,-1.4454e+05,2961
-3.811e-05,0.0004175,-1.4447e+05,2903.8
-3.8088e-05,0.00040941,-1.444e+05,2846.7
-3.8066e-05,0.00040129,-1.4432e+05,2789.4
-3.8045e-05,0.00039311,-1.4425e+05,2731.7
-3.8023e-05,0.00038502,-1.4418e+05,2674.5
-3.8001e-05,0.00037692,-1.4411e+05,2617.4
-3.7979e-05,0.00036884,-1.4403e+05,2560.3
-3.7956e-05,0.00036068,-1.4395e+05,2502.8
-3.7934e-05,0.00035261,-1.4388e+05,2445.8
-3.7911e-05,0.00034454,-1.438e+05,2388.9
-3.7889e-05,0.00033646,-1.4372e+05,2331.8
-3.7866e-05,0.00032831,-1.4365e+05,2274.3
-3.7844e-05,0.00032024,-1.4357e+05,2217.3
-3.7822e-05,0.00031217,-1.435e+05,2160.4
-3.7799e-05,0.00030409,-1.4342e+05,2103.3
-3.7776e-05,0.00029594,-1.4334e+05,2045.8
-3.7754e-05,0.00028787,-1.4327e+05,1988.8
-3.7732e-05,0.0002798,-1.4319e+05,1931.9
-3.7709e-05,0.00027173,-1.4312e+05,1874.9
-3.7687e-05,0.00026365,-1.4304e+05,1817.9
-3.7664e-05,0.0002555,-1.4296e+05,1760.4
-3.7642e-05,0.00024743,-1.4289e+05,1703.4
-3.762e-05,0.00023936,-1.4281e+05,1646.5
-3.7597e-05,0.00023128,-1.4274e+05,1589.4
-3.7574e-05,0.00022313,-1.4266e+05,1531.9
-3.7552e-05,0.00021506,-1.4258e+05,1475
-3.753e-05,0.00020699,-1.4251e+05,1418
-3.7507e-05,0.00019891,-1.4243e+05,1360.9
-3.7486e-05,0.00019074,-1.4236e+05,1303.3
-3.7464e-05,0.00018265,-1.4229e+05,1246.2
-3.7442e-05,0.00017456,-1.4221e+05,1189.1
-3.7421e-05,0.00016645,-1.4214e+05,1131.9
-3.7399e-05,0.00015828,-1.4207e+05,1074.2
-3.7377e-05,0.00015019,-1.4199e+05,1017.1
-3.7356e-05,0.0001421,-1.4192e+05,959.98
-3.7334e-05,0.00013401,-1.4185e+05,902.88
-3.7312e-05,0.00012591,-1.4178e+05,845.7
-3.7291e-05,0.00011773,-1.417e+05,788.02
-3.7269e-05,0.00010964,-1.4163e+05,730.91
-3.7247e-05,0.00010155,-1.4156e+05,673.81
-3.7226e-05,9.3453e-05,-1.4148e+05,616.63
-3.7204e-05,8.5282e-05,-1.4141e+05,558.95
-3.7182e-05,7.7196e-05,-1.4134e+05,501.88
-3.716e-05,6.9111e-05,-1.4126e+05,444.82
-3.7138e-05,6.1027e-05,-1.4118e+05,387.75
-3.7115e-05,5.2872e-05,-1.4111e+05,330.2
-3.7093e-05,4.4811e-05,-1.4103e+05,273.3
-3.707e-05,3.675e-05,-1.4096e+05,216.41
-3.7047e-05,2.8678e-05,-1.4088e+05,159.44
-3.7024e-05,2.0536e-05,-1.408e+05,101.97
-3.7002e-05,1.2475e-05,-1.4072e+05,45.073
-3.697e-05,3.6828e-06,-1.4061e+05,-16.977
-3.6929e-05,-1.0789e-05,-1.4048e+05,-119.12
-3.689e-05,-2.5268e-05,-1.4034e+05,-221.31
-3.6851e-05,-3.9805e-05,-1.4021e+05,-323.92
-3.6811e-05,-5.4306e-05,-1.4008e+05,-426.27
-3.6771e-05,-6.8786e-05,-1.3994e+05,-528.47
-3.673e-05,-8.3267e-05,-1.398e+05,-630.68
-3.6725e-05,-9.4812e-05,-1.398e+05,-712.2
-3.6543e-05,-0.00010131,-1.3911e+05,-757.85
-3.5609e-05,-0.00030612,-1.358e+05,-2203
-3.5847e-05,-0.0010018,-1.3172e+05,-7481
0.00012386,-0.005135,62812,-15685
