-2.1648e-05,-0.0027184,-1.5157e+05,-28572
-2.54e-05,-0.0021084,-1.33e+05,-23608
-2.534e-05,-0.0014101,-1.1564e+05,-16528
-2.4691e-05,-0.00085133,-1.1202e+05,-9985.6
-2.5381e-05,-0.00044533,-1.1242e+05,-5291.9
-2.6445e-05,-0.00011866,-1.103e+05,-1806.8
-2.6878e-05,6.9938e-05,-1.0823e+05,201.18
-2.7163e-05,0.00017525,-1.0725e+05,1321.5
-2.7321e-05,0.00020955,-1.072e+05,1685.1
-2.7335e-05,0.00021161,-1.0722e+05,1706.8
-2.7273e-05,0.00018621,-1.0747e+05,1436.5
-2.717e-05,0.00014223,-1.0795e+05,968.3
-2.7018e-05,9.7531e-05,-1.0824e+05,493.39
-2.6831e-05,4.0038e-05,-1.0865e+05,-117.61
-2.6676e-05,-1.5323e-05,-1.0914e+05,-706.48
-2.6593e-05,-5.0994e-05,-1.0953e+05,-1086.3
-2.6573e-05,-5.9844e-05,-1.0962e+05,-1180.5
-2.6575e-05,-5.189e-05,-1.0947e+05,-1095.5
-2.6589e-05,-4.5578e-05,-1.094e+05,-1028.2
-2.6638e-05,-2.8113e-05,-1.0924e+05,-842.49
-2.6688e-05,-4.6273e-06,-1.0897e+05,-592.35
-2.6715e-05,1.1332e-05,-1.0876e+05,-422.23
-2.6756e-05,2.6422e-05,-1.0862e+05,-261.69
-2.6807e-05,4.7488e-05,-1.084e+05,-37.461
-2.6863e-05,5.6442e-05,-1.0844e+05,57.148
-2.6871e-05,7.4139e-05,-1.0812e+05,246.23
-2.6885e-05,8.2348e-05,-1.0800e+05,333.74
-2.688e-05,9.6236e-05,-1.077e+05,482.36
-2.6874e-05,9.7878e-05,-1.0764e+05,500.04
-2.6854e-05,0.00010356,-1.0745e+05,561.22
-2.6878e-05,0.00010466,-1.0752e+05,572.52
-2.6869e-05,0.00011556,-1.0727e+05,689.25
-2.6878e-05,0.00012357,-1.0714e+05,774.66
-2.6907e-05,0.00012168,-1.073e+05,753.88
-2.6943e-05,0.00013364,-1.072e+05,881.03
-2.6967e-05,0.00015988,-1.0676e+05,1161.2
-2.6946e-05,0.00014822,-1.0691e+05,1037
-2.6958e-05,0.00014482,-1.0703e+05,1000.3
-2.6921e-05,0.0001445,-1.0689e+05,997.63
-2.6897e-05,0.00014791,-1.0672e+05,1034.6
-2.6862e-05,0.00013745,-1.0679e+05,923.47
-2.6859e-05,0.00013385,-1.0685e+05,884.99
-2.6864e-05,0.00013687,-1.0681e+05,917.19
-2.685e-05,0.00013431,-1.0681e+05,890.08
-2.685e-05,0.00013044,-1.0689e+05,848.75
-2.6853e-05,0.00013407,-1.0682e+05,887.48
-2.6855e-05,0.0001335,-1.0684e+05,881.38
-2.6862e-05,0.00013655,-1.0681e+05,913.77
-2.6854e-05,0.00013715,-1.0676e+05,920.43
-2.6831e-05,0.00013268,-1.0676e+05,873.07
-2.6824e-05,0.00012627,-1.0686e+05,804.66
-2.6832e-05,0.00012895,-1.0684e+05,833.17
-2.6816e-05,0.00013014,-1.0675e+05,846.25
-2.6803e-05,0.00012143,-1.0688e+05,753.33
-2.6823e-05,0.00012177,-1.0695e+05,756.58
-2.6864e-05,0.00012634,-1.0702e+05,804.58
-2.6879e-05,0.00013539,-1.069e+05,901.06
-2.688e-05,0.00012533,-1.0711e+05,793.48
-2.6906e-05,0.00012766,-1.0717e+05,817.84
-2.6939e-05,0.00012683,-1.0732e+05,808.28
-2.6968e-05,0.00013282,-1.0732e+05,871.83
-2.6926e-05,0.00012867,-1.0723e+05,828.31
-2.6905e-05,0.00013281,-1.0706e+05,872.93
-2.6907e-05,0.00012546,-1.0722e+05,794.37
-2.694e-05,0.00012696,-1.0732e+05,809.71
-2.6974e-05,0.00012218,-1.0756e+05,757.85
-2.6958e-05,0.00012581,-1.0742e+05,796.99
-2.6997e-05,0.00012641,-1.0757e+05,802.62
-2.7026e-05,0.00012392,-1.0774e+05,775.48
-2.7013e-05,0.00011594,-1.0784e+05,690.4
-2.7032e-05,0.00012264,-1.0779e+05,761.58
-2.706e-05,0.00012195,-1.0792e+05,753.67
-2.7083e-05,0.00012921,-1.0786e+05,830.83
-2.7105e-05,0.00012798,-1.0798e+05,817.24
-2.7127e-05,0.0001353,-1.0792e+05,895.09
-2.7192e-05,0.0001408,-1.0807e+05,952.55
-2.7168e-05,0.00015035,-1.0778e+05,1055.2
-2.7132e-05,0.00013606,-1.0792e+05,903.06
-2.7105e-05,0.00013682,-1.0779e+05,911.75
-2.7086e-05,0.00012599,-1.0794e+05,796.39
-2.7081e-05,0.00012963,-1.0784e+05,835.36
-2.706e-05,0.00012404,-1.0787e+05,776.02
-2.7027e-05,0.00011689,-1.0788e+05,700.27
-2.6998e-05,0.00010048,-1.081e+05,525.39
-2.6961e-05,8.9883e-05,-1.0816e+05,412.77
-2.6925e-05,6.6103e-05,-1.085e+05,159.21
-2.6916e-05,5.3475e-05,-1.0872e+05,24.337
-2.6914e-05,4.112e-05,-1.0896e+05,-107.73
-2.6868e-05,2.8198e-05,-1.0904e+05,-244.99
-2.6808e-05,-3.9458e-06,-1.0945e+05,-587.5
-2.6795e-05,-1.8214e-05,-1.0968e+05,-739.81
-2.6735e-05,-4.4902e-05,-1.0998e+05,-1024
-2.6668e-05,-6.0739e-05,-1.1003e+05,-1192
-2.6611e-05,-7.7779e-05,-1.1014e+05,-1373.1
-2.6547e-05,-9.3063e-05,-1.1019e+05,-1535.2
-2.6492e-05,-0.00011186,-1.1035e+05,-1735.1
-2.6442e-05,-0.00012401,-1.104e+05,-1864
-2.6394e-05,-0.00014465,-1.1062e+05,-2083.8
-2.6339e-05,-0.00015702,-1.1065e+05,-2214.9
-2.6375e-05,-0.00016709,-1.11e+05,-2323.3
-2.633e-05,-0.00016488,-1.1077e+05,-2298.8
-2.6301e-05,-0.00017692,-1.109e+05,-2426.9
-2.6344e-05,-0.0001824,-1.1118e+05,-2486.4
-2.6286e-05,-0.00018712,-1.1104e+05,-2535.7
-2.6232e-05,-0.00019518,-1.1099e+05,-2620.9
-2.6196e-05,-0.00021274,-1.112e+05,-2807.9
-2.6181e-05,-0.00020587,-1.11e+05,-2734.1
-2.6179e-05,-0.0002085,-1.1104e+05,-2762.2
-2.6177e-05,-0.00019813,-1.1082e+05,-2651.3
-2.6165e-05,-0.0002,-1.1081e+05,-2671.1
-2.6162e-05,-0.00019355,-1.1067e+05,-2602
-2.6165e-05,-0.00019332,-1.1068e+05,-2599.7
-2.6186e-05,-0.00018382,-1.1057e+05,-2498.4
-2.6198e-05,-0.00018566,-1.1065e+05,-2518.4
-2.621e-05,-0.00017889,-1.1057e+05,-2446.2
-2.6171e-05,-0.00017626,-1.1035e+05,-2417.3
-2.618e-05,-0.0001666,-1.1019e+05,-2314.1
-2.6164e-05,-0.00016612,-1.1012e+05,-2308.7
-2.6157e-05,-0.0001694,-1.1016e+05,-2343.6
-2.6179e-05,-0.0001649,-1.1015e+05,-2296
-2.6216e-05,-0.0001652,-1.1031e+05,-2299.9
-2.6208e-05,-0.00015131,-1.1e+05,-2151.2
-2.6202e-05,-0.00014839,-1.0991e+05,-2119.8
-2.62e-05,-0.00015416,-1.1002e+05,-2181.5
-2.626e-05,-0.00014913,-1.1016e+05,-2128.9
-2.6292e-05,-0.00014161,-1.1014e+05,-2049.2
-2.625e-05,-0.00014242,-1.0999e+05,-2057
-2.6303e-05,-0.00013249,-1.1e+05,-1951.9
-2.6359e-05,-0.00012133,-1.1e+05,-1833.7
-2.6379e-05,-0.00012267,-1.1011e+05,-1848.4
-2.638e-05,-0.00012135,-1.1009e+05,-1834.3
-2.6306e-05,-0.00012277,-1.0982e+05,-1848
-2.63e-05,-0.00012913,-1.0992e+05,-1915.9
-2.6366e-05,-0.000124,-1.1009e+05,-1862.4
-2.6404e-05,-0.00011206,-1.1e+05,-1735.4
-2.6361e-05,-0.00011843,-1.0995e+05,-1802.7
-2.642e-05,-0.00010961,-1.1001e+05,-1709.5
-2.6384e-05,-0.00011328,-1.0994e+05,-1748.1
-2.6437e-05,-0.00011144,-1.1012e+05,-1729.5
-2.6379e-05,-0.00010203,-1.0969e+05,-1627.7
-2.6396e-05,-0.0001181,-1.1009e+05,-1799.9
-2.6416e-05,-0.00011397,-1.1008e+05,-1756.1
-2.6481e-05,-0.00010048,-1.1008e+05,-1613.1
-2.6509e-05,-8.9657e-05,-1.0997e+05,-1498
-2.6476e-05,-9.1069e-05,-1.0986e+05,-1512.4
-2.6493e-05,-8.147e-05,-1.0974e+05,-1410.1
-2.6512e-05,-7.2618e-05,-1.0964e+05,-1315.9
-2.656e-05,-4.9166e-05,-1.0935e+05,-1066
-2.6599e-05,-3.5015e-05,-1.0923e+05,-915.51
-2.6676e-05,-9.801e-06,-1.0903e+05,-647.43
-2.6791e-05,2.8082e-05,-1.0873e+05,-244.66
-2.6925e-05,7.5979e-05,-1.083e+05,264.81
-2.7078e-05,0.00012578,-1.0791e+05,794.22
-2.7262e-05,0.00019089,-1.0734e+05,1486.8
-2.7403e-05,0.0002479,-1.0675e+05,2093.6
-2.742e-05,0.00026468,-1.0648e+05,2272.7
-2.7283e-05,0.00023337,-1.0656e+05,1940.6
-2.7063e-05,0.00015454,-1.0726e+05,1102.1
-2.6818e-05,7.543e-05,-1.0787e+05,261.12
-2.6547e-05,-9.3647e-06,-1.0849e+05,-640.15
-2.6246e-05,-9.5065e-05,-1.0901e+05,-1550.5
-2.5874e-05,-0.00018852,-1.0939e+05,-2542.4
-2.5546e-05,-0.00030487,-1.1042e+05,-3779.9
-2.4276e-05,-0.00039384,-1.0706e+05,-4705.6
-2.3275e-05,-0.00050681,-1.05e+05,-5919.1
-2.246e-05,-0.00062253,-1.0208e+05,-7263.7
-2.1865e-05,-0.00074242,-99664,-8682.2
-2.1522e-05,-0.00085841,-98036,-10070
-8.6434e-06,-0.00082683,-39263,-9742.1
-1.2087e-05,0.00016259,-46000,1492.7
-1.4084e-05,0.00052528,-45667,5428.9
-1.4351e-05,0.00054578,-45632,5678.7
-1.4178e-05,0.00055349,-44092,5796.9
-1.3622e-05,0.00046153,-44917,4749.2
-1.3154e-05,0.00036879,-45775,3709
-1.2839e-05,0.00027385,-46767,2672.7
-1.2698e-05,0.00018728,-47981,1745
-1.269e-05,0.00018451,-48010,1715.3
-1.2683e-05,0.00018174,-48039,1685.7
-1.2676e-05,0.00017896,-48068,1656
-1.2671e-05,0.00017631,-48103,1627.7
-1.2668e-05,0.00017475,-48124,1611
-1.2665e-05,0.00017318,-48145,1594.2
-1.2662e-05,0.0001716,-48164,1577.3
-1.2658e-05,0.00017005,-48178,1560.9
-1.2653e-05,0.00016851,-48191,1544.5
-1.2648e-05,0.00016697,-48204,1528.1
-1.2644e-05,0.00016542,-48216,1511.6
-1.2639e-05,0.00016388,-48228,1495.3
-1.2634e-05,0.00016235,-48240,1479
-1.263e-05,0.00016081,-48252,1462.7
-1.2625e-05,0.00015927,-48264,1446.2
-1.262e-05,0.00015773,-48276,1429.9
-1.2615e-05,0.0001562,-48288,1413.6
-1.2611e-05,0.00015466,-48299,1397.3
-1.2606e-05,0.00015311,-48312,1380.8
-1.2601e-05,0.00015158,-48324,1364.5
-1.2597e-05,0.00015005,-48335,1348.2
-1.2592e-05,0.00014851,-48347,1331.9
-1.2587e-05,0.00014698,-48359,1315.6
-1.2582e-05,0.00014543,-48371,1299.2
-1.2578e-05,0.0001439,-48383,1282.8
-1.2573e-05,0.00014236,-48397,1266.5
-1.2569e-05,0.00014081,-48412,1250
-1.2565e-05,0.00013925,-48428,1233.4
-1.2561e-05,0.0001377,-48443,1216.9
-1.2557e-05,0.00013615,-48459,1200.4
-1.2553e-05,0.0001346,-48474,1183.9
-1.255e-05,0.00013303,-48490,1167.3
-1.2546e-05,0.00013149,-48505,1150.8
-1.2542e-05,0.00012994,-48521,1134.3
-1.2538e-05,0.00012839,-48536,1117.8
-1.2534e-05,0.00012682,-48552,1101.2
-1.253e-05,0.00012527,-48567,1084.7
-1.2526e-05,0.00012373,-48583,1068.2
-1.2522e-05,0.00012218,-48598,1051.8
-1.2518e-05,0.00012063,-48614,1035.3
-1.2514e-05,0.00011906,-48629,1018.6
-1.251e-05,0.00011752,-48645,1002.1
-1.2506e-05,0.00011597,-48660,985.67
-1.2502e-05,0.00011442,-48676,969.18
-1.2498e-05,0.00011286,-48691,952.54
-1.2495e-05,0.00011131,-48707,936.07
-1.2491e-05,0.00010976,-48722,919.6
-1.2486e-05,0.00010821,-48736,903.15
-1.2482e-05,0.00010666,-48749,886.64
-1.2477e-05,0.00010513,-48761,870.33
-1.2472e-05,0.00010359,-48774,854.03
-1.2468e-05,0.00010206,-48786,837.7
-1.2463e-05,0.00010051,-48799,821.23
-1.2459e-05,9.8974e-05,-48811,804.92
-1.2454e-05,9.744e-05,-48824,788.61
-1.2449e-05,9.5906e-05,-48836,772.3
-1.2445e-05,9.437e-05,-48848,755.97
-1.244e-05,9.2821e-05,-48861,739.5
-1.2435e-05,9.1288e-05,-48873,723.2
-1.2431e-05,8.9754e-05,-48886,706.9
-1.2426e-05,8.8219e-05,-48898,690.57
-1.2422e-05,8.667e-05,-48911,674.1
-1.2417e-05,8.5134e-05,-48924,657.77
-1.2413e-05,8.3597e-05,-48938,641.43
-1.2409e-05,8.2052e-05,-48953,624.99
-1.2405e-05,8.0493e-05,-48968,608.4
-1.2401e-05,7.8943e-05,-48985,591.89
-1.2397e-05,7.7392e-05,-49001,575.38
-1.2394e-05,7.5839e-05,-49017,558.86
-1.239e-05,7.4273e-05,-49034,542.18
-1.2386e-05,7.2722e-05,-49050,525.68
-1.2381e-05,7.1032e-05,-49063,507.71
-1.2374e-05,6.8247e-05,-49092,478.07
-1.2426e-05,7.0446e-05,-49260,500.53
-1.2537e-05,0.0001114,-48879,936.25
-1.2648e-05,0.0001523,-48502,1371.3
-1.2794e-05,0.00019569,-48356,1822
-1.2896e-05,0.00025481,-48388,2399.7
-1.2878e-05,0.00026051,-48385,2449
-1.2675e-05,0.00022574,-47775,2111.5
-1.1849e-05,6.9406e-05,-46926,501.13
-1.2295e-05,-0.00033249,-56361,-3844.4
-1.0464e-05,-0.0011196,-47905,-13147
