-1.2916e-05,-0.0006978,-59446,-8169.9
-1.2867e-05,-0.00062159,-59475,-7252.5
-1.2886e-05,-0.00051017,-59658,-5922.3
-1.3055e-05,-0.00039646,-59958,-4593.1
-1.3455e-05,-0.00027915,-60361,-3273
-1.3985e-05,-0.0001596,-60297,-1991.1
-1.4358e-05,-6.819e-05,-59961,-1021.2
-1.4574e-05,-1.7163e-05,-59803,-479.98
-1.4698e-05,1.4034e-05,-59676,-148.91
-1.4766e-05,3.0138e-05,-59627,21.913
-1.4793e-05,3.9464e-05,-59546,121.09
-1.4794e-05,3.9695e-05,-59546,123.54
-1.4762e-05,3.8345e-05,-59440,109.76
-1.4695e-05,2.4974e-05,-59440,-31.859
-1.4628e-05,1.1417e-05,-59442,-175.46
-1.4573e-05,-2.9962e-06,-59510,-328.46
-1.4538e-05,-1.2434e-05,-59560,-428.67
-1.451e-05,-1.8688e-05,-59572,-494.98
-1.4489e-05,-2.4362e-05,-59604,-555.23
-1.4495e-05,-2.6373e-05,-59670,-576.86
-1.4499e-05,-2.1811e-05,-59593,-528.16
-1.4487e-05,-2.5593e-05,-59619,-568.34
-1.4486e-05,-2.6801e-05,-59640,-581.25
-1.4485e-05,-2.6307e-05,-59626,-575.94
-1.4488e-05,-2.7241e-05,-59657,-585.99
-1.4493e-05,-2.4891e-05,-59632,-560.98
-1.4496e-05,-2.4913e-05,-59643,-561.26
-1.4493e-05,-2.3912e-05,-59609,-550.49
-1.4478e-05,-2.6679e-05,-59605,-579.78
-1.4461e-05,-3.0507e-05,-59613,-620.36
-1.4455e-05,-3.3467e-05,-59650,-651.9
-1.446e-05,-3.2467e-05,-59651,-641.32
-1.444e-05,-3.2942e-05,-59578,-645.99
-1.4431e-05,-4.084e-05,-59701,-730.25
-1.4485e-05,-3.3711e-05,-59777,-655.12
-1.4512e-05,-1.7242e-05,-59551,-479.55
-1.4482e-05,-2.5461e-05,-59598,-566.84
-1.448e-05,-2.9061e-05,-59661,-605.29
-1.4501e-05,-2.5382e-05,-59672,-566.37
-1.4516e-05,-2.0038e-05,-59624,-509.54
-1.451e-05,-1.9925e-05,-59598,-508.2
-1.4516e-05,-2.1554e-05,-59657,-525.75
-1.4526e-05,-1.7019e-05,-59605,-477.46
-1.4524e-05,-1.8041e-05,-59616,-488.34
-1.453e-05,-1.73e-05,-59629,-480.56
-1.4545e-05,-1.4239e-05,-59625,-448.12
-1.4556e-05,-1.1287e-05,-59610,-416.77
-1.4557e-05,-9.5552e-06,-59580,-398.28
-1.4542e-05,-1.1978e-05,-59569,-423.89
-1.4526e-05,-1.6187e-05,-59588,-468.57
-1.4523e-05,-1.829e-05,-59617,-490.98
-1.4526e-05,-1.782e-05,-59619,-486.02
-1.4507e-05,-1.8656e-05,-59560,-494.57
-1.4505e-05,-2.5087e-05,-59683,-563.31
-1.4535e-05,-1.7793e-05,-59656,-485.91
-1.4595e-05,-1.0058e-05,-59744,-404.43
-1.4619e-05,7.3172e-06,-59491,-219.13
-1.4614e-05,-3.7711e-07,-59625,-301.3
-1.4624e-05,5.6545e-06,-59545,-237.01
-1.4641e-05,4.4706e-06,-59636,-250
-1.4655e-05,1.2914e-05,-59521,-159.99
-1.4661e-05,1.0223e-05,-59602,-188.9
-1.466e-05,1.5428e-05,-59491,-133.22
-1.466e-05,9.7493e-06,-59606,-193.94
-1.4668e-05,1.5808e-05,-59516,-129.32
-1.468e-05,1.3626e-05,-59609,-152.9
-1.4703e-05,2.1559e-05,-59543,-68.543
-1.4717e-05,2.3321e-05,-59562,-49.977
-1.4711e-05,2.6305e-05,-59478,-17.944
-1.4723e-05,2.2273e-05,-59608,-61.301
-1.474e-05,3.1988e-05,-59482,42.224
-1.4749e-05,2.9321e-05,-59574,13.52
-1.4755e-05,3.5844e-05,-59463,83.158
-1.4756e-05,3.1359e-05,-59558,35.186
-1.478e-05,3.7448e-05,-59533,99.806
-1.4828e-05,4.3673e-05,-59601,165.4
-1.4821e-05,5.555e-05,-59331,292.55
-1.4779e-05,3.9789e-05,-59482,124.85
-1.4748e-05,3.7293e-05,-59404,98.805
-1.4729e-05,2.6658e-05,-59544,-14.543
-1.4719e-05,2.9203e-05,-59454,12.867
-1.4704e-05,2.172e-05,-59545,-66.85
-1.469e-05,2.2765e-05,-59465,-55.374
-1.4689e-05,1.6249e-05,-59595,-125.04
-1.4696e-05,2.2833e-05,-59488,-54.77
-1.471e-05,1.9535e-05,-59610,-90.315
-1.4748e-05,3.0246e-05,-59548,23.446
-1.4799e-05,3.7188e-05,-59616,96.628
-1.4809e-05,5.0599e-05,-59383,239.85
-1.4793e-05,4.0771e-05,-59520,135.06
-1.4779e-05,4.3711e-05,-59401,166.8
-1.4765e-05,3.4338e-05,-59537,66.84
-1.4763e-05,3.8101e-05,-59450,107.13
-1.4756e-05,3.235e-05,-59538,45.78
-1.4747e-05,3.4789e-05,-59451,72.049
-1.4737e-05,2.8119e-05,-59549,0.90851
-1.4723e-05,3.0479e-05,-59440,26.45
-1.4702e-05,2.1309e-05,-59544,-71.193
-1.4693e-05,2.2169e-05,-59491,-61.821
-1.4708e-05,1.8935e-05,-59616,-96.692
-1.4722e-05,2.866e-05,-59476,7.0078
-1.4715e-05,2.3271e-05,-59558,-50.477
-1.472e-05,2.6394e-05,-59513,-17.181
-1.4718e-05,2.5618e-05,-59520,-25.431
-1.4685e-05,2.3927e-05,-59421,-42.853
-1.4652e-05,1.0695e-05,-59554,-183.67
-1.4633e-05,9.8284e-06,-59497,-192.56
-1.463e-05,3.2898e-06,-59615,-262.4
-1.4626e-05,8.2084e-06,-59502,-209.74
-1.4615e-05,1.3688e-06,-59594,-282.64
-1.4604e-05,3.1099e-06,-59512,-263.79
-1.4594e-05,-3.5715e-06,-59608,-335.04
-1.458e-05,-1.6866e-06,-59512,-314.6
-1.4562e-05,-1.013e-05,-59613,-404.54
-1.4555e-05,-8.9198e-06,-59557,-391.44
-1.4551e-05,-1.3431e-05,-59636,-439.61
-1.4549e-05,-1.0387e-05,-59565,-407.02
-1.4525e-05,-1.5508e-05,-59570,-461.29
-1.4502e-05,-2.0617e-05,-59581,-515.45
-1.4479e-05,-2.6363e-05,-59603,-576.42
-1.4486e-05,-2.9013e-05,-59688,-604.91
-1.4511e-05,-2.2072e-05,-59646,-531.18
-1.4496e-05,-2.0433e-05,-59552,-513.36
-1.4482e-05,-2.7953e-05,-59647,-593.49
-1.4486e-05,-2.6102e-05,-59627,-573.78
-1.4488e-05,-2.6721e-05,-59646,-580.43
-1.4494e-05,-2.523e-05,-59641,-564.62
-1.4523e-05,-2.2574e-05,-59707,-536.81
-1.4538e-05,-1.3056e-05,-59575,-435.33
-1.4531e-05,-1.6764e-05,-59620,-474.84
-1.4528e-05,-1.597e-05,-59592,-466.29
-1.4506e-05,-1.8874e-05,-59562,-496.9
-1.4497e-05,-2.4879e-05,-59645,-560.92
-1.4516e-05,-2.1621e-05,-59656,-526.46
-1.4514e-05,-1.758e-05,-59567,-483.21
-1.451e-05,-2.2394e-05,-59649,-534.62
-1.4508e-05,-1.9507e-05,-59584,-503.71
-1.4496e-05,-2.3785e-05,-59620,-549.2
-1.4507e-05,-2.3843e-05,-59667,-550.05
-1.4479e-05,-2.0783e-05,-59491,-516.76
-1.4438e-05,-3.6132e-05,-59636,-680.06
-1.4452e-05,-3.6977e-05,-59711,-689.38
-1.4479e-05,-2.9171e-05,-59662,-606.46
-1.4471e-05,-2.7228e-05,-59589,-585.51
-1.4447e-05,-3.3389e-05,-59614,-650.9
-1.4436e-05,-3.8143e-05,-59667,-701.51
-1.4447e-05,-3.6756e-05,-59684,-686.9
-1.4449e-05,-3.336e-05,-59623,-650.63
-1.4442e-05,-3.6821e-05,-59665,-687.51
-1.4464e-05,-3.4755e-05,-59712,-665.85
-1.4506e-05,-2.5625e-05,-59699,-569.09
-1.4549e-05,-1.5699e-05,-59674,-463.82
-1.4605e-05,-5.8803e-06,-59701,-359.96
-1.469e-05,1.137e-05,-59698,-177.24
-1.4771e-05,3.2197e-05,-59602,43.838
-1.4818e-05,4.3762e-05,-59559,166.55
-1.4828e-05,4.937e-05,-59487,226.3
-1.4816e-05,4.6843e-05,-59487,199.55
-1.4766e-05,4.262e-05,-59372,155.38
-1.468e-05,2.5383e-05,-59372,-27.184
-1.4548e-05,5.9596e-06,-59226,-232.18
-1.431e-05,-3.2771e-05,-59044,-641.51
-1.3951e-05,-9.4997e-05,-58844,-1299.6
-1.3454e-05,-0.00018435,-58640,-2244.6
-1.3048e-05,-0.00030372,-59012,-3539.9
-1.2874e-05,-0.00042509,-59352,-4923.5
-1.2862e-05,-0.0005433,-59568,-6315.7
-1.2918e-05,-0.00065491,-59610,-7653.2
-2.7322e-06,-0.00063727,-12913,-7491.2
-3.6049e-06,5.5034e-05,-13583,515.37
-3.6686e-06,7.9037e-05,-13370,770.7
-3.6661e-06,7.9047e-05,-13370,770.14
-3.6645e-06,7.9055e-05,-13373,769.59
-3.6638e-06,7.9015e-05,-13373,769.03
-3.6631e-06,7.8975e-05,-13373,768.48
-3.6625e-06,7.8935e-05,-13373,767.93
-3.662e-06,7.8893e-05,-13373,767.38
-3.6619e-06,7.8845e-05,-13374,766.82
-3.6622e-06,7.8786e-05,-13375,766.27
-3.6632e-06,7.8718e-05,-13376,765.73
-3.6649e-06,7.8633e-05,-13377,765.21
-3.6677e-06,7.8561e-05,-13380,764.9
-3.6712e-06,7.8457e-05,-13380,764.56
-3.6733e-06,7.8362e-05,-13376,764.24
-3.6733e-06,7.8317e-05,-13373,763.97
-3.6727e-06,7.8295e-05,-13373,763.66
-3.6718e-06,7.8281e-05,-13372,763.36
-3.6707e-06,7.8275e-05,-13372,763.06
-3.6696e-06,7.8271e-05,-13372,762.76
-3.6684e-06,7.8267e-05,-13372,762.46
-3.6673e-06,7.8263e-05,-13372,762.16
-3.6662e-06,7.8259e-05,-13372,761.86
-3.6651e-06,7.8254e-05,-13372,761.56
-3.664e-06,7.8251e-05,-13372,761.26
-3.6629e-06,7.8247e-05,-13372,760.96
-3.6617e-06,7.8243e-05,-13372,760.66
-3.6606e-06,7.8239e-05,-13372,760.37
-3.6595e-06,7.8236e-05,-13372,760.08
-3.6584e-06,7.8232e-05,-13372,759.78
-3.6573e-06,7.8229e-05,-13372,759.49
-3.6562e-06,7.8226e-05,-13372,759.2
-3.655e-06,7.8222e-05,-13372,758.91
-3.6548e-06,7.8217e-05,-13375,758.62
-3.6554e-06,7.8172e-05,-13375,758.33
-3.656e-06,7.8127e-05,-13375,758.04
-3.6566e-06,7.8082e-05,-13375,757.75
-3.6571e-06,7.8037e-05,-13375,757.47
-3.6577e-06,7.7992e-05,-13375,757.19
-3.6583e-06,7.7947e-05,-13375,756.9
-3.6589e-06,7.7903e-05,-13375,756.62
-3.6595e-06,7.7858e-05,-13375,756.34
-3.6601e-06,7.7814e-05,-13375,756.06
-3.6607e-06,7.7769e-05,-13375,755.78
-3.6613e-06,7.7725e-05,-13375,755.5
-3.6619e-06,7.7681e-05,-13375,755.22
-3.6625e-06,7.7637e-05,-13375,754.95
-3.6631e-06,7.7594e-05,-13375,754.67
-3.6637e-06,7.7549e-05,-13375,754.4
-3.6643e-06,7.7506e-05,-13375,754.12
-3.6649e-06,7.7462e-05,-13375,753.85
-3.6655e-06,7.7419e-05,-13375,753.58
-3.6661e-06,7.7375e-05,-13375,753.31
-3.6667e-06,7.7332e-05,-13375,753.04
-3.6671e-06,7.729e-05,-13375,752.77
-3.667e-06,7.7254e-05,-13373,752.51
-3.6662e-06,7.7241e-05,-13373,752.24
-3.6654e-06,7.7234e-05,-13373,751.98
-3.6645e-06,7.7228e-05,-13373,751.71
-3.6636e-06,7.7222e-05,-13373,751.45
-3.6628e-06,7.7215e-05,-13373,751.19
-3.6619e-06,7.7209e-05,-13373,750.93
-3.661e-06,7.7203e-05,-13373,750.67
-3.6602e-06,7.7197e-05,-13373,750.41
-3.6593e-06,7.7191e-05,-13373,750.15
-3.6584e-06,7.7185e-05,-13373,749.89
-3.6576e-06,7.7179e-05,-13373,749.64
-3.6567e-06,7.7174e-05,-13373,749.38
-3.6559e-06,7.7168e-05,-13373,749.13
-3.6551e-06,7.7162e-05,-13373,748.87
-3.6546e-06,7.7149e-05,-13373,748.62
-3.6544e-06,7.7135e-05,-13374,748.37
-3.6546e-06,7.7104e-05,-13374,748.12
-3.6552e-06,7.7071e-05,-13376,747.86
-3.6562e-06,7.7019e-05,-13376,747.61
-3.6573e-06,7.6968e-05,-13376,747.37
-3.6583e-06,7.6916e-05,-13376,747.12
-3.6593e-06,7.6864e-05,-13376,746.87
-3.6604e-06,7.6812e-05,-13376,746.62
-3.6618e-06,7.6757e-05,-13377,746.35
-3.6635e-06,7.6663e-05,-13377,745.89
-3.6633e-06,7.6578e-05,-13371,745.39
-3.6616e-06,7.6589e-05,-13374,745.04
-3.6622e-06,7.6542e-05,-13376,744.59
-3.6635e-06,7.6462e-05,-13376,744.15
-3.6647e-06,7.6382e-05,-13376,743.71
-3.6658e-06,7.6304e-05,-13376,743.27
-3.6669e-06,7.6228e-05,-13376,742.84
-3.6679e-06,7.6155e-05,-13376,742.4
-3.6215e-06,7.4959e-05,-13207,730.78
-2.745e-06,-3.5657e-05,-11923,-437.11
