-7.5906e-06,-0.0013608,-9702.6,-10653
-8.2579e-06,-0.0010471,-15354,-8335.2
-7.5952e-06,-0.00065684,-20883,-5148.3
-6.9548e-06,-0.00032444,-25043,-2407.4
-7.1527e-06,-0.00010555,-27346,-752.16
-7.4823e-06,4.8891e-05,-28401,336.49
-7.6187e-06,0.00011434,-28839,798.71
-7.6783e-06,0.00015008,-28978,1054.1
-7.671e-06,0.00014861,-28958,1043.3
-7.6142e-06,0.00013442,-28784,941.48
-7.5345e-06,0.00010692,-28531,746.19
-7.4386e-06,7.5759e-05,-28203,526.23
-7.3488e-06,4.2161e-05,-27901,289.12
-7.2613e-06,1.0062e-05,-27605,62.601
-7.1982e-06,-2.0245e-05,-27400,-151.3
-7.18e-06,-3.4803e-05,-27348,-254.07
-7.1901e-06,-3.3885e-05,-27385,-247.59
-7.2122e-06,-2.4607e-05,-27459,-182.12
-7.2388e-06,-1.4761e-05,-27548,-112.63
-7.2712e-06,1.0556e-09,-27654,-8.446
-7.3055e-06,1.4178e-05,-27768,91.611
-7.3349e-06,2.8662e-05,-27863,193.84
-7.3647e-06,4.0812e-05,-27963,279.58
-7.3931e-06,5.5181e-05,-28054,381
-7.4152e-06,6.3851e-05,-28128,442.19
-7.4397e-06,7.5106e-05,-28208,521.62
-7.4545e-06,8.1016e-05,-28257,563.33
-7.464e-06,8.9596e-05,-28284,623.9
-7.4798e-06,9.3641e-05,-28339,652.43
-7.4876e-06,0.00010078,-28360,702.82
-7.4969e-06,0.00010409,-28392,726.21
-7.5109e-06,0.00011074,-28436,773.19
-7.5244e-06,0.00011614,-28480,811.49
-7.5325e-06,0.00012095,-28502,845.54
-7.5483e-06,0.0001242,-28557,868.62
-7.5575e-06,0.00013188,-28575,923.38
-7.5637e-06,0.00013305,-28596,931.72
-7.5757e-06,0.00013775,-28630,965.35
-7.5832e-06,0.0001397,-28653,979.29
-7.5861e-06,0.00014443,-28650,1013.4
-7.5865e-06,0.00014321,-28655,1004.5
-7.5898e-06,0.00014565,-28659,1022.1
-7.5889e-06,0.00014564,-28656,1022.1
-7.5805e-06,0.00014432,-28627,1012.6
-7.5735e-06,0.00014047,-28611,985.01
-7.567e-06,0.00013941,-28587,977.6
-7.561e-06,0.00013626,-28571,955.09
-7.5669e-06,0.00013567,-28594,950.99
-7.5691e-06,0.00013684,-28599,959.38
-7.558e-06,0.00013641,-28557,956.37
-7.5541e-06,0.00013309,-28551,932.63
-7.5587e-06,0.00013351,-28568,935.59
-7.5625e-06,0.0001362,-28575,954.8
-7.5574e-06,0.00013523,-28559,947.86
-7.5508e-06,0.00013197,-28544,924.41
-7.5479e-06,0.00012982,-28539,909.01
-7.5503e-06,0.00012515,-28559,875.65
-7.5353e-06,0.00012455,-28504,871.34
-7.5361e-06,0.00012301,-28510,860.41
-7.5363e-06,0.00012297,-28511,860.1
-7.5387e-06,0.00012137,-28523,848.68
-7.5421e-06,0.00011973,-28540,837
-7.5298e-06,0.00011788,-28496,823.84
-7.5213e-06,0.00011642,-28466,813.46
-7.5155e-06,0.00011279,-28450,787.76
-7.4993e-06,0.00011092,-28392,774.53
-7.4938e-06,0.00010631,-28378,741.86
-7.4884e-06,0.00010346,-28360,721.72
-7.4771e-06,9.9144e-05,-28322,691.29
-7.4669e-06,9.3048e-05,-28291,648.27
-7.4603e-06,8.9443e-05,-28270,622.82
-7.4546e-06,8.6951e-05,-28251,605.23
-7.4482e-06,8.3772e-05,-28230,582.79
-7.4417e-06,8.0888e-05,-28209,562.44
-7.4344e-06,7.8167e-05,-28184,543.24
-7.4221e-06,7.3857e-05,-28143,512.82
-7.4119e-06,6.8239e-05,-28110,473.17
-7.4105e-06,6.5761e-05,-28108,455.67
-7.4095e-06,6.6934e-05,-28103,463.96
-7.4068e-06,6.4817e-05,-28095,449.01
-7.407e-06,6.49e-05,-28096,449.6
-7.4036e-06,6.4445e-05,-28083,446.39
-7.3956e-06,6.166e-05,-28056,426.74
-7.3808e-06,5.6693e-05,-28005,391.69
-7.3548e-06,4.6995e-05,-27918,323.25
-7.325e-06,3.4404e-05,-27819,234.38
-7.2965e-06,2.0479e-05,-27727,136.1
-7.2613e-06,8.0338e-06,-27607,48.279
-7.2223e-06,-9.6654e-06,-27480,-76.637
-7.1907e-06,-2.6146e-05,-27379,-192.96
-7.1618e-06,-3.7754e-05,-27282,-274.88
-7.1323e-06,-5.077e-05,-27185,-366.74
-7.1075e-06,-6.3744e-05,-27106,-458.31
-7.0835e-06,-7.3342e-05,-27026,-526.05
-7.0496e-06,-8.7638e-05,-26914,-626.95
-7.0265e-06,-9.8482e-05,-26838,-703.48
-6.9969e-06,-0.00011041,-26737,-787.91
-6.9726e-06,-0.00012088,-26647,-862.39
-6.9558e-06,-0.00013176,-26580,-940.36
-6.9386e-06,-0.00013993,-26505,-999.23
-6.9242e-06,-0.00014746,-26437,-1053.9
-6.9076e-06,-0.00015522,-26355,-1110.4
-6.9002e-06,-0.0001638,-26302,-1173.3
-6.8863e-06,-0.00016896,-26230,-1211.3
-6.8777e-06,-0.00017496,-26172,-1255.7
-6.8754e-06,-0.00017965,-26143,-1290.5
-6.8775e-06,-0.00017708,-26162,-1271.4
-6.8785e-06,-0.00017691,-26167,-1270.1
-6.8806e-06,-0.00017527,-26182,-1258
-6.8828e-06,-0.00017392,-26196,-1248
-6.8871e-06,-0.00017162,-26222,-1231
-6.8938e-06,-0.00016787,-26261,-1203.3
-6.9033e-06,-0.00016309,-26314,-1168.2
-6.9068e-06,-0.00015926,-26339,-1140
-6.9147e-06,-0.00015567,-26380,-1113.8
-6.9245e-06,-0.00015034,-26430,-1074.9
-6.9398e-06,-0.00014564,-26498,-1040.8
-6.9365e-06,-0.00014202,-26491,-1014.5
-6.9435e-06,-0.00014048,-26520,-1003.4
-6.9519e-06,-0.00013423,-26560,-958.28
-6.9597e-06,-0.00013266,-26591,-947
-6.9701e-06,-0.00012677,-26634,-904.7
-6.974e-06,-0.00012449,-26650,-888.39
-6.9886e-06,-0.00012216,-26706,-871.68
-6.9881e-06,-0.00011977,-26705,-854.61
-6.9947e-06,-0.00011471,-26729,-818.55
-7.0015e-06,-0.00011469,-26755,-818.39
-7.0085e-06,-0.00010981,-26779,-783.68
-7.018e-06,-0.00010836,-26815,-773.42
-7.0168e-06,-0.00010576,-26808,-754.96
-7.0206e-06,-0.00010474,-26822,-747.79
-7.0238e-06,-0.00010231,-26832,-730.57
-7.0247e-06,-0.00010207,-26835,-728.89
-7.0321e-06,-0.00010078,-26862,-719.76
-7.0418e-06,-9.5386e-05,-26893,-681.64
-7.0486e-06,-9.3625e-05,-26917,-669.21
-7.0582e-06,-8.8679e-05,-26948,-634.3
-7.0638e-06,-8.6508e-05,-26966,-618.98
-7.0831e-06,-8.2573e-05,-27035,-591.22
-7.0853e-06,-7.6783e-05,-27037,-550.34
-7.0952e-06,-7.621e-05,-27074,-546.31
-7.0991e-06,-7.2069e-05,-27084,-517.08
-7.1118e-06,-6.7552e-05,-27127,-485.2
-7.1214e-06,-6.1778e-05,-27156,-444.45
-7.1325e-06,-5.8914e-05,-27196,-424.24
-7.1499e-06,-5.0759e-05,-27252,-366.68
-7.1675e-06,-4.4653e-05,-27312,-323.6
-7.1946e-06,-3.2608e-05,-27401,-238.59
-7.2212e-06,-2.2403e-05,-27490,-166.56
-7.2524e-06,-9.2548e-06,-27594,-73.773
-7.2943e-06,7.2163e-06,-27734,42.469
-7.3445e-06,2.8819e-05,-27900,194.93
-7.3966e-06,5.0186e-05,-28073,345.73
-7.4492e-06,7.6043e-05,-28243,528.22
-7.4709e-06,9.3963e-05,-28305,654.72
-7.4425e-06,9.0204e-05,-28201,628.21
-7.3863e-06,7.0771e-05,-28010,491.08
-7.3261e-06,4.8654e-05,-27807,335
-7.2611e-06,2.6249e-05,-27585,176.88
-7.1909e-06,5.3818e-07,-27348,-4.5604
-7.1154e-06,-2.562e-05,-27092,-189.16
-7.0372e-06,-5.5039e-05,-26828,-396.77
-6.9759e-06,-8.1561e-05,-26626,-583.95
-6.9504e-06,-9.6093e-05,-26552,-686.11
-6.9339e-06,-9.2013e-05,-26479,-657.7
-6.9309e-06,-8.1503e-05,-26455,-583.48
-6.8474e-06,-6.9589e-05,-26124,-499.27
-6.793e-06,-5.9257e-05,-25905,-426.26
-5.8128e-06,-4.8176e-05,-22164,-346.88
-6.3843e-06,3.3926e-05,-24242,232.11
-6.5869e-06,0.00019184,-24521,1367
-6.5823e-06,0.00018732,-24558,1332.4
-6.5767e-06,0.00018271,-24561,1298.4
-6.5641e-06,0.00017834,-24540,1266.1
-6.5519e-06,0.00017397,-24518,1233.9
-6.5448e-06,0.00016955,-24536,1200.5
-6.5348e-06,0.00016507,-24514,1167.9
-6.5206e-06,0.00016068,-24480,1135.9
-6.5068e-06,0.00015632,-24466,1103.2
-6.4959e-06,0.00015201,-24436,1072.2
-6.4918e-06,0.0001477,-24435,1041.1
-6.4846e-06,0.00014521,-24432,1022.2
-6.4752e-06,0.00014282,-24400,1005.2
-6.4664e-06,0.0001404,-24374,987.78
-6.4577e-06,0.00013801,-24346,970.65
-6.4495e-06,0.0001356,-24335,952.6
-6.4407e-06,0.00013318,-24305,935.49
-6.432e-06,0.00013077,-24277,918.27
-6.4243e-06,0.00012835,-24253,900.94
-6.416e-06,0.00012593,-24234,883.18
-6.4081e-06,0.00012351,-24209,866.04
-6.4007e-06,0.00012105,-24184,848.6
-6.3909e-06,0.0001187,-24160,831.35
-6.3844e-06,0.00011623,-24136,814.02
-6.3776e-06,0.00011377,-24113,796.63
-6.3709e-06,0.00011129,-24098,778.61
-6.3635e-06,0.00010881,-24070,761.3
-6.3562e-06,0.00010643,-24051,744.02
-6.3503e-06,0.00010393,-24031,726.46
-6.3441e-06,0.00010145,-24012,708.84
-6.3378e-06,9.8956e-05,-23992,691.14
-6.3304e-06,9.6498e-05,-23966,673.83
-6.3242e-06,9.4046e-05,-23947,656.42
-6.318e-06,9.1565e-05,-23926,638.87
-6.3117e-06,8.9064e-05,-23904,621.31
-6.3042e-06,8.661e-05,-23878,604.03
-6.298e-06,8.4155e-05,-23855,586.83
-6.2916e-06,8.1677e-05,-23834,569.34
-6.285e-06,7.9182e-05,-23812,551.74
-6.2779e-06,7.674e-05,-23788,534.5
-6.2714e-06,7.4265e-05,-23766,517.04
-6.2646e-06,7.18e-05,-23742,499.64
-6.2575e-06,6.9321e-05,-23719,482.14
-6.2505e-06,6.687e-05,-23695,464.85
-6.2434e-06,6.4421e-05,-23670,447.57
-6.2363e-06,6.1972e-05,-23646,430.28
-6.2292e-06,5.9519e-05,-23622,412.98
-6.222e-06,5.7045e-05,-23598,395.52
-6.2149e-06,5.4596e-05,-23574,378.24
-6.2078e-06,5.2147e-05,-23549,360.95
-6.2007e-06,4.9695e-05,-23525,343.65
-6.1935e-06,4.7221e-05,-23501,326.19
-6.1864e-06,4.4772e-05,-23477,308.91
-6.1794e-06,4.2323e-05,-23453,291.62
-6.1727e-06,3.9865e-05,-23430,274.28
-6.1663e-06,3.7373e-05,-23408,256.69
-6.16e-06,3.4901e-05,-23387,239.25
-6.1536e-06,3.243e-05,-23366,221.81
-6.1473e-06,2.9955e-05,-23345,204.34
-6.141e-06,2.7459e-05,-23324,186.72
-6.1346e-06,2.4987e-05,-23303,169.28
-6.1283e-06,2.2516e-05,-23282,151.84
-6.122e-06,2.0044e-05,-23260,134.4
-6.1157e-06,1.7569e-05,-23239,116.93
-6.1093e-06,1.5073e-05,-23218,99.315
-6.103e-06,1.2601e-05,-23197,81.873
-6.0967e-06,1.013e-05,-23176,64.431
-6.0904e-06,7.6552e-06,-23154,46.967
-6.084e-06,5.1591e-06,-23133,29.351
-6.0775e-06,2.6923e-06,-23111,11.943
-6.0708e-06,2.2621e-07,-23089,-5.4608
-6.0639e-06,-2.2323e-06,-23065,-22.811
-6.0568e-06,-4.7116e-06,-23041,-40.306
-6.0494e-06,-7.154e-06,-23016,-57.542
-6.0421e-06,-9.5965e-06,-22991,-74.778
-6.0347e-06,-1.2042e-05,-22966,-92.036
-6.0274e-06,-1.4509e-05,-22941,-109.45
-6.02e-06,-1.6952e-05,-22916,-126.68
-6.0098e-06,-1.9616e-05,-22880,-145.48
-5.9967e-06,-2.4e-05,-22835,-176.42
-5.9846e-06,-2.8392e-05,-22794,-207.41
-5.9734e-06,-3.2841e-05,-22757,-238.81
-5.9609e-06,-3.7255e-05,-22714,-269.96
-5.9481e-06,-4.1647e-05,-22671,-300.95
-5.9353e-06,-4.6041e-05,-22627,-331.96
-5.9225e-06,-5.0435e-05,-22584,-362.97
-5.8269e-06,-6.1953e-05,-22234,-444.17
-5.5396e-06,-0.00014836,-21079,-1064.5
-6.0292e-06,-0.00040182,-19896,-3050.5
-6.9292e-06,-0.0008635,-13165,-6887.6
