0.0012672,-0.032212,-5.0209e+05,-89848
-5.3108e-05,-0.0045745,-3.9221e+05,-44586
-6.521e-05,-0.001802,-2.9614e+05,-20992
-6.7841e-05,-0.00032016,-2.8331e+05,-4804.6
-6.9435e-05,0.0003082,-2.7703e+05,1883.8
-7.0256e-05,0.00065362,-2.7336e+05,5561.5
-7.0608e-05,0.0007153,-2.7354e+05,6214
-7.0738e-05,0.00072347,-2.7391e+05,6298.7
-7.0784e-05,0.00073279,-2.7391e+05,6397.4
-7.0796e-05,0.00073667,-2.7388e+05,6438.8
-7.0803e-05,0.00073652,-2.7391e+05,6437
-7.0794e-05,0.00073276,-2.7395e+05,6396.9
-7.0667e-05,0.00072045,-2.7368e+05,6267.8
-7.0424e-05,0.00064219,-2.7428e+05,5435.8
-7.0244e-05,0.00056865,-2.7504e+05,4652.9
-7.0227e-05,0.00054119,-2.7553e+05,4359.6
-7.0355e-05,0.00059179,-2.7502e+05,4898.1
-7.051e-05,0.00067298,-2.7401e+05,5763.3
-7.0651e-05,0.00073372,-2.7335e+05,6410.1
-7.0862e-05,0.00082509,-2.7235e+05,7383
-7.1129e-05,0.00092354,-2.7144e+05,8430.4
-7.139e-05,0.0010203,-2.7067e+05,9450.2
-7.1757e-05,0.0011158,-2.7033e+05,10458
-7.2138e-05,0.0012265,-2.6944e+05,11650
-7.2414e-05,0.0012842,-2.6912e+05,12280
-7.2512e-05,0.0013365,-2.6806e+05,12865
-7.228e-05,0.0013028,-2.6801e+05,12495
-7.1757e-05,0.0012316,-2.676e+05,11725
-7.114e-05,0.001017,-2.697e+05,9421.6
-7.0584e-05,0.00083237,-2.7108e+05,7465.8
-7.0177e-05,0.00061567,-2.7381e+05,5157.3
-6.9968e-05,0.00048584,-2.756e+05,3773.1
-6.988e-05,0.00043671,-2.7623e+05,3249.4
-6.9874e-05,0.00042827,-2.7638e+05,3159.2
-7.0018e-05,0.00045006,-2.7652e+05,3389.3
-7.0213e-05,0.00054227,-2.7545e+05,4371.6
-7.0368e-05,0.00059736,-2.7496e+05,4957.6
-7.0627e-05,0.00070913,-2.7375e+05,6147.6
-7.0919e-05,0.00084752,-2.7213e+05,7621.8
-7.1144e-05,0.0010176,-2.6967e+05,9430
-7.1262e-05,0.0010672,-2.692e+05,9955.3
-7.1426e-05,0.0010982,-2.6919e+05,10287
-7.1453e-05,0.0010868,-2.6955e+05,10162
-7.1435e-05,0.0011084,-2.6903e+05,10395
-7.1527e-05,0.0011111,-2.6936e+05,10422
-7.1748e-05,0.0011666,-2.6903e+05,11018
-7.1953e-05,0.0012112,-2.6888e+05,11498
-7.2232e-05,0.0012849,-2.6818e+05,12305
-7.2459e-05,0.0013215,-2.6812e+05,12707
-7.2643e-05,0.0013671,-2.6763e+05,13214
-7.2929e-05,0.0013945,-2.6807e+05,13513
-7.3148e-05,0.0014695,-2.6665e+05,14363
-7.2999e-05,0.0014533,-2.6652e+05,14183
-7.2727e-05,0.0014203,-2.6644e+05,13812
-7.2508e-05,0.0013557,-2.6739e+05,13089
-7.2225e-05,0.0013219,-2.6717e+05,12716
-7.1728e-05,0.0012201,-2.6774e+05,11600
-7.1218e-05,0.0010692,-2.6898e+05,9977.5
-7.0822e-05,0.00087716,-2.7113e+05,7940.7
-7.0539e-05,0.00072567,-2.7305e+05,6326.3
-7.0292e-05,0.00060468,-2.745e+05,5037.3
-7.016e-05,0.00052012,-2.7568e+05,4135.7
-7.0116e-05,0.00049089,-2.761e+05,3823.9
-7.0074e-05,0.00048369,-2.7607e+05,3747.8
-7.0019e-05,0.00045442,-2.7644e+05,3435.9
-6.9919e-05,0.00042555,-2.7662e+05,3129.1
-6.9813e-05,0.00036035,-2.7752e+05,2434
-6.965e-05,0.00030818,-2.7791e+05,1879.3
-6.9395e-05,0.00020741,-2.7892e+05,806.76
-6.9181e-05,9.8293e-05,-2.8026e+05,-355.95
-6.9021e-05,1.4283e-05,-2.8132e+05,-1251.2
-6.8846e-05,-5.7311e-05,-2.8206e+05,-2013.4
-6.8676e-05,-0.00014096,-2.8307e+05,-2904.7
-6.8514e-05,-0.00021031,-2.8382e+05,-3643.1
-6.8411e-05,-0.00027459,-2.8471e+05,-4328.6
-6.8327e-05,-0.00031294,-2.8515e+05,-4737.1
-6.8212e-05,-0.00036313,-2.857e+05,-5271.6
-6.8111e-05,-0.00040837,-2.8621e+05,-5753.5
-6.8031e-05,-0.00043442,-2.8641e+05,-6030.4
-6.7971e-05,-0.00046201,-2.8673e+05,-6324.4
-6.7952e-05,-0.00047407,-2.869e+05,-6453
-6.7916e-05,-0.00047738,-2.8682e+05,-6487.8
-6.7866e-05,-0.00049956,-2.8706e+05,-6724
-6.7826e-05,-0.00051493,-2.8722e+05,-6887.6
-6.7755e-05,-0.00053989,-2.8743e+05,-7153.1
-6.7674e-05,-0.00057886,-2.879e+05,-7568.3
-6.7637e-05,-0.00061377,-2.8846e+05,-7940.9
-6.7601e-05,-0.00063071,-2.8865e+05,-8121.4
-6.7519e-05,-0.00066727,-2.8906e+05,-8510.9
-6.7441e-05,-0.00070212,-2.8946e+05,-8882
-6.7364e-05,-0.00072771,-2.8966e+05,-9154.2
-6.7297e-05,-0.00076071,-2.9007e+05,-9505.8
-6.7275e-05,-0.00078223,-2.9041e+05,-9735.6
-6.7247e-05,-0.00078999,-2.9046e+05,-9818
-6.7217e-05,-0.00081155,-2.9077e+05,-10048
-6.7181e-05,-0.00082131,-2.9083e+05,-10152
-6.713e-05,-0.00084002,-2.91e+05,-10351
-6.7082e-05,-0.00085405,-2.9109e+05,-10500
-6.705e-05,-0.000874,-2.9136e+05,-10713
-6.7089e-05,-0.0008748,-2.9154e+05,-10722
-6.7113e-05,-0.00086013,-2.9134e+05,-10566
-6.7093e-05,-0.00086119,-2.9128e+05,-10576
-6.7394e-05,-0.00086614,-2.9261e+05,-10636
-6.7116e-05,-0.00086573,-2.9147e+05,-10626
-6.7096e-05,-0.00086885,-2.9145e+05,-10659
-6.7091e-05,-0.0008626,-2.913e+05,-10592
-6.7083e-05,-0.00085316,-2.9107e+05,-10490
-6.7081e-05,-0.00084462,-2.9089e+05,-10399
-6.7112e-05,-0.00082593,-2.9064e+05,-10200
-6.7076e-05,-0.00081785,-2.9033e+05,-10113
-6.7066e-05,-0.00080717,-2.9006e+05,-9998.1
-6.712e-05,-0.0007898,-2.8993e+05,-9813.4
-6.7185e-05,-0.00076678,-2.8973e+05,-9568.6
-6.7223e-05,-0.00075296,-2.8960e+05,-9421.5
-6.7279e-05,-0.00074039,-2.8957e+05,-9288.1
-6.735e-05,-0.000714,-2.8933e+05,-9007.2
-6.7403e-05,-0.00068967,-2.8905e+05,-8748.1
-6.7397e-05,-0.00067321,-2.8869e+05,-8571.9
-6.7422e-05,-0.00067601,-2.8885e+05,-8602.4
-6.7468e-05,-0.00063465,-2.8819e+05,-8160.9
-6.7521e-05,-0.00063134,-2.8834e+05,-8126.6
-6.7597e-05,-0.00058803,-2.8777e+05,-7664.8
-6.7589e-05,-0.00058536,-2.8768e+05,-7636.1
-6.7602e-05,-0.00058347,-2.877e+05,-7616.1
-6.7686e-05,-0.00055883,-2.8754e+05,-7354.3
-6.7765e-05,-0.00051463,-2.8696e+05,-6883.1
-6.7853e-05,-0.000493,-2.8688e+05,-6653.5
-6.7988e-05,-0.00043177,-2.8618e+05,-6001.4
-6.8062e-05,-0.00039923,-2.8582e+05,-5654.7
-6.809e-05,-0.00037751,-2.8549e+05,-5423
-6.8125e-05,-0.00036699,-2.8542e+05,-5311.1
-6.8133e-05,-0.00034618,-2.8503e+05,-5088.8
-6.8138e-05,-0.00034993,-2.8513e+05,-5129
-6.82e-05,-0.00033196,-2.8501e+05,-4938
-6.822e-05,-0.00030804,-2.8461e+05,-4682.6
-6.823e-05,-0.00031641,-2.8482e+05,-4772.3
-6.8254e-05,-0.00029466,-2.8447e+05,-4540.2
-6.8227e-05,-0.00030325,-2.8454e+05,-4631.5
-6.8247e-05,-0.0003067,-2.8469e+05,-4668.8
-6.8201e-05,-0.00029751,-2.8432e+05,-4569.6
-6.8148e-05,-0.00033199,-2.848e+05,-4937.3
-6.8189e-05,-0.00031923,-2.8471e+05,-4801.6
-6.8256e-05,-0.00030194,-2.8463e+05,-4618.1
-6.8271e-05,-0.00027873,-2.8422e+05,-4370.1
-6.8297e-05,-0.00028083,-2.8437e+05,-4393.1
-6.8371e-05,-0.00023934,-2.8383e+05,-3950.8
-6.8485e-05,-0.00021276,-2.8375e+05,-3668.8
-6.8689e-05,-0.00012479,-2.8279e+05,-2732
-6.891e-05,-4.2783e-05,-2.8203e+05,-1859.4
-6.9213e-05,7.4694e-05,-2.8087e+05,-609.05
-6.9637e-05,0.00023572,-2.7933e+05,1104.6
-7.0162e-05,0.00044345,-2.7725e+05,3315.6
-7.0743e-05,0.00066999,-2.7502e+05,5726.6
-7.149e-05,0.00095074,-2.7236e+05,8714
-7.2459e-05,0.0012069,-2.7096e+05,11446
-7.3167e-05,0.0013854,-2.6912e+05,13418
-7.3473e-05,0.0014658,-2.6798e+05,14322
-7.3662e-05,0.0015124,-2.6752e+05,14836
-7.3687e-05,0.0015275,-2.6732e+05,14997
-7.3547e-05,0.0015153,-2.6728e+05,14851
-7.3202e-05,0.0014873,-2.6686e+05,14531
-7.2527e-05,0.0014103,-2.6663e+05,13657
-7.1678e-05,0.0012683,-2.6713e+05,12079
-7.0441e-05,0.0010666,-2.6621e+05,9941
-6.8925e-05,0.00065009,-2.6801e+05,5550.3
-6.6919e-05,7.4673e-05,-2.7152e+05,-563.2
-6.4779e-05,-0.00084701,-2.8155e+05,-10378
-4.5884e-05,-0.002125,-2.1915e+05,-24341
-5.9647e-05,-0.0025105,-3.3982e+05,-25402
-6.8263e-05,-0.0014727,-3.0468e+05,-17402
-6.9419e-05,-0.00085719,-3.0069e+05,-10581
-7.0773e-05,-0.00036247,-2.9614e+05,-5316.6
-7.1807e-05,0.00010575,-2.9083e+05,-329.49
-7.2473e-05,0.00036564,-2.8826e+05,2436.5
-7.2806e-05,0.00056672,-2.8553e+05,4580.3
-7.2822e-05,0.00058424,-2.8524e+05,4767.4
-7.2796e-05,0.00057498,-2.8533e+05,4668.9
-7.2771e-05,0.00056572,-2.8541e+05,4570.4
-7.2746e-05,0.00055646,-2.855e+05,4471.8
-7.2722e-05,0.0005472,-2.8558e+05,4373.2
-7.2703e-05,0.00053839,-2.8569e+05,4279.4
-7.269e-05,0.00053322,-2.8574e+05,4224.4
-7.2678e-05,0.00052803,-2.8579e+05,4169.1
-7.2664e-05,0.00052279,-2.8585e+05,4113.4
-7.265e-05,0.00051763,-2.859e+05,4058.5
-7.2636e-05,0.00051248,-2.8594e+05,4003.6
-7.2622e-05,0.00050732,-2.8599e+05,3948.8
-7.2607e-05,0.00050212,-2.8603e+05,3893.5
-7.2592e-05,0.00049697,-2.8608e+05,3838.7
-7.2578e-05,0.00049182,-2.8612e+05,3783.9
-7.2563e-05,0.00048667,-2.8617e+05,3729.1
-7.2549e-05,0.00048147,-2.8621e+05,3673.8
-7.2534e-05,0.00047632,-2.8626e+05,3619.1
-7.2519e-05,0.00047118,-2.863e+05,3564.3
-7.2505e-05,0.00046603,-2.8635e+05,3509.5
-7.249e-05,0.00046083,-2.864e+05,3454.2
-7.2476e-05,0.00045568,-2.8644e+05,3399.5
-7.2461e-05,0.00045054,-2.8649e+05,3344.7
-7.2446e-05,0.00044539,-2.8653e+05,3290
-7.2432e-05,0.00044024,-2.8658e+05,3235.2
-7.2417e-05,0.00043504,-2.8662e+05,3179.9
-7.2403e-05,0.0004299,-2.8667e+05,3125.2
-7.2389e-05,0.00042475,-2.8671e+05,3070.4
-7.2375e-05,0.00041958,-2.8676e+05,3015.4
-7.2361e-05,0.00041437,-2.8681e+05,2960
-7.2347e-05,0.00040921,-2.8686e+05,2905.1
-7.2333e-05,0.00040405,-2.8691e+05,2850.2
-7.232e-05,0.00039888,-2.8696e+05,2795.2
-7.2306e-05,0.00039367,-2.8701e+05,2739.7
-7.2292e-05,0.00038851,-2.8706e+05,2684.8
-7.2278e-05,0.00038335,-2.8710e+05,2629.9
-7.2264e-05,0.00037819,-2.8715e+05,2575
-7.2251e-05,0.00037298,-2.872e+05,2519.5
-7.2237e-05,0.00036782,-2.8725e+05,2464.6
-7.2223e-05,0.00036266,-2.873e+05,2409.7
-7.2209e-05,0.0003575,-2.8735e+05,2354.8
-7.2196e-05,0.00035234,-2.874e+05,2299.9
-7.2182e-05,0.00034713,-2.8745e+05,2244.4
-7.2168e-05,0.00034197,-2.875e+05,2189.6
-7.2154e-05,0.00033681,-2.8754e+05,2134.7
-7.214e-05,0.00033165,-2.8759e+05,2079.7
-7.2127e-05,0.00032644,-2.8764e+05,2024.3
-7.2113e-05,0.00032128,-2.8769e+05,1969.4
-7.2099e-05,0.00031613,-2.8774e+05,1914.5
-7.2085e-05,0.00031097,-2.8779e+05,1859.6
-7.207e-05,0.00030577,-2.8783e+05,1804.3
-7.2056e-05,0.00030063,-2.8788e+05,1749.6
-7.2042e-05,0.00029549,-2.8792e+05,1694.9
-7.2027e-05,0.00029034,-2.8797e+05,1640.2
-7.2012e-05,0.00028514,-2.8802e+05,1584.9
-7.1998e-05,0.00028,-2.8806e+05,1530.2
-7.1984e-05,0.00027486,-2.8811e+05,1475.5
-7.1969e-05,0.00026972,-2.8815e+05,1420.8
-7.1955e-05,0.00026457,-2.882e+05,1366.1
-7.194e-05,0.00025938,-2.8825e+05,1310.8
-7.1926e-05,0.00025424,-2.8829e+05,1256.1
-7.1911e-05,0.0002491,-2.8834e+05,1201.4
-7.1897e-05,0.00024395,-2.8838e+05,1146.7
-7.1882e-05,0.00023876,-2.8843e+05,1091.4
-7.1868e-05,0.00023361,-2.8848e+05,1036.7
-7.1854e-05,0.00022847,-2.8852e+05,981.99
-7.184e-05,0.00022331,-2.8857e+05,927.13
-7.1826e-05,0.00021811,-2.8862e+05,871.77
-7.1813e-05,0.00021296,-2.8867e+05,816.89
-7.1799e-05,0.0002078,-2.8872e+05,762
-7.1785e-05,0.00020263,-2.8877e+05,707.05
-7.1772e-05,0.00019742,-2.8882e+05,651.61
-7.1758e-05,0.00019227,-2.8887e+05,596.73
-7.1739e-05,0.00018665,-2.8890e+05,536.97
-7.1715e-05,0.00017739,-2.8899e+05,438.42
-7.169e-05,0.00016813,-2.8908e+05,339.93
-7.1664e-05,0.00015891,-2.8916e+05,241.85
-7.1639e-05,0.00014967,-2.8925e+05,143.52
-7.1614e-05,0.00014041,-2.8934e+05,45.041
-7.159e-05,0.00013116,-2.8942e+05,-53.434
-7.1565e-05,0.00012191,-2.8951e+05,-151.91
-7.1305e-05,9.2949e-05,-2.8904e+05,-456.34
-7.0004e-05,-0.0001563,-2.888e+05,-3095.8
-6.8315e-05,-0.0010188,-2.992e+05,-12308
0.00027378,-0.0085564,-82969,-40308
