0.0004343,-0.014113,-3.3001e+05,-63498
-3.0631e-05,-0.0039323,-2.708e+05,-38221
-4.0878e-05,-0.0018731,-1.9084e+05,-21612
-4.1095e-05,-0.00080645,-1.821e+05,-9595.3
-4.2666e-05,-0.00019491,-1.7804e+05,-2952.5
-4.3582e-05,0.00022679,-1.7319e+05,1538.8
-4.4178e-05,0.0003909,-1.7229e+05,3281.7
-4.4342e-05,0.00045439,-1.7167e+05,3957.4
-4.4357e-05,0.0004032,-1.7277e+05,3409.6
-4.4283e-05,0.00034427,-1.7367e+05,2781
-4.4079e-05,0.00029215,-1.7389e+05,2227.7
-4.3917e-05,0.00023262,-1.7444e+05,1594.4
-4.3736e-05,0.0001724,-1.7492e+05,954.1
-4.3535e-05,0.00011005,-1.7538e+05,291.35
-4.3378e-05,5.077e-05,-1.7594e+05,-339.42
-4.3327e-05,2.0971e-05,-1.7634e+05,-657.08
-4.3381e-05,3.9217e-05,-1.7619e+05,-463.04
-4.3471e-05,8.7698e-05,-1.7557e+05,53.613
-4.3556e-05,0.00012543,-1.7515e+05,455.44
-4.3665e-05,0.0001752,-1.7458e+05,985.47
-4.3761e-05,0.0002185,-1.7409e+05,1446.5
-4.3824e-05,0.00025231,-1.7366e+05,1806.8
-4.3908e-05,0.00028301,-1.7338e+05,2133.5
-4.4005e-05,0.00032901,-1.7284e+05,2623.4
-4.41e-05,0.00036407,-1.7252e+05,2996.4
-4.4198e-05,0.00041797,-1.7182e+05,3570.8
-4.4298e-05,0.00045601,-1.7146e+05,3975.6
-4.4361e-05,0.00050343,-1.7075e+05,4481.4
-4.443e-05,0.00051915,-1.7071e+05,4648.1
-4.4435e-05,0.00054175,-1.7027e+05,4889.7
-4.4432e-05,0.00053504,-1.704e+05,4817.9
-4.4435e-05,0.00054357,-1.7024e+05,4909.2
-4.4414e-05,0.0005366,-1.7029e+05,4835.1
-4.4412e-05,0.0005348,-1.7032e+05,4815.9
-4.4478e-05,0.00053776,-1.7053e+05,4846.2
-4.4516e-05,0.0005721,-1.6998e+05,5212.6
-4.4511e-05,0.00056165,-1.7018e+05,5100.9
-4.4568e-05,0.00058755,-1.6989e+05,5376.8
-4.4662e-05,0.00060913,-1.6983e+05,5605.6
-4.4686e-05,0.00064668,-1.6924e+05,6001.1
-4.4675e-05,0.00063701,-1.6939e+05,5898.1
-4.4686e-05,0.00064446,-1.6929e+05,5977.2
-4.4666e-05,0.00063813,-1.6933e+05,5910.2
-4.4622e-05,0.00063758,-1.6917e+05,5905.2
-4.46e-05,0.0006189,-1.6939e+05,5710.3
-4.4581e-05,0.00062556,-1.6921e+05,5779.6
-4.4595e-05,0.00061826,-1.6938e+05,5703.8
-4.4625e-05,0.00062807,-1.6935e+05,5805
-4.4586e-05,0.00062018,-1.6932e+05,5723.8
-4.4547e-05,0.00061986,-1.6917e+05,5720.9
-4.4533e-05,0.00061021,-1.6928e+05,5619.7
-4.4554e-05,0.0006304,-1.6902e+05,5830.6
-4.4555e-05,0.00063041,-1.6902e+05,5830.7
-4.4531e-05,0.00061425,-1.6919e+05,5663
-4.4479e-05,0.00057899,-1.697e+05,5287
-4.4406e-05,0.00054931,-1.7e+05,4971.1
-4.4267e-05,0.0004901,-1.7063e+05,4340.8
-4.4137e-05,0.00041521,-1.7163e+05,3542.6
-4.3973e-05,0.00032074,-1.7288e+05,2535.6
-4.3904e-05,0.00026807,-1.7367e+05,1973.8
-4.3906e-05,0.00026036,-1.7383e+05,1891.3
-4.3979e-05,0.00027132,-1.7391e+05,2007.1
-4.4149e-05,0.00033346,-1.7334e+05,2668.1
-4.4294e-05,0.00042215,-1.7213e+05,3613.6
-4.4395e-05,0.00047517,-1.7146e+05,4178.4
-4.4458e-05,0.00050904,-1.7103e+05,4539.4
-4.4479e-05,0.00051496,-1.71e+05,4602.3
-4.4465e-05,0.0005174,-1.7089e+05,4628.7
-4.4373e-05,0.00048413,-1.7119e+05,4274.7
-4.4292e-05,0.00043253,-1.7191e+05,3724.6
-4.4232e-05,0.00039665,-1.7239e+05,3342.1
-4.4131e-05,0.0003578,-1.7277e+05,2928.8
-4.4027e-05,0.00031157,-1.7328e+05,2436.4
-4.3916e-05,0.00026275,-1.7382e+05,1916.7
-4.3838e-05,0.00021785,-1.7442e+05,1438.1
-4.377e-05,0.00018154,-1.7488e+05,1051.1
-4.366e-05,0.00014061,-1.7526e+05,615.66
-4.3539e-05,8.7302e-05,-1.7586e+05,47.992
-4.3428e-05,5.0756e-05,-1.7614e+05,-340.58
-4.3335e-05,7.1857e-06,-1.7665e+05,-804.66
-4.3269e-05,-2.1224e-05,-1.7696e+05,-1107.1
-4.3188e-05,-5.011e-05,-1.7722e+05,-1414.4
-4.3103e-05,-8.3651e-05,-1.7755e+05,-1771.4
-4.3027e-05,-0.00011902,-1.7796e+05,-2148.1
-4.293e-05,-0.00015478,-1.783e+05,-2528.6
-4.2836e-05,-0.00020324,-1.789e+05,-3044.9
-4.2781e-05,-0.00024189,-1.7946e+05,-3457.2
-4.2732e-05,-0.00027041,-1.7984e+05,-3761.2
-4.2651e-05,-0.00030535,-1.8022e+05,-4133.2
-4.2549e-05,-0.00035009,-1.8072e+05,-4609.7
-4.246e-05,-0.00037868,-1.8094e+05,-4913.6
-4.2393e-05,-0.00041481,-1.814e+05,-5298.7
-4.2358e-05,-0.00043624,-1.8169e+05,-5527.2
-4.2319e-05,-0.00045316,-1.8187e+05,-5707.3
-4.2286e-05,-0.00047153,-1.8212e+05,-5903.2
-4.2246e-05,-0.00048785,-1.8229e+05,-6076.9
-4.2208e-05,-0.00050213,-1.8242e+05,-6228.9
-4.2145e-05,-0.00052036,-1.8254e+05,-6422.6
-4.212e-05,-0.00053387,-1.8271e+05,-6566.6
-4.2141e-05,-0.00053915,-1.829e+05,-6623.4
-4.2137e-05,-0.0005302,-1.827e+05,-6527.7
-4.2133e-05,-0.00053597,-1.828e+05,-6589.3
-4.2139e-05,-0.00054226,-1.8296e+05,-6656.7
-4.2125e-05,-0.00053984,-1.8285e+05,-6630.4
-4.2083e-05,-0.00054212,-1.8273e+05,-6654
-4.2061e-05,-0.00054633,-1.8272e+05,-6698.6
-4.1997e-05,-0.00054044,-1.8234e+05,-6634.3
-4.1975e-05,-0.00053879,-1.8222e+05,-6616.2
-4.2006e-05,-0.00052407,-1.8204e+05,-6459.4
-4.1958e-05,-0.00052325,-1.8183e+05,-6449.7
-4.1951e-05,-0.00051339,-1.816e+05,-6344.1
-4.1938e-05,-0.00050742,-1.8143e+05,-6279.9
-4.196e-05,-0.00049206,-1.812e+05,-6116.1
-4.1988e-05,-0.00048767,-1.8123e+05,-6069.7
-4.2043e-05,-0.00047902,-1.8128e+05,-5978.3
-4.2067e-05,-0.00046798,-1.8115e+05,-5860.7
-4.2121e-05,-0.00045328,-1.8107e+05,-5704.6
-4.2115e-05,-0.00044806,-1.8094e+05,-5648.6
-4.2139e-05,-0.00045282,-1.8113e+05,-5700.1
-4.2145e-05,-0.0004362,-1.8082e+05,-5522.4
-4.22e-05,-0.000438,-1.8108e+05,-5542.8
-4.2282e-05,-0.00041123,-1.8087e+05,-5258.2
-4.2249e-05,-0.00040753,-1.8066e+05,-5217.9
-4.2282e-05,-0.00040699,-1.8078e+05,-5212.8
-4.2353e-05,-0.00039282,-1.8079e+05,-5062.7
-4.2421e-05,-0.0003707,-1.8061e+05,-4827.5
-4.2467e-05,-0.00036628,-1.8071e+05,-4781.2
-4.2506e-05,-0.00034248,-1.8038e+05,-4527.4
-4.2527e-05,-0.00032793,-1.8018e+05,-4372.2
-4.252e-05,-0.00032474,-1.8008e+05,-4338
-4.2523e-05,-0.00032298,-1.8006e+05,-4319.2
-4.2508e-05,-0.00031645,-1.7986e+05,-4249
-4.2499e-05,-0.00032312,-1.7996e+05,-4320.2
-4.2533e-05,-0.00031554,-1.7994e+05,-4239.8
-4.2531e-05,-0.00030527,-1.7973e+05,-4130
-4.2523e-05,-0.00031707,-1.7994e+05,-4256.1
-4.2505e-05,-0.00031366,-1.7979e+05,-4219.1
-4.2467e-05,-0.00033223,-1.8002e+05,-4417
-4.2481e-05,-0.00033828,-1.802e+05,-4482
-4.2436e-05,-0.00032911,-1.7983e+05,-4383
-4.2372e-05,-0.00036437,-1.8028e+05,-4758.8
-4.2404e-05,-0.00036237,-1.8038e+05,-4738
-4.2475e-05,-0.00033907,-1.8019e+05,-4490.3
-4.2497e-05,-0.00031783,-1.7985e+05,-4263.6
-4.2512e-05,-0.00031518,-1.7985e+05,-4235.6
-4.2561e-05,-0.00028983,-1.7954e+05,-3965.5
-4.2638e-05,-0.00026878,-1.7942e+05,-3741.9
-4.276e-05,-0.00021538,-1.7884e+05,-3173.3
-4.2889e-05,-0.00016763,-1.7839e+05,-2665.2
-4.3078e-05,-9.773e-05,-1.7774e+05,-1921.5
-4.3348e-05,2.0917e-06,-1.7681e+05,-859.39
-4.3684e-05,0.00013017,-1.7558e+05,503.52
-4.4066e-05,0.00027476,-1.7419e+05,2042
-4.4491e-05,0.0004542,-1.7228e+05,3952.3
-4.4852e-05,0.00060526,-1.7068e+05,5560.4
-4.4935e-05,0.00065779,-1.7002e+05,6115.6
-4.4792e-05,0.00064625,-1.6967e+05,5995.6
-4.4633e-05,0.00061925,-1.6952e+05,5713.4
-4.4525e-05,0.00056497,-1.7017e+05,5136.2
-4.4249e-05,0.00048406,-1.7069e+05,4276.5
-4.3773e-05,0.00036052,-1.7126e+05,2965
-4.3133e-05,0.00016903,-1.7254e+05,930.24
-4.2412e-05,-3.1891e-05,-1.7368e+05,-1203.9
-4.1594e-05,-0.0002437,-1.7466e+05,-3452.5
-4.0806e-05,-0.00046727,-1.7599e+05,-5827.5
-4.0303e-05,-0.00068898,-1.7766e+05,-8244.2
-4.0101e-05,-0.00090123,-1.7847e+05,-10682
-3.9885e-05,-0.0011052,-1.791e+05,-13009
-3.2324e-05,-0.0011552,-1.4809e+05,-13424
-3.3875e-05,-0.00047204,-1.4803e+05,-5722.1
-3.5132e-05,6.3952e-05,-1.4203e+05,-30.589
-3.6038e-05,0.00039918,-1.3891e+05,3535.8
-3.6546e-05,0.00068687,-1.3447e+05,6649.5
-3.6467e-05,0.0006441,-1.3532e+05,6172.2
-3.6426e-05,0.00063148,-1.3536e+05,6040.1
-3.6335e-05,0.00061794,-1.3534e+05,5892.4
-3.5452e-05,0.00064353,-1.3194e+05,6140.1
-3.6044e-05,0.00060324,-1.3539e+05,5678.8
-3.6066e-05,0.00058961,-1.3562e+05,5541
-3.6041e-05,0.00057657,-1.3569e+05,5408.1
-3.602e-05,0.0005647,-1.3572e+05,5289.9
-3.6015e-05,0.00055746,-1.3621e+05,5185.4
-3.5998e-05,0.0005505,-1.3622e+05,5115.8
-3.5981e-05,0.0005434,-1.3619e+05,5047.2
-3.6001e-05,0.0005362,-1.3632e+05,4976.9
-3.6001e-05,0.00052772,-1.3639e+05,4893.3
-3.5984e-05,0.00052069,-1.364e+05,4823.2
-3.6008e-05,0.00051329,-1.3658e+05,4748.4
-3.6006e-05,0.00050472,-1.3669e+05,4660.8
-3.5987e-05,0.00049777,-1.3673e+05,4589
-3.5965e-05,0.00049088,-1.3676e+05,4517.1
-3.5942e-05,0.00048403,-1.3679e+05,4445
-3.5919e-05,0.00047723,-1.3684e+05,4372.8
-3.5896e-05,0.00047044,-1.3688e+05,4300.7
-3.5871e-05,0.00046369,-1.3692e+05,4229
-3.5848e-05,0.00045688,-1.3696e+05,4156.6
-3.5825e-05,0.00045009,-1.3701e+05,4084.5
-3.5803e-05,0.00044332,-1.3705e+05,4012.5
-3.5783e-05,0.00043647,-1.3711e+05,3939.7
-3.5763e-05,0.00042957,-1.3717e+05,3866.3
-3.5744e-05,0.0004226,-1.3723e+05,3792.1
-3.5724e-05,0.0004157,-1.3729e+05,3718.7
-3.5705e-05,0.0004088,-1.3736e+05,3645.3
-3.5687e-05,0.00040187,-1.3742e+05,3571.7
-3.5668e-05,0.00039489,-1.3749e+05,3497.4
-3.565e-05,0.00038797,-1.3755e+05,3423.8
-3.5631e-05,0.00038106,-1.3762e+05,3350.2
-3.5612e-05,0.00037413,-1.3768e+05,3276.6
-3.5594e-05,0.00036715,-1.3775e+05,3202.3
-3.5575e-05,0.00036024,-1.3781e+05,3128.7
-3.5557e-05,0.00035332,-1.3788e+05,3055.1
-3.5538e-05,0.0003464,-1.3794e+05,2981.5
-3.5519e-05,0.00033942,-1.3801e+05,2907.2
-3.5501e-05,0.0003325,-1.3807e+05,2833.6
-3.5482e-05,0.00032559,-1.3814e+05,2760.1
-3.5464e-05,0.00031868,-1.382e+05,2686.5
-3.5445e-05,0.00031175,-1.3827e+05,2612.9
-3.5427e-05,0.00030477,-1.3833e+05,2538.6
-3.5408e-05,0.00029786,-1.384e+05,2465.1
-3.5389e-05,0.00029095,-1.3846e+05,2391.5
-3.5371e-05,0.00028402,-1.3853e+05,2317.9
-3.5352e-05,0.00027704,-1.3859e+05,2243.6
-3.5334e-05,0.00027013,-1.3866e+05,2170.1
-3.5315e-05,0.00026322,-1.3872e+05,2096.5
-3.5296e-05,0.0002563,-1.3878e+05,2022.9
-3.5277e-05,0.00024933,-1.3885e+05,1948.8
-3.5258e-05,0.00024243,-1.3891e+05,1875.4
-3.5238e-05,0.00023554,-1.3897e+05,1802
-3.5219e-05,0.00022863,-1.3903e+05,1728.6
-3.52e-05,0.00022166,-1.391e+05,1654.5
-3.5181e-05,0.00021477,-1.3916e+05,1581.1
-3.5161e-05,0.00020787,-1.3922e+05,1507.8
-3.5142e-05,0.00020097,-1.3928e+05,1434.4
-3.5123e-05,0.00019407,-1.3934e+05,1360.9
-3.5104e-05,0.0001871,-1.3941e+05,1286.8
-3.5084e-05,0.0001802,-1.3947e+05,1213.5
-3.5065e-05,0.00017331,-1.3953e+05,1140.1
-3.5046e-05,0.0001664,-1.3959e+05,1066.7
-3.5027e-05,0.00015944,-1.3966e+05,992.56
-3.5007e-05,0.00015254,-1.3972e+05,919.18
-3.4988e-05,0.00014564,-1.3978e+05,845.78
-3.497e-05,0.00013873,-1.3984e+05,772.22
-3.4951e-05,0.00013175,-1.3991e+05,698.01
-3.4933e-05,0.00012484,-1.3998e+05,624.45
-3.4914e-05,0.00011792,-1.4004e+05,550.9
-3.4896e-05,0.000111,-1.4011e+05,477.25
-3.4877e-05,0.00010402,-1.4017e+05,402.95
-3.4859e-05,9.7108e-05,-1.4024e+05,329.4
-3.4833e-05,8.9569e-05,-1.4029e+05,249.3
-3.48e-05,7.7157e-05,-1.4041e+05,117.23
-3.4767e-05,6.4747e-05,-1.4052e+05,-14.782
-3.4732e-05,5.2375e-05,-1.4063e+05,-146.39
-3.4698e-05,3.9982e-05,-1.4075e+05,-278.24
-3.4665e-05,2.7575e-05,-1.4086e+05,-410.25
-3.4632e-05,1.5169e-05,-1.4098e+05,-542.25
-3.4598e-05,2.715e-06,-1.411e+05,-674.74
-3.4357e-05,-2.7361e-05,-1.4072e+05,-991.48
-3.3461e-05,-0.00024915,-1.4158e+05,-3345.2
-3.3878e-05,-0.00092162,-1.526e+05,-10828
8.2733e-05,-0.0042922,-8936.8,-29940
