-1.2907e-05,-0.00069719,-59407,-8162.7
-1.2858e-05,-0.00062128,-59436,-7248.8
-1.2877e-05,-0.00051029,-59618,-5923.7
-1.3045e-05,-0.00039702,-59919,-4599.6
-1.3444e-05,-0.00028006,-60333,-3282.8
-1.3975e-05,-0.00015998,-60265,-1995
-1.4349e-05,-6.8253e-05,-59925,-1021.7
-1.4565e-05,-1.71e-05,-59765,-479.12
-1.469e-05,1.4136e-05,-59638,-147.63
-1.4758e-05,3.024e-05,-59589,23.175
-1.4784e-05,3.954e-05,-59508,122.08
-1.4785e-05,3.9743e-05,-59509,124.23
-1.4753e-05,3.8365e-05,-59403,110.17
-1.4686e-05,2.498e-05,-59403,-31.608
-1.4619e-05,1.1411e-05,-59405,-175.34
-1.4564e-05,-3.0025e-06,-59473,-328.34
-1.4529e-05,-1.2436e-05,-59522,-428.51
-1.45e-05,-1.8691e-05,-59535,-494.83
-1.448e-05,-2.4361e-05,-59567,-555.04
-1.4486e-05,-2.6372e-05,-59633,-576.67
-1.449e-05,-2.1808e-05,-59556,-527.94
-1.4478e-05,-2.559e-05,-59582,-568.13
-1.4477e-05,-2.6796e-05,-59603,-581.01
-1.4476e-05,-2.6304e-05,-59589,-575.72
-1.4479e-05,-2.7236e-05,-59620,-585.75
-1.4484e-05,-2.4887e-05,-59595,-560.75
-1.4487e-05,-2.4906e-05,-59606,-561
-1.4484e-05,-2.3906e-05,-59572,-550.25
-1.4469e-05,-2.667e-05,-59568,-579.5
-1.4452e-05,-3.0498e-05,-59576,-620.09
-1.4446e-05,-3.3455e-05,-59613,-651.59
-1.4451e-05,-3.2458e-05,-59614,-641.04
-1.4431e-05,-3.2932e-05,-59541,-645.69
-1.4422e-05,-4.0825e-05,-59664,-729.9
-1.4476e-05,-3.37e-05,-59740,-654.82
-1.4503e-05,-1.7236e-05,-59514,-479.31
-1.4473e-05,-2.5453e-05,-59561,-566.57
-1.4471e-05,-2.9056e-05,-59624,-605.05
-1.4492e-05,-2.5376e-05,-59635,-566.12
-1.4507e-05,-2.0036e-05,-59587,-509.33
-1.4501e-05,-1.9919e-05,-59561,-507.95
-1.4507e-05,-2.155e-05,-59620,-525.52
-1.4517e-05,-1.7015e-05,-59568,-477.24
-1.4515e-05,-1.8038e-05,-59579,-488.13
-1.4521e-05,-1.7294e-05,-59592,-480.31
-1.4536e-05,-1.4235e-05,-59588,-447.89
-1.4547e-05,-1.128e-05,-59573,-416.52
-1.4548e-05,-9.55e-06,-59543,-398.04
-1.4533e-05,-1.1973e-05,-59532,-423.65
-1.4517e-05,-1.6182e-05,-59550,-468.33
-1.4514e-05,-1.8282e-05,-59580,-490.71
-1.4516e-05,-1.7816e-05,-59582,-485.79
-1.4498e-05,-1.8646e-05,-59522,-494.29
-1.4496e-05,-2.5071e-05,-59646,-562.95
-1.4526e-05,-1.7778e-05,-59618,-485.57
-1.4586e-05,-1.004e-05,-59706,-404.04
-1.461e-05,7.331e-06,-59454,-218.8
-1.4605e-05,-3.6016e-07,-59588,-300.93
-1.4615e-05,5.664e-06,-59508,-236.72
-1.4632e-05,4.4743e-06,-59599,-249.78
-1.4646e-05,1.2917e-05,-59484,-159.78
-1.4652e-05,1.0223e-05,-59565,-188.71
-1.4651e-05,1.5428e-05,-59454,-133.03
-1.4651e-05,9.748e-06,-59569,-193.77
-1.4659e-05,1.5811e-05,-59479,-129.11
-1.4671e-05,1.3629e-05,-59572,-152.67
-1.4694e-05,2.1556e-05,-59506,-68.391
-1.4707e-05,2.331e-05,-59525,-49.905
-1.4702e-05,2.6299e-05,-59441,-17.824
-1.4714e-05,2.2274e-05,-59571,-61.11
-1.4731e-05,3.1984e-05,-59445,42.375
-1.474e-05,2.9319e-05,-59537,13.688
-1.4746e-05,3.5837e-05,-59426,83.272
-1.4747e-05,3.1354e-05,-59521,35.318
-1.4771e-05,3.7438e-05,-59496,99.88
-1.4819e-05,4.3663e-05,-59564,165.47
-1.4812e-05,5.5535e-05,-59294,292.56
-1.477e-05,3.978e-05,-59445,124.94
-1.4739e-05,3.7282e-05,-59368,98.871
-1.472e-05,2.6655e-05,-59507,-14.387
-1.471e-05,2.9199e-05,-59417,13.01
-1.4696e-05,2.1722e-05,-59508,-66.636
-1.4681e-05,2.2768e-05,-59428,-55.157
-1.468e-05,1.6257e-05,-59558,-124.77
-1.4687e-05,2.2837e-05,-59451,-54.546
-1.4701e-05,1.9544e-05,-59573,-90.035
-1.4739e-05,3.0251e-05,-59511,23.682
-1.479e-05,3.7197e-05,-59579,96.917
-1.48e-05,5.0608e-05,-59346,240.12
-1.4784e-05,4.0784e-05,-59483,135.39
-1.477e-05,4.3719e-05,-59364,167.07
-1.4756e-05,3.4352e-05,-59500,67.174
-1.4754e-05,3.8111e-05,-59413,107.42
-1.4747e-05,3.2362e-05,-59500,46.092
-1.4738e-05,3.4797e-05,-59414,72.32
-1.4728e-05,2.8129e-05,-59512,1.2083
-1.4714e-05,3.0486e-05,-59403,26.707
-1.4693e-05,2.1319e-05,-59507,-70.903
-1.4684e-05,2.2174e-05,-59454,-61.582
-1.4699e-05,1.8936e-05,-59579,-96.504
-1.4713e-05,2.8661e-05,-59439,7.2089
-1.4706e-05,2.3278e-05,-59521,-50.225
-1.4711e-05,2.6398e-05,-59476,-16.953
-1.4709e-05,2.5619e-05,-59483,-25.24
-1.4676e-05,2.3932e-05,-59384,-42.614
-1.4643e-05,1.0702e-05,-59517,-183.41
-1.4624e-05,9.829e-06,-59460,-192.37
-1.4621e-05,3.2863e-06,-59578,-262.26
-1.4617e-05,8.2048e-06,-59464,-209.59
-1.4606e-05,1.3634e-06,-59557,-282.52
-1.4595e-05,3.1065e-06,-59475,-263.65
-1.4585e-05,-3.577e-06,-59570,-334.92
-1.4571e-05,-1.6915e-06,-59475,-314.47
-1.4553e-05,-1.0136e-05,-59576,-404.42
-1.4545e-05,-8.9231e-06,-59520,-391.29
-1.4542e-05,-1.3437e-05,-59599,-439.49
-1.454e-05,-1.0391e-05,-59528,-406.88
-1.4516e-05,-1.5513e-05,-59533,-461.15
-1.4493e-05,-2.0616e-05,-59544,-515.26
-1.447e-05,-2.6365e-05,-59566,-576.26
-1.4477e-05,-2.9011e-05,-59650,-604.71
-1.4502e-05,-2.2073e-05,-59609,-531.02
-1.4487e-05,-2.0432e-05,-59515,-513.16
-1.4473e-05,-2.7952e-05,-59610,-593.28
-1.4477e-05,-2.6098e-05,-59590,-573.56
-1.4479e-05,-2.672e-05,-59609,-580.23
-1.4485e-05,-2.5225e-05,-59604,-564.37
-1.4514e-05,-2.2571e-05,-59670,-536.59
-1.453e-05,-1.305e-05,-59538,-435.1
-1.4522e-05,-1.676e-05,-59583,-474.61
-1.4519e-05,-1.5963e-05,-59555,-466.03
-1.4497e-05,-1.8868e-05,-59525,-496.65
-1.4488e-05,-2.487e-05,-59608,-560.64
-1.4507e-05,-2.1613e-05,-59619,-526.19
-1.4505e-05,-1.7573e-05,-59530,-482.96
-1.4501e-05,-2.2386e-05,-59612,-534.35
-1.4499e-05,-1.9501e-05,-59546,-503.46
-1.4487e-05,-2.3777e-05,-59583,-548.93
-1.4498e-05,-2.3835e-05,-59630,-549.78
-1.447e-05,-2.0777e-05,-59454,-516.51
-1.4429e-05,-3.612e-05,-59599,-679.75
-1.4443e-05,-3.697e-05,-59674,-689.12
-1.447e-05,-2.9163e-05,-59625,-606.19
-1.4462e-05,-2.722e-05,-59552,-585.24
-1.4438e-05,-3.3374e-05,-59577,-650.55
-1.4427e-05,-3.8124e-05,-59630,-701.13
-1.4438e-05,-3.6739e-05,-59646,-686.54
-1.444e-05,-3.335e-05,-59586,-650.35
-1.4433e-05,-3.6812e-05,-59628,-687.22
-1.4455e-05,-3.4748e-05,-59675,-665.6
-1.4497e-05,-2.562e-05,-59662,-568.85
-1.454e-05,-1.5701e-05,-59637,-463.66
-1.4596e-05,-5.8877e-06,-59664,-359.86
-1.4681e-05,1.1349e-05,-59661,-177.27
-1.4761e-05,3.2161e-05,-59565,43.644
-1.4809e-05,4.3709e-05,-59522,166.18
-1.4819e-05,4.9306e-05,-59451,225.81
-1.4806e-05,4.6765e-05,-59451,198.9
-1.4757e-05,4.2525e-05,-59336,154.56
-1.4671e-05,2.5266e-05,-59336,-28.249
-1.4538e-05,5.8179e-06,-59190,-233.51
-1.4301e-05,-3.2943e-05,-59009,-643.15
-1.3941e-05,-9.5195e-05,-58808,-1301.5
-1.3444e-05,-0.00018457,-58606,-2246.7
-1.3039e-05,-0.00030387,-58976,-3541.5
-1.2866e-05,-0.0004251,-59314,-4923.5
-1.2851e-05,-0.00054314,-59519,-6313.8
-1.291e-05,-0.00065463,-59571,-7649.8
-2.7244e-06,-0.00063692,-12878,-7487.1
-3.5958e-06,5.52e-05,-13558,516.22
-3.6603e-06,7.9046e-05,-13336,770.93
-3.6578e-06,7.9055e-05,-13336,770.36
-3.6561e-06,7.9062e-05,-13340,769.79
-3.6554e-06,7.9021e-05,-13340,769.23
-3.6548e-06,7.898e-05,-13340,768.66
-3.6542e-06,7.8938e-05,-13340,768.1
-3.6308e-06,7.9763e-05,-13241,776.73
-3.6535e-06,7.8846e-05,-13661,747.18
-3.6512e-06,7.8977e-05,-13328,768.46
-3.6549e-06,7.8716e-05,-13343,765.86
-3.6567e-06,7.8629e-05,-13344,765.33
-3.6594e-06,7.8556e-05,-13346,765.02
-3.6629e-06,7.8451e-05,-13346,764.67
-3.6651e-06,7.8355e-05,-13343,764.34
-3.6651e-06,7.8309e-05,-13340,764.07
-3.6645e-06,7.8287e-05,-13339,763.76
-3.6635e-06,7.8272e-05,-13339,763.45
-3.6624e-06,7.8266e-05,-13338,763.14
-3.6613e-06,7.8261e-05,-13338,762.83
-3.6602e-06,7.8256e-05,-13338,762.52
-3.6591e-06,7.8252e-05,-13338,762.21
-3.6579e-06,7.8247e-05,-13338,761.9
-3.6568e-06,7.8242e-05,-13338,761.6
-3.6557e-06,7.8238e-05,-13338,761.3
-3.6546e-06,7.8233e-05,-13338,760.99
-3.6534e-06,7.8229e-05,-13339,760.69
-3.6523e-06,7.8224e-05,-13339,760.38
-3.6512e-06,7.822e-05,-13339,760.09
-3.6501e-06,7.8216e-05,-13339,759.78
-3.649e-06,7.8212e-05,-13339,759.49
-3.6479e-06,7.8208e-05,-13339,759.18
-3.6467e-06,7.8204e-05,-13339,758.89
-3.6465e-06,7.8198e-05,-13342,758.59
-3.6471e-06,7.8153e-05,-13342,758.3
-3.6477e-06,7.8106e-05,-13342,758
-3.6482e-06,7.8061e-05,-13342,757.71
-3.6488e-06,7.8016e-05,-13342,757.42
-3.6494e-06,7.797e-05,-13342,757.12
-3.65e-06,7.7925e-05,-13342,756.83
-3.6506e-06,7.7879e-05,-13342,756.54
-3.6512e-06,7.7834e-05,-13342,756.26
-3.6518e-06,7.7789e-05,-13342,755.97
-3.6524e-06,7.7744e-05,-13342,755.68
-3.653e-06,7.7699e-05,-13342,755.4
-3.6536e-06,7.7655e-05,-13342,755.11
-3.6541e-06,7.761e-05,-13342,754.83
-3.6548e-06,7.7566e-05,-13342,754.55
-3.6554e-06,7.7521e-05,-13342,754.27
-3.6559e-06,7.7477e-05,-13342,753.99
-3.6565e-06,7.7432e-05,-13342,753.71
-3.6571e-06,7.7388e-05,-13342,753.43
-3.6577e-06,7.7344e-05,-13342,753.15
-3.6583e-06,7.73e-05,-13342,752.88
-3.6588e-06,7.7257e-05,-13341,752.6
-3.6587e-06,7.7221e-05,-13340,752.33
-3.6579e-06,7.7207e-05,-13339,752.05
-3.657e-06,7.72e-05,-13339,751.78
-3.6562e-06,7.7193e-05,-13339,751.51
-3.6553e-06,7.7186e-05,-13339,751.25
-3.6544e-06,7.7179e-05,-13339,750.97
-3.6536e-06,7.7172e-05,-13339,750.71
-3.6527e-06,7.7165e-05,-13339,750.44
-3.6518e-06,7.7159e-05,-13339,750.17
-3.651e-06,7.7152e-05,-13339,749.91
-3.6501e-06,7.7145e-05,-13339,749.64
-3.6492e-06,7.7139e-05,-13339,749.38
-3.6484e-06,7.7133e-05,-13339,749.12
-3.6475e-06,7.7126e-05,-13339,748.86
-3.6468e-06,7.712e-05,-13340,748.6
-3.6462e-06,7.7106e-05,-13340,748.34
-3.646e-06,7.7092e-05,-13341,748.08
-3.6462e-06,7.706e-05,-13341,747.82
-3.6468e-06,7.7026e-05,-13342,747.56
-3.6479e-06,7.6974e-05,-13342,747.3
-3.6489e-06,7.6921e-05,-13342,747.05
-3.6499e-06,7.6869e-05,-13342,746.79
-3.6509e-06,7.6816e-05,-13342,746.53
-3.652e-06,7.6764e-05,-13342,746.28
-3.6534e-06,7.6709e-05,-13344,746
-3.6551e-06,7.6612e-05,-13343,745.53
-3.655e-06,7.6527e-05,-13338,745.01
-3.6531e-06,7.6537e-05,-13340,744.65
-3.6537e-06,7.649e-05,-13730,719.87
-3.655e-06,7.6408e-05,-13843,711.17
-3.6562e-06,7.6327e-05,-13831,711.54
-3.6574e-06,7.6248e-05,-13818,712.01
-3.6585e-06,7.6171e-05,-13800,712.75
-3.6595e-06,7.6096e-05,-13777,713.91
-3.5789e-06,7.5531e-05,-13024,737.71
-2.7373e-06,-3.5487e-05,-11888,-435.13
