-8.7328e-06,-0.0020206,-23396,-14601
-1.2533e-05,-0.0014869,-29505,-11511
-1.2454e-05,-0.00089997,-36184,-7067
-1.1636e-05,-0.00045487,-42215,-3383.9
-1.1926e-05,-0.00016618,-45568,-1186.1
-1.246e-05,4.0936e-05,-47343,274.54
-1.252e-05,0.00013813,-47456,960.69
-1.2589e-05,0.00019241,-47647,1344.7
-1.2623e-05,0.00019551,-47770,1366.7
-1.2569e-05,0.00018147,-47591,1266.8
-1.2479e-05,0.00014674,-47292,1021.6
-1.2375e-05,0.00010253,-46947,709.55
-1.2256e-05,5.9186e-05,-46546,403.63
-1.2136e-05,1.5065e-05,-46140,92.254
-1.2048e-05,-2.674e-05,-45853,-202.8
-1.202e-05,-4.7998e-05,-45773,-352.86
-1.2035e-05,-4.741e-05,-45828,-348.73
-1.2066e-05,-3.3201e-05,-45928,-248.44
-1.2099e-05,-2.1216e-05,-46043,-163.86
-1.2142e-05,-1.7408e-06,-46184,-26.408
-1.2189e-05,1.7184e-05,-46338,107.16
-1.2228e-05,3.6925e-05,-46466,246.49
-1.227e-05,5.3223e-05,-46603,361.52
-1.2322e-05,7.3795e-05,-46780,506.7
-1.2376e-05,8.3683e-05,-46971,576.45
-1.2378e-05,9.903e-05,-46962,684.8
-1.2389e-05,0.00010726,-46994,742.91
-1.2387e-05,0.00012015,-46973,833.9
-1.2396e-05,0.00012456,-47002,865.02
-1.2394e-05,0.00013407,-46982,932.18
-1.2423e-05,0.00013813,-47087,960.82
-1.2409e-05,0.00014803,-47024,1030.7
-1.2438e-05,0.00015651,-47125,1090.6
-1.2476e-05,0.00016252,-47264,1133
-1.2458e-05,0.00016735,-47187,1167.1
-1.2456e-05,0.00017712,-47166,1236.2
-1.2463e-05,0.00017368,-47200,1211.9
-1.2478e-05,0.00017388,-47256,1213.2
-1.242e-05,0.00016988,-47042,1185
-1.2381e-05,0.00016795,-46896,1171.4
-1.2353e-05,0.00015738,-46799,1096.8
-1.2343e-05,0.0001554,-46764,1082.8
-1.2338e-05,0.00015389,-46745,1072.2
-1.2327e-05,0.00015235,-46706,1061.3
-1.232e-05,0.00014774,-46686,1028.8
-1.2308e-05,0.00014831,-46639,1032.8
-1.2299e-05,0.00014479,-46610,1008
-1.2305e-05,0.0001461,-46631,1017.2
-1.2311e-05,0.00014913,-46652,1038.6
-1.2305e-05,0.00014887,-46626,1036.8
-1.2301e-05,0.00014456,-46617,1006.4
-1.2307e-05,0.00014677,-46636,1022
-1.2309e-05,0.0001488,-46642,1036.3
-1.2298e-05,0.00014652,-46604,1020.2
-1.2288e-05,0.00013956,-46574,971.1
-1.2269e-05,0.0001364,-46506,948.75
-1.226e-05,0.00012807,-46479,889.99
-1.2266e-05,0.00012571,-46504,873.29
-1.2282e-05,0.000122,-46569,847.12
-1.2298e-05,0.00012235,-46630,849.59
-1.2313e-05,0.00011991,-46692,832.3
-1.2265e-05,0.00011845,-46510,822.06
-1.2245e-05,0.00011738,-46438,814.53
-1.2247e-05,0.00011571,-46444,802.76
-1.2272e-05,0.00011115,-46544,770.53
-1.2294e-05,0.00010855,-46631,752.12
-1.2255e-05,0.00010425,-46488,721.79
-1.228e-05,0.00010309,-46586,713.56
-1.2315e-05,9.7619e-05,-46725,674.92
-1.229e-05,9.3671e-05,-46634,647.07
-1.2292e-05,9.065e-05,-46646,625.74
-1.2311e-05,9.263e-05,-46716,639.7
-1.2328e-05,9.3365e-05,-46779,644.86
-1.235e-05,9.6622e-05,-46858,667.84
-1.2347e-05,9.7853e-05,-46845,676.53
-1.2364e-05,9.7126e-05,-46914,671.38
-1.2347e-05,9.4805e-05,-46851,655.01
-1.2353e-05,9.6268e-05,-46871,665.34
-1.2357e-05,9.9524e-05,-46882,688.32
-1.2357e-05,9.9337e-05,-46883,687
-1.2362e-05,0.00010043,-46900,694.69
-1.2356e-05,0.00010232,-46875,708.07
-1.2337e-05,9.4128e-05,-46811,650.24
-1.2309e-05,8.4235e-05,-46716,580.43
-1.2265e-05,6.705e-05,-46568,459.14
-1.2215e-05,4.6568e-05,-46404,314.59
-1.2169e-05,2.3229e-05,-46255,149.86
-1.2115e-05,3.9327e-06,-46072,13.682
-1.206e-05,-2.2401e-05,-45892,-172.19
-1.2014e-05,-4.4717e-05,-45747,-329.69
-1.2016e-05,-6.1925e-05,-45772,-451.19
-1.197e-05,-7.9239e-05,-45618,-573.38
-1.1905e-05,-9.884e-05,-45395,-711.69
-1.1855e-05,-0.00011013,-45217,-791.34
-1.18e-05,-0.00012785,-45028,-916.41
-1.1754e-05,-0.00013998,-44869,-1002
-1.172e-05,-0.00015449,-44754,-1104.4
-1.1692e-05,-0.00016596,-44661,-1185.4
-1.1645e-05,-0.00017919,-44490,-1279.4
-1.1667e-05,-0.00018602,-44573,-1328.2
-1.1608e-05,-0.00019354,-44342,-1382.2
-1.1586e-05,-0.00020019,-44252,-1430.1
-1.1624e-05,-0.00020879,-44384,-1492.5
-1.1568e-05,-0.00021274,-44162,-1521.2
-1.1547e-05,-0.00021911,-44066,-1567.8
-1.1544e-05,-0.00022344,-44042,-1599.5
-1.1548e-05,-0.00021569,-44071,-1543.2
-1.1549e-05,-0.00021179,-44080,-1515
-1.155e-05,-0.00020634,-44094,-1475.5
-1.1551e-05,-0.00020137,-44101,-1439.6
-1.1559e-05,-0.00019666,-44138,-1405.6
-1.1572e-05,-0.00018975,-44196,-1355.8
-1.1606e-05,-0.00018213,-44334,-1301
-1.1636e-05,-0.00017553,-44446,-1253.8
-1.1656e-05,-0.00016997,-44522,-1214
-1.1619e-05,-0.00016283,-44380,-1163.3
-1.163e-05,-0.00015621,-44417,-1116.4
-1.1639e-05,-0.00015061,-44443,-1076.9
-1.1654e-05,-0.00014878,-44499,-1064
-1.17e-05,-0.00013854,-44659,-991.76
-1.173e-05,-0.00013618,-44772,-975.16
-1.1697e-05,-0.00012924,-44636,-926.1
-1.1706e-05,-0.00012795,-44671,-917.01
-1.1718e-05,-0.0001262,-44714,-904.67
-1.1773e-05,-0.00012303,-44921,-882.33
-1.1804e-05,-0.00011489,-45028,-824.92
-1.1756e-05,-0.00011719,-44847,-841.06
-1.178e-05,-0.00010992,-44930,-789.75
-1.1821e-05,-0.00010827,-45084,-778.19
-1.1848e-05,-0.0001059,-45185,-761.49
-1.1851e-05,-0.00010538,-45197,-757.79
-1.18e-05,-0.00010389,-45000,-747.26
-1.1804e-05,-0.00010425,-45014,-749.8
-1.1851e-05,-0.00010238,-45192,-736.64
-1.189e-05,-9.4478e-05,-45331,-680.88
-1.1851e-05,-9.6039e-05,-45184,-691.85
-1.1912e-05,-9.0098e-05,-45409,-649.98
-1.1888e-05,-8.9495e-05,-45319,-645.69
-1.193e-05,-8.7593e-05,-45476,-632.31
-1.1899e-05,-8.1248e-05,-45351,-587.48
-1.1958e-05,-8.1971e-05,-45574,-592.65
-1.1963e-05,-7.699e-05,-45589,-557.49
-1.2002e-05,-7.1303e-05,-45729,-517.38
-1.2037e-05,-6.2429e-05,-45855,-454.77
-1.2029e-05,-5.7679e-05,-45818,-421.23
-1.2057e-05,-4.3327e-05,-45907,-319.93
-1.2065e-05,-3.5863e-05,-45930,-267.23
-1.2111e-05,-1.5806e-05,-46080,-125.68
-1.2157e-05,1.8067e-06,-46236,-1.3776
-1.2212e-05,2.4954e-05,-46417,161.99
-1.2285e-05,5.3708e-05,-46662,364.92
-1.2376e-05,9.1678e-05,-46963,632.9
-1.2473e-05,0.00013166,-47285,915.05
-1.2572e-05,0.00017952,-47614,1252.3
-1.2632e-05,0.00021571,-47787,1508.9
-1.2602e-05,0.00022092,-47673,1545.5
-1.2455e-05,0.000184,-47176,1283.2
-1.2247e-05,0.0001077,-46454,746.15
-1.2051e-05,3.281e-05,-45797,217.64
-1.1867e-05,-3.4748e-05,-45174,-259.13
-1.1698e-05,-0.00010103,-44609,-726.88
-1.1564e-05,-0.00015575,-44161,-1113.1
-1.1595e-05,-0.00020987,-44352,-1495.1
-1.0822e-05,-0.00020949,-41399,-1492.4
-1.0228e-05,-0.0002031,-39178,-1443.6
-9.5855e-06,-0.00019743,-36792,-1399
-9.0029e-06,-0.00019912,-34629,-1407.6
-8.6033e-06,-0.00020347,-33161,-1435.5
-5.911e-06,-0.00018957,-22853,-1339.8
-8.4817e-06,0.00010756,-32133,749.52
-1.0416e-05,0.00044624,-36345,3307.8
-1.0685e-05,0.00046674,-37086,3468.3
-1.0513e-05,0.00047444,-36207,3535.1
-9.9581e-06,0.00038251,-35613,2802.6
-9.4907e-06,0.00028981,-35022,2082.7
-9.177e-06,0.00019492,-34538,1374.9
-9.0358e-06,0.00010839,-34240,754.75
-9.0283e-06,0.00010566,-34215,735.53
-9.0206e-06,0.00010295,-34189,716.37
-9.0125e-06,0.00010024,-34161,697.26
-9.0057e-06,9.7681e-05,-34138,679.2
-9e-06,9.6194e-05,-34118,668.7
-8.9939e-06,9.4725e-05,-34097,658.33
-8.9886e-06,9.3236e-05,-34078,647.83
-8.9844e-06,9.1732e-05,-34064,637.21
-8.9805e-06,9.0213e-05,-34051,626.49
-8.9768e-06,8.8687e-05,-34038,615.73
-8.9731e-06,8.7143e-05,-34026,604.83
-8.9695e-06,8.5613e-05,-34014,594.03
-8.9659e-06,8.4084e-05,-34002,583.24
-8.9623e-06,8.2552e-05,-33990,572.43
-8.9587e-06,8.1007e-05,-33978,561.52
-8.9551e-06,7.9477e-05,-33966,550.73
-8.9515e-06,7.7948e-05,-33955,539.93
-8.9478e-06,7.6416e-05,-33943,529.12
-8.9442e-06,7.4871e-05,-33931,518.21
-8.9406e-06,7.3341e-05,-33919,507.42
-8.937e-06,7.1811e-05,-33907,496.62
-8.9334e-06,7.0281e-05,-33895,485.82
-8.9298e-06,6.8749e-05,-33883,475.01
-8.9262e-06,6.7204e-05,-33871,464.11
-8.9225e-06,6.5674e-05,-33859,453.31
-8.9185e-06,6.4146e-05,-33845,442.52
-8.9139e-06,6.264e-05,-33830,431.89
-8.9094e-06,6.1121e-05,-33814,421.18
-8.9049e-06,5.9617e-05,-33799,410.56
-8.9004e-06,5.8113e-05,-33783,399.95
-8.8958e-06,5.6607e-05,-33768,389.32
-8.8913e-06,5.5088e-05,-33752,378.6
-8.8867e-06,5.3584e-05,-33737,367.99
-8.8822e-06,5.2079e-05,-33721,357.37
-8.8777e-06,5.0573e-05,-33706,346.74
-8.8731e-06,4.9054e-05,-33690,336.02
-8.8686e-06,4.755e-05,-33675,325.4
-8.8641e-06,4.6045e-05,-33659,314.79
-8.8596e-06,4.4541e-05,-33644,304.17
-8.855e-06,4.3035e-05,-33628,293.54
-8.8505e-06,4.1515e-05,-33613,282.82
-8.8459e-06,4.001e-05,-33597,272.2
-8.8414e-06,3.8506e-05,-33582,261.59
-8.8369e-06,3.6999e-05,-33566,250.95
-8.8323e-06,3.548e-05,-33551,240.23
-8.8278e-06,3.3975e-05,-33535,229.61
-8.8233e-06,3.247e-05,-33520,218.99
-8.8192e-06,3.0958e-05,-33506,208.32
-8.8154e-06,2.9419e-05,-33493,197.46
-8.8116e-06,2.7892e-05,-33481,186.68
-8.8079e-06,2.6365e-05,-33468,175.9
-8.8041e-06,2.4835e-05,-33456,165.11
-8.8004e-06,2.3292e-05,-33443,154.22
-8.7966e-06,2.1765e-05,-33431,143.44
-8.7929e-06,2.0237e-05,-33418,132.66
-8.7892e-06,1.8709e-05,-33406,121.88
-8.7854e-06,1.7179e-05,-33394,111.08
-8.7816e-06,1.5636e-05,-33381,100.19
-8.7779e-06,1.4108e-05,-33369,89.404
-8.7742e-06,1.2581e-05,-33356,78.622
-8.7704e-06,1.1051e-05,-33344,67.826
-8.7666e-06,9.5079e-06,-33331,56.937
-8.7627e-06,7.9848e-06,-33318,46.188
-8.7586e-06,6.4623e-06,-33304,35.443
-8.7543e-06,4.9486e-06,-33289,24.761
-8.7497e-06,3.4222e-06,-33274,13.99
-8.745e-06,1.9232e-06,-33257,3.4118
-8.7402e-06,4.2419e-07,-33241,-7.1663
-8.7354e-06,-1.0768e-06,-33225,-17.758
-8.7307e-06,-2.5909e-06,-33208,-28.443
-8.7259e-06,-4.09e-06,-33192,-39.021
-8.7193e-06,-5.7257e-06,-33169,-50.562
-8.7108e-06,-8.4162e-06,-33140,-69.548
-8.7629e-06,-6.1318e-06,-33335,-53.48
-8.8755e-06,3.4817e-05,-33716,235.5
-8.9863e-06,7.5757e-05,-34090,524.41
-9.1302e-06,0.00011923,-34587,831.16
-9.2317e-06,0.00017843,-35099,1236.7
-9.2126e-06,0.0001842,-35030,1277.1
-9.0086e-06,0.00014951,-34238,1034.9
-8.1809e-06,-6.7495e-06,-31123,-57.183
-8.6737e-06,-0.00040745,-30490,-3065.2
-7.7193e-06,-0.001084,-12497,-8630.2
