0.00044721,-0.013415,-95887,-20143
-1.7764e-05,-0.0033107,-1.1043e+05,-20539
-2.7992e-05,-0.0013629,-93746,-10460
-2.8041e-05,-0.00041,-1.0706e+05,-2932.5
-2.9212e-05,8.4238e-05,-1.1101e+05,560.8
-2.9597e-05,0.00038638,-1.1226e+05,2684.8
-2.9819e-05,0.00045909,-1.1322e+05,3184.1
-2.9768e-05,0.00047155,-1.1255e+05,3304.2
-2.9659e-05,0.00038916,-1.1236e+05,2713.4
-2.9517e-05,0.00031413,-1.119e+05,2183.8
-2.9286e-05,0.00025268,-1.111e+05,1750.2
-2.9123e-05,0.00019292,-1.1054e+05,1328.4
-2.8974e-05,0.00013406,-1.1005e+05,912.9
-2.884e-05,8.5076e-05,-1.096e+05,567.2
-2.875e-05,3.9353e-05,-1.0931e+05,244.45
-2.8754e-05,2.3967e-05,-1.0934e+05,135.8
-2.8843e-05,5.1651e-05,-1.0965e+05,331.18
-2.8961e-05,0.00010639,-1.1003e+05,717.52
-2.9066e-05,0.0001498,-1.1038e+05,1023.9
-2.917e-05,0.00020158,-1.1072e+05,1389.4
-2.9262e-05,0.00024031,-1.1102e+05,1662.8
-2.9337e-05,0.0002779,-1.1126e+05,1928.1
-2.9422e-05,0.00030981,-1.1155e+05,2153.4
-2.952e-05,0.00035531,-1.1187e+05,2474.6
-2.9612e-05,0.00039131,-1.1218e+05,2728.7
-2.9705e-05,0.00044285,-1.1253e+05,3088.3
-2.9802e-05,0.00048093,-1.1283e+05,3358.9
-2.9868e-05,0.00052734,-1.1294e+05,3693.7
-2.9952e-05,0.00054583,-1.1315e+05,3829.9
-2.9974e-05,0.00057226,-1.1310e+05,4023.6
-2.9977e-05,0.0005685,-1.1316e+05,3994.3
-2.9975e-05,0.00057604,-1.1315e+05,4046.6
-2.9974e-05,0.00056955,-1.1326e+05,3993.9
-2.9981e-05,0.00057564,-1.133e+05,4035.1
-2.9993e-05,0.00057147,-1.1342e+05,4001
-3.0004e-05,0.00058935,-1.1349e+05,4124
-3.0029e-05,0.00058711,-1.1363e+05,4105.4
-3.0089e-05,0.00061661,-1.1376e+05,4317.8
-3.0161e-05,0.00063452,-1.1394e+05,4449.4
-3.0171e-05,0.00066672,-1.1382e+05,4684.6
-3.0165e-05,0.00065693,-1.1388e+05,4611.6
-3.017e-05,0.00066601,-1.1389e+05,4675.6
-3.014e-05,0.00065515,-1.139e+05,4591.5
-3.0099e-05,0.00065562,-1.1374e+05,4595.4
-3.0069e-05,0.0006362,-1.1375e+05,4451.2
-3.0036e-05,0.0006398,-1.1366e+05,4474.2
-3.0039e-05,0.00062955,-1.1379e+05,4395.1
-3.0067e-05,0.00063762,-1.1389e+05,4452.3
-3.0044e-05,0.00063216,-1.139e+05,4407.4
-3.0021e-05,0.00063604,-1.1382e+05,4434.5
-3.001e-05,0.0006285,-1.138e+05,4380.5
-3.0028e-05,0.00064822,-1.137e+05,4529.8
-3.0048e-05,0.00064907,-1.1379e+05,4534.6
-3.0026e-05,0.00063933,-1.137e+05,4466.6
-2.9945e-05,0.00059678,-1.1359e+05,4155
-2.9811e-05,0.00055936,-1.1319e+05,3886.2
-2.9647e-05,0.00048279,-1.1264e+05,3344.7
-2.9523e-05,0.00041559,-1.1197e+05,2888.8
-2.9348e-05,0.00031508,-1.1126e+05,2190.7
-2.9264e-05,0.0002636,-1.11e+05,1827.3
-2.9251e-05,0.00024744,-1.1097e+05,1713.2
-2.9317e-05,0.0002611,-1.1121e+05,1809.6
-2.9489e-05,0.00031804,-1.118e+05,2211.1
-2.9635e-05,0.0004124,-1.124e+05,2866.2
-2.9727e-05,0.00045936,-1.1277e+05,3192.9
-2.9779e-05,0.00049542,-1.1287e+05,3451.7
-2.9776e-05,0.0004934,-1.1286e+05,3437.7
-2.9749e-05,0.00049408,-1.1273e+05,3444.1
-2.9662e-05,0.00045782,-1.1243e+05,3188.7
-2.957e-05,0.00041026,-1.1202e+05,2860.3
-2.9492e-05,0.00036467,-1.1175e+05,2540.6
-2.9381e-05,0.00032848,-1.1139e+05,2283.7
-2.9272e-05,0.00027572,-1.1102e+05,1912.4
-2.916e-05,0.00023139,-1.1064e+05,1600
-2.9058e-05,0.0001804,-1.1031e+05,1240
-2.8942e-05,0.00013787,-1.0992e+05,939.84
-2.884e-05,8.5062e-05,-1.0959e+05,567.1
-2.876e-05,4.7513e-05,-1.0933e+05,302.05
-2.868e-05,1.3463e-05,-1.0907e+05,61.717
-2.8606e-05,-1.9472e-05,-1.0883e+05,-170.75
-2.8549e-05,-5.0426e-05,-1.0864e+05,-389.25
-2.8483e-05,-7.183e-05,-1.0842e+05,-540.3
-2.8413e-05,-0.00010642,-1.0819e+05,-784.43
-2.8338e-05,-0.00013527,-1.0794e+05,-988.1
-2.8234e-05,-0.00017761,-1.076e+05,-1286.9
-2.8126e-05,-0.00022277,-1.0724e+05,-1605.7
-2.8033e-05,-0.00027214,-1.0694e+05,-1954.1
-2.7933e-05,-0.0003076,-1.066e+05,-2204.4
-2.7842e-05,-0.00035595,-1.0632e+05,-2545.7
-2.7756e-05,-0.00039086,-1.0607e+05,-2788.7
-2.7681e-05,-0.00042239,-1.0586e+05,-3008.8
-2.7628e-05,-0.00044915,-1.0568e+05,-3198.4
-2.7595e-05,-0.00047434,-1.0552e+05,-3381.7
-2.7563e-05,-0.00048551,-1.0538e+05,-3462.8
-2.7539e-05,-0.00050632,-1.0518e+05,-3618.6
-2.7509e-05,-0.00051597,-1.0504e+05,-3689.4
-2.7485e-05,-0.00053261,-1.05e+05,-3804.7
-2.7443e-05,-0.00054167,-1.0484e+05,-3869.3
-2.7427e-05,-0.00055604,-1.0476e+05,-3975.2
-2.7432e-05,-0.00055808,-1.0474e+05,-3993.5
-2.7415e-05,-0.00055886,-1.0479e+05,-3992.2
-2.7417e-05,-0.00055924,-1.0493e+05,-3987.6
-2.742e-05,-0.00056866,-1.0474e+05,-4067.8
-2.7407e-05,-0.00056545,-1.0476e+05,-4041.1
-2.7398e-05,-0.00056605,-1.0478e+05,-4042.7
-2.7409e-05,-0.00055703,-1.0484e+05,-3976.1
-2.7364e-05,-0.00055027,-1.0501e+05,-3906
-2.7345e-05,-0.00054208,-1.0492e+05,-3848.2
-2.738e-05,-0.00053228,-1.0543e+05,-3752.3
-2.7343e-05,-0.00052462,-1.0573e+05,-3667
-2.7347e-05,-0.0005165,-1.0566e+05,-3613.8
-2.7344e-05,-0.00050385,-1.06e+05,-3495.8
-2.738e-05,-0.00049038,-1.0593e+05,-3412.6
-2.7425e-05,-0.00047754,-1.0591e+05,-3333.1
-2.7488e-05,-0.0004701,-1.0603e+05,-3287.7
-2.7516e-05,-0.00045455,-1.0591e+05,-3191.6
-2.7572e-05,-0.00044289,-1.0597e+05,-3118.7
-2.759e-05,-0.00043255,-1.0591e+05,-3053.3
-2.7637e-05,-0.0004322,-1.0608e+05,-3051.5
-2.7666e-05,-0.00040983,-1.0597e+05,-2907.3
-2.7714e-05,-0.00040899,-1.0615e+05,-2901.6
-2.7771e-05,-0.00038916,-1.0622e+05,-2769.9
-2.7753e-05,-0.0003871,-1.0615e+05,-2755.6
-2.78e-05,-0.00037904,-1.0631e+05,-2699.9
-2.7867e-05,-0.00036672,-1.0651e+05,-2615.5
-2.7933e-05,-0.00034398,-1.0669e+05,-2458.3
-2.7973e-05,-0.00034105,-1.0683e+05,-2438.1
-2.7983e-05,-0.0003199,-1.0682e+05,-2290.5
-2.7989e-05,-0.00031487,-1.0683e+05,-2255
-2.7989e-05,-0.00030798,-1.0682e+05,-2206.7
-2.7995e-05,-0.00030701,-1.0684e+05,-2199.8
-2.8001e-05,-0.00029757,-1.0685e+05,-2133.5
-2.8003e-05,-0.00029824,-1.0686e+05,-2138.1
-2.8017e-05,-0.00029392,-1.0691e+05,-2107.7
-2.8017e-05,-0.00028769,-1.069e+05,-2063.8
-2.8013e-05,-0.00029468,-1.0689e+05,-2113.1
-2.7997e-05,-0.00029415,-1.0683e+05,-2109.6
-2.7971e-05,-0.00030845,-1.0675e+05,-2210.5
-2.7974e-05,-0.00031444,-1.0677e+05,-2252.8
-2.7957e-05,-0.00030833,-1.0669e+05,-2209.6
-2.7933e-05,-0.00032824,-1.0663e+05,-2350.2
-2.7952e-05,-0.00032539,-1.067e+05,-2330.1
-2.7995e-05,-0.0003099,-1.0684e+05,-2220.7
-2.8026e-05,-0.00029061,-1.0694e+05,-2084.6
-2.8065e-05,-0.00028179,-1.0708e+05,-2022.4
-2.8125e-05,-0.00025169,-1.0727e+05,-1809.9
-2.8191e-05,-0.00023202,-1.075e+05,-1671.1
-2.8312e-05,-0.00018202,-1.079e+05,-1318.2
-2.8447e-05,-0.00013081,-1.0835e+05,-956.74
-2.8614e-05,-6.2975e-05,-1.0891e+05,-477.94
-2.8841e-05,2.7717e-05,-1.0967e+05,162.18
-2.9135e-05,0.00014587,-1.1064e+05,996.13
-2.9461e-05,0.00028064,-1.1173e+05,1947.4
-2.9801e-05,0.00044283,-1.1292e+05,3086.2
-3.0081e-05,0.00057306,-1.1337e+05,4038.4
-3.0118e-05,0.00061402,-1.1319e+05,4345.9
-2.9964e-05,0.00059688,-1.1322e+05,4185.5
-2.9817e-05,0.0005724,-1.1308e+05,3984.6
-2.9759e-05,0.00052235,-1.1285e+05,3635.7
-2.9569e-05,0.00045867,-1.1209e+05,3193.3
-2.9226e-05,0.00035456,-1.1075e+05,2469.6
-2.8823e-05,0.0002018,-1.094e+05,1391.4
-2.8461e-05,6.3106e-05,-1.0818e+05,412.45
-2.8141e-05,-5.9343e-05,-1.071e+05,-451.8
-2.7758e-05,-0.00016355,-1.0577e+05,-1187.2
-2.7429e-05,-0.00026388,-1.0464e+05,-1895.2
-2.7239e-05,-0.00035793,-1.0402e+05,-2559.1
-2.6965e-05,-0.00045027,-1.027e+05,-3238.2
-2.9591e-05,-0.00051794,-1.1251e+05,-3736.4
-3.027e-05,-0.00052707,-1.1566e+05,-3764.6
-3.1464e-05,-1.5085e-05,-1.1969e+05,-143
-3.2372e-05,0.00032014,-1.2276e+05,2222.9
-3.2881e-05,0.00060781,-1.2388e+05,4289.8
-3.2803e-05,0.00056508,-1.239e+05,3968.6
-3.2763e-05,0.00055251,-1.2368e+05,3884.4
-3.2673e-05,0.00053901,-1.2341e+05,3784.7
-3.179e-05,0.00056464,-1.2135e+05,3877.4
-3.2382e-05,0.00052439,-1.2332e+05,3613
-3.2404e-05,0.00051082,-1.2327e+05,3526.6
-3.2378e-05,0.00049785,-1.231e+05,3440.8
-3.2355e-05,0.00048607,-1.229e+05,3365.9
-3.2347e-05,0.0004789,-1.2282e+05,3320
-3.2327e-05,0.00047205,-1.227e+05,3274.8
-3.2308e-05,0.00046504,-1.2256e+05,3230.5
-3.2328e-05,0.00045788,-1.2259e+05,3184.5
-3.2329e-05,0.00044943,-1.2254e+05,3128.8
-3.2313e-05,0.00044241,-1.2246e+05,3081.7
-3.2337e-05,0.00043502,-1.2253e+05,3031.4
-3.2336e-05,0.00042645,-1.2252e+05,2972.4
-3.2319e-05,0.00041951,-1.2245e+05,2924
-3.2298e-05,0.00041262,-1.2237e+05,2875.7
-3.2276e-05,0.00040577,-1.2229e+05,2827.7
-3.2254e-05,0.00039897,-1.2222e+05,2779.7
-3.2232e-05,0.00039219,-1.2214e+05,2731.8
-3.2209e-05,0.00038544,-1.2206e+05,2684.2
-3.2186e-05,0.00037863,-1.2198e+05,2636.2
-3.2165e-05,0.00037185,-1.2191e+05,2588.3
-3.2143e-05,0.00036508,-1.2184e+05,2540.5
-3.2124e-05,0.00035824,-1.2177e+05,2492.3
-3.2106e-05,0.00035134,-1.2171e+05,2443.5
-3.2088e-05,0.00034437,-1.2165e+05,2394.3
-3.2069e-05,0.00033747,-1.2159e+05,2345.7
-3.2051e-05,0.00033058,-1.2152e+05,2297
-3.2031e-05,0.0003237,-1.2146e+05,2248.5
-3.2012e-05,0.00031676,-1.2139e+05,2199.5
-3.1993e-05,0.00030989,-1.2133e+05,2151
-3.1974e-05,0.00030302,-1.2126e+05,2102.5
-3.1955e-05,0.00029614,-1.212e+05,2054
-3.1935e-05,0.0002892,-1.2113e+05,2005
-3.1916e-05,0.00028233,-1.2107e+05,1956.5
-3.1897e-05,0.00027546,-1.21e+05,1908
-3.1878e-05,0.00026859,-1.2094e+05,1859.5
-3.1859e-05,0.00026165,-1.2087e+05,1810.5
-3.184e-05,0.00025478,-1.2081e+05,1762
-3.182e-05,0.00024791,-1.2074e+05,1713.5
-3.1801e-05,0.00024104,-1.2068e+05,1665
-3.1782e-05,0.00023416,-1.2061e+05,1616.5
-3.1763e-05,0.00022722,-1.2055e+05,1567.5
-3.1744e-05,0.00022035,-1.2048e+05,1519
-3.1725e-05,0.00021348,-1.2042e+05,1470.6
-3.1705e-05,0.00020661,-1.2035e+05,1422
-3.1686e-05,0.00019967,-1.2029e+05,1373
-3.1667e-05,0.0001928,-1.2022e+05,1324.6
-3.1648e-05,0.00018593,-1.2016e+05,1276.1
-3.1629e-05,0.00017905,-1.2009e+05,1227.5
-3.1611e-05,0.00017209,-1.2003e+05,1178.4
-3.1592e-05,0.0001652,-1.1997e+05,1129.8
-3.1574e-05,0.00015831,-1.1991e+05,1081.1
-3.1555e-05,0.00015141,-1.1985e+05,1032.4
-3.1537e-05,0.00014445,-1.1978e+05,983.31
-3.1519e-05,0.00013756,-1.1972e+05,934.67
-3.15e-05,0.00013067,-1.1966e+05,886.04
-3.1482e-05,0.00012378,-1.196e+05,837.4
-3.1464e-05,0.00011688,-1.1954e+05,788.7
-3.1445e-05,0.00010992,-1.1947e+05,739.58
-3.1427e-05,0.00010303,-1.1941e+05,690.95
-3.1408e-05,9.6135e-05,-1.1935e+05,642.31
-3.139e-05,8.9236e-05,-1.1929e+05,593.62
-3.1371e-05,8.2277e-05,-1.1923e+05,544.49
-3.1353e-05,7.5391e-05,-1.1916e+05,495.89
-3.1334e-05,6.8506e-05,-1.191e+05,447.3
-3.1315e-05,6.1623e-05,-1.1904e+05,398.72
-3.1296e-05,5.468e-05,-1.1897e+05,349.72
-3.1276e-05,4.7819e-05,-1.1890e+05,301.29
-3.1257e-05,4.0957e-05,-1.1884e+05,252.87
-3.1238e-05,3.4087e-05,-1.1877e+05,204.38
-3.1218e-05,2.7157e-05,-1.1871e+05,155.46
-3.1199e-05,2.0296e-05,-1.1864e+05,107.04
-3.1172e-05,1.2812e-05,-1.1855e+05,54.224
-3.1137e-05,4.9399e-07,-1.1843e+05,-32.712
-3.1103e-05,-1.1831e-05,-1.1832e+05,-119.7
-3.107e-05,-2.4214e-05,-1.1820e+05,-207.1
-3.1036e-05,-3.6561e-05,-1.1809e+05,-294.24
-3.1002e-05,-4.8887e-05,-1.1797e+05,-381.24
-3.0967e-05,-6.1213e-05,-1.1786e+05,-468.24
-3.0932e-05,-7.3588e-05,-1.1774e+05,-555.58
-3.069e-05,-0.00010359,-1.1685e+05,-767.12
-2.9792e-05,-0.00032531,-1.137e+05,-2331.2
-3.0257e-05,-0.00099658,-1.0895e+05,-7521.2
8.5477e-05,-0.0042565,64695,-16025
