-1.2907e-05,-0.000697,-59406,-8160.6
-1.2858e-05,-0.00062111,-59435,-7246.8
-1.2877e-05,-0.00051014,-59618,-5921.9
-1.3045e-05,-0.00039689,-59918,-4598
-1.3444e-05,-0.00027996,-60331,-3281.7
-1.3975e-05,-0.00015991,-60264,-1994.2
-1.4349e-05,-6.82e-05,-59924,-1021.1
-1.4565e-05,-1.7069e-05,-59764,-478.78
-1.4689e-05,1.4153e-05,-59637,-147.46
-1.4758e-05,3.0245e-05,-59588,23.232
-1.4784e-05,3.9539e-05,-59508,122.08
-1.4785e-05,3.974e-05,-59508,124.2
-1.4752e-05,3.8361e-05,-59402,110.12
-1.4686e-05,2.4977e-05,-59402,-31.64
-1.4619e-05,1.1408e-05,-59404,-175.36
-1.4564e-05,-3.0035e-06,-59473,-328.35
-1.4528e-05,-1.2436e-05,-59522,-428.51
-1.45e-05,-1.8691e-05,-59534,-494.82
-1.448e-05,-2.4361e-05,-59567,-555.03
-1.4486e-05,-2.6371e-05,-59633,-576.65
-1.449e-05,-2.1807e-05,-59555,-527.93
-1.4477e-05,-2.5589e-05,-59581,-568.12
-1.4477e-05,-2.6796e-05,-59603,-581.01
-1.4476e-05,-2.6303e-05,-59588,-575.72
-1.4479e-05,-2.7235e-05,-59619,-585.74
-1.4484e-05,-2.4886e-05,-59595,-560.74
-1.4487e-05,-2.4905e-05,-59605,-560.99
-1.4483e-05,-2.3906e-05,-59572,-550.24
-1.4469e-05,-2.6669e-05,-59567,-579.49
-1.4452e-05,-3.0498e-05,-59575,-620.08
-1.4446e-05,-3.3455e-05,-59612,-651.58
-1.4451e-05,-3.2458e-05,-59613,-641.03
-1.4431e-05,-3.2932e-05,-59541,-645.69
-1.4422e-05,-4.0825e-05,-59663,-729.9
-1.4476e-05,-3.3701e-05,-59740,-654.82
-1.4502e-05,-1.7237e-05,-59513,-479.31
-1.4473e-05,-2.5453e-05,-59560,-566.57
-1.447e-05,-2.9056e-05,-59623,-605.05
-1.4492e-05,-2.5376e-05,-59635,-566.12
-1.4507e-05,-2.0036e-05,-59587,-509.33
-1.4501e-05,-1.9919e-05,-59560,-507.95
-1.4507e-05,-2.155e-05,-59619,-525.52
-1.4517e-05,-1.7015e-05,-59567,-477.23
-1.4514e-05,-1.8038e-05,-59578,-488.12
-1.4521e-05,-1.7294e-05,-59591,-480.31
-1.4536e-05,-1.4235e-05,-59588,-447.89
-1.4547e-05,-1.128e-05,-59572,-416.51
-1.4548e-05,-9.5498e-06,-59543,-398.04
-1.4533e-05,-1.1972e-05,-59531,-423.64
-1.4517e-05,-1.6182e-05,-59550,-468.32
-1.4513e-05,-1.8281e-05,-59580,-490.7
-1.4516e-05,-1.7816e-05,-59581,-485.78
-1.4498e-05,-1.8645e-05,-59522,-494.28
-1.4496e-05,-2.507e-05,-59645,-562.94
-1.4525e-05,-1.7777e-05,-59618,-485.56
-1.4586e-05,-1.0039e-05,-59706,-404.03
-1.461e-05,7.3318e-06,-59453,-218.78
-1.4605e-05,-3.5945e-07,-59588,-300.92
-1.4615e-05,5.6645e-06,-59507,-236.71
-1.4632e-05,4.4745e-06,-59599,-249.77
-1.4646e-05,1.2917e-05,-59484,-159.78
-1.4652e-05,1.0223e-05,-59564,-188.71
-1.4651e-05,1.5427e-05,-59453,-133.04
-1.465e-05,9.747e-06,-59568,-193.78
-1.4659e-05,1.5809e-05,-59479,-129.12
-1.467e-05,1.3628e-05,-59571,-152.69
-1.4694e-05,2.1554e-05,-59505,-68.41
-1.4707e-05,2.3307e-05,-59524,-49.929
-1.4702e-05,2.6296e-05,-59440,-17.85
-1.4714e-05,2.2271e-05,-59570,-61.137
-1.4731e-05,3.1981e-05,-59444,42.346
-1.474e-05,2.9316e-05,-59536,13.659
-1.4746e-05,3.5834e-05,-59426,83.243
-1.4747e-05,3.1351e-05,-59520,35.293
-1.4771e-05,3.7436e-05,-59496,99.861
-1.4819e-05,4.3662e-05,-59564,165.47
-1.4812e-05,5.5535e-05,-59294,292.57
-1.477e-05,3.978e-05,-59445,124.95
-1.4738e-05,3.7283e-05,-59367,98.879
-1.472e-05,2.6655e-05,-59507,-14.387
-1.471e-05,2.9198e-05,-59416,13.001
-1.4695e-05,2.172e-05,-59508,-66.657
-1.4681e-05,2.2765e-05,-59428,-55.189
-1.468e-05,1.6253e-05,-59557,-124.81
-1.4687e-05,2.2834e-05,-59451,-54.579
-1.47e-05,1.9541e-05,-59573,-90.066
-1.4739e-05,3.0248e-05,-59510,23.652
-1.479e-05,3.7194e-05,-59579,96.885
-1.4799e-05,5.0604e-05,-59345,240.09
-1.4784e-05,4.0781e-05,-59483,135.36
-1.477e-05,4.3716e-05,-59363,167.04
-1.4756e-05,3.4348e-05,-59499,67.141
-1.4754e-05,3.8107e-05,-59413,107.39
-1.4747e-05,3.2358e-05,-59500,46.053
-1.4737e-05,3.4793e-05,-59413,72.278
-1.4728e-05,2.8125e-05,-59512,1.1652
-1.4713e-05,3.0481e-05,-59403,26.661
-1.4693e-05,2.1314e-05,-59506,-70.954
-1.4684e-05,2.2168e-05,-59453,-61.639
-1.4699e-05,1.893e-05,-59578,-96.56
-1.4713e-05,2.8657e-05,-59438,7.1606
-1.4706e-05,2.3273e-05,-59520,-50.272
-1.4711e-05,2.6393e-05,-59475,-16.999
-1.4709e-05,2.5615e-05,-59483,-25.282
-1.4676e-05,2.3928e-05,-59383,-42.646
-1.4643e-05,1.07e-05,-59517,-183.43
-1.4624e-05,9.8273e-06,-59459,-192.38
-1.4621e-05,3.2855e-06,-59578,-262.26
-1.4617e-05,8.2049e-06,-59464,-209.59
-1.4606e-05,1.3644e-06,-59556,-282.5
-1.4594e-05,3.1083e-06,-59474,-263.62
-1.4585e-05,-3.5747e-06,-59570,-334.89
-1.4571e-05,-1.6887e-06,-59474,-314.43
-1.4553e-05,-1.0133e-05,-59575,-404.38
-1.4545e-05,-8.9202e-06,-59519,-391.25
-1.4542e-05,-1.3434e-05,-59598,-439.45
-1.454e-05,-1.0389e-05,-59528,-406.85
-1.4516e-05,-1.5511e-05,-59532,-461.13
-1.4493e-05,-2.0614e-05,-59544,-515.24
-1.447e-05,-2.6364e-05,-59566,-576.25
-1.4477e-05,-2.9011e-05,-59650,-604.7
-1.4502e-05,-2.2073e-05,-59609,-531.02
-1.4487e-05,-2.0432e-05,-59514,-513.16
-1.4473e-05,-2.7952e-05,-59609,-593.29
-1.4477e-05,-2.6099e-05,-59590,-573.57
-1.4478e-05,-2.6721e-05,-59608,-580.24
-1.4485e-05,-2.5226e-05,-59604,-564.38
-1.4514e-05,-2.2573e-05,-59669,-536.61
-1.4529e-05,-1.3052e-05,-59538,-435.11
-1.4522e-05,-1.6761e-05,-59583,-474.62
-1.4519e-05,-1.5964e-05,-59554,-466.04
-1.4497e-05,-1.8869e-05,-59525,-496.66
-1.4488e-05,-2.4872e-05,-59608,-560.65
-1.4507e-05,-2.1615e-05,-59619,-526.21
-1.4505e-05,-1.7575e-05,-59530,-482.98
-1.4501e-05,-2.2388e-05,-59612,-534.36
-1.4499e-05,-1.9503e-05,-59546,-503.47
-1.4487e-05,-2.3778e-05,-59582,-548.94
-1.4498e-05,-2.3836e-05,-59630,-549.79
-1.447e-05,-2.0778e-05,-59454,-516.52
-1.4429e-05,-3.6122e-05,-59598,-679.76
-1.4443e-05,-3.6971e-05,-59673,-689.13
-1.447e-05,-2.9164e-05,-59625,-606.2
-1.4462e-05,-2.7221e-05,-59552,-585.25
-1.4438e-05,-3.3375e-05,-59576,-650.56
-1.4427e-05,-3.8125e-05,-59629,-701.14
-1.4438e-05,-3.674e-05,-59646,-686.54
-1.444e-05,-3.3351e-05,-59585,-650.35
-1.4433e-05,-3.6813e-05,-59628,-687.23
-1.4455e-05,-3.4749e-05,-59674,-665.6
-1.4497e-05,-2.5621e-05,-59661,-568.85
-1.454e-05,-1.5702e-05,-59636,-463.67
-1.4596e-05,-5.8884e-06,-59664,-359.86
-1.4681e-05,1.1348e-05,-59661,-177.28
-1.4761e-05,3.216e-05,-59565,43.633
-1.4808e-05,4.3707e-05,-59522,166.16
-1.4819e-05,4.9304e-05,-59450,225.79
-1.4806e-05,4.6764e-05,-59450,198.89
-1.4757e-05,4.2526e-05,-59336,154.57
-1.4671e-05,2.5271e-05,-59336,-28.187
-1.4538e-05,5.8287e-06,-59189,-233.39
-1.43e-05,-3.2923e-05,-59008,-642.94
-1.3941e-05,-9.5161e-05,-58808,-1301.2
-1.3444e-05,-0.00018452,-58604,-2246.2
-1.3039e-05,-0.0003038,-58975,-3540.8
-1.2866e-05,-0.00042502,-59314,-4922.6
-1.2854e-05,-0.00054307,-59529,-6313
-1.291e-05,-0.00065453,-59570,-7648.7
-2.7254e-06,-0.00063683,-12882,-7486.1
-3.5926e-06,5.5341e-05,-13526,518.94
-3.664e-06,7.8966e-05,-13369,769.06
-3.6614e-06,7.8975e-05,-13369,768.5
-3.6598e-06,7.8983e-05,-13372,767.95
-3.6591e-06,7.8943e-05,-13372,767.38
-3.6584e-06,7.8902e-05,-13372,766.82
-3.6577e-06,7.8861e-05,-13372,766.25
-3.6576e-06,7.8825e-05,-13373,765.8
-3.6545e-06,7.8868e-05,-13344,767.18
-3.6523e-06,7.8269e-05,-13344,760.97
-3.6559e-06,7.8737e-05,-13346,766.08
-3.6576e-06,7.8651e-05,-13347,765.54
-3.6604e-06,7.8578e-05,-13350,765.24
-3.6639e-06,7.8474e-05,-13350,764.9
-3.666e-06,7.8378e-05,-13346,764.56
-3.666e-06,7.8332e-05,-13343,764.29
-3.6654e-06,7.831e-05,-13342,763.98
-3.6645e-06,7.8295e-05,-13342,763.67
-3.6633e-06,7.8289e-05,-13342,763.36
-3.6622e-06,7.8284e-05,-13342,763.05
-3.6611e-06,7.8279e-05,-13342,762.74
-3.66e-06,7.8274e-05,-13342,762.44
-3.6589e-06,7.8269e-05,-13342,762.13
-3.6577e-06,7.8265e-05,-13342,761.82
-3.6566e-06,7.826e-05,-13342,761.52
-3.6555e-06,7.8256e-05,-13342,761.22
-3.6544e-06,7.8251e-05,-13342,760.91
-3.6533e-06,7.8247e-05,-13342,760.61
-3.6521e-06,7.8243e-05,-13342,760.31
-3.651e-06,7.8239e-05,-13342,760.01
-3.6499e-06,7.8235e-05,-13342,759.71
-3.6488e-06,7.8231e-05,-13342,759.41
-3.6477e-06,7.8227e-05,-13342,759.11
-3.6474e-06,7.8221e-05,-13345,758.81
-3.648e-06,7.8175e-05,-13345,758.52
-3.6486e-06,7.8129e-05,-13345,758.22
-3.6492e-06,7.8083e-05,-13345,757.92
-3.6498e-06,7.8038e-05,-13345,757.63
-3.6504e-06,7.7992e-05,-13345,757.34
-3.651e-06,7.7946e-05,-13345,757.05
-3.6515e-06,7.7901e-05,-13345,756.76
-3.6521e-06,7.7856e-05,-13345,756.47
-3.6527e-06,7.7811e-05,-13345,756.18
-3.6533e-06,7.7766e-05,-13345,755.9
-3.6539e-06,7.7721e-05,-13345,755.61
-3.6545e-06,7.7677e-05,-13345,755.33
-3.6551e-06,7.7632e-05,-13345,755.05
-3.6557e-06,7.7588e-05,-13345,754.76
-3.6563e-06,7.7543e-05,-13345,754.48
-3.6569e-06,7.7499e-05,-13345,754.2
-3.6575e-06,7.7454e-05,-13345,753.92
-3.6581e-06,7.741e-05,-13345,753.65
-3.6587e-06,7.7366e-05,-13345,753.37
-3.6593e-06,7.7322e-05,-13345,753.09
-3.6597e-06,7.7279e-05,-13345,752.82
-3.6596e-06,7.7243e-05,-13343,752.54
-3.6589e-06,7.7229e-05,-13343,752.27
-3.658e-06,7.7222e-05,-13343,752
-3.6571e-06,7.7215e-05,-13343,751.73
-3.6562e-06,7.7208e-05,-13343,751.46
-3.6554e-06,7.7201e-05,-13343,751.19
-3.6545e-06,7.7194e-05,-13343,750.92
-3.6536e-06,7.7187e-05,-13343,750.65
-3.6528e-06,7.718e-05,-13343,750.39
-3.6519e-06,7.7174e-05,-13343,750.12
-3.651e-06,7.7167e-05,-13343,749.86
-3.6502e-06,7.7161e-05,-13343,749.59
-3.6493e-06,7.7154e-05,-13343,749.33
-3.6484e-06,7.7148e-05,-13343,749.07
-3.6477e-06,7.7142e-05,-13343,748.81
-3.6472e-06,7.7128e-05,-13343,748.55
-3.647e-06,7.7113e-05,-13344,748.29
-3.6472e-06,7.7081e-05,-13344,748.03
-3.6478e-06,7.7048e-05,-13346,747.77
-3.6488e-06,7.6996e-05,-13346,747.51
-3.6498e-06,7.6943e-05,-13346,747.26
-3.6509e-06,7.6891e-05,-13346,747
-3.6519e-06,7.6838e-05,-13346,746.75
-3.6529e-06,7.6786e-05,-13346,746.49
-3.6544e-06,7.673e-05,-13347,746.22
-3.656e-06,7.6634e-05,-13347,745.74
-3.6559e-06,7.6548e-05,-13341,745.23
-3.6541e-06,7.6559e-05,-13344,744.86
-3.6547e-06,7.6511e-05,-13346,744.4
-3.656e-06,7.6429e-05,-13347,743.94
-3.6572e-06,7.6348e-05,-13346,743.49
-3.6583e-06,7.6269e-05,-13346,743.04
-3.6594e-06,7.6192e-05,-13346,742.59
-3.6604e-06,7.6117e-05,-13346,742.14
-3.6142e-06,7.4953e-05,-13178,730.86
-2.7384e-06,-3.5378e-05,-11890,-433.98
