0.001427,-0.03478,-3.3094e+05,-31823
-4.4123e-05,-0.0040922,-2.3174e+05,-24927
-5.6752e-05,-0.0013257,-2.1271e+05,-9728.8
-5.9362e-05,8.8689e-05,-2.257e+05,557.27
-6.0577e-05,0.00060594,-2.2972e+05,4208.8
-6.094e-05,0.00084122,-2.3098e+05,5860
-6.092e-05,0.00083149,-2.3084e+05,5796.7
-6.0886e-05,0.0008152,-2.3066e+05,5686.4
-6.0804e-05,0.00078891,-2.3038e+05,5500.8
-6.0739e-05,0.00077238,-2.3015e+05,5384.1
-6.0709e-05,0.00075878,-2.3005e+05,5288.1
-6.0687e-05,0.00075068,-2.2998e+05,5230.9
-6.06e-05,0.00073715,-2.2966e+05,5135.4
-6.0449e-05,0.00068171,-2.2916e+05,4744
-6.0362e-05,0.00063118,-2.2888e+05,4387.3
-6.0428e-05,0.00062834,-2.2913e+05,4367.1
-6.0646e-05,0.00070624,-2.2988e+05,4917.1
-6.0903e-05,0.00083,-2.3071e+05,5790.8
-6.1157e-05,0.00093638,-2.3171e+05,6530.9
-6.1471e-05,0.0010603,-2.3247e+05,7427.9
-6.1843e-05,0.0011744,-2.3304e+05,8284.4
-6.2256e-05,0.0012875,-2.3329e+05,9162.6
-6.2784e-05,0.0013907,-2.3387e+05,9977.8
-6.3257e-05,0.0015101,-2.3374e+05,10934
-6.3534e-05,0.0015605,-2.3392e+05,11340
-6.3431e-05,0.0015898,-2.3288e+05,11584
-6.2822e-05,0.0014929,-2.3205e+05,10816
-6.1841e-05,0.0013162,-2.3075e+05,9425.1
-6.1015e-05,0.00099729,-2.3044e+05,7008.3
-6.0454e-05,0.00075641,-2.2909e+05,5271.7
-6.0086e-05,0.00055295,-2.2792e+05,3835.2
-5.9915e-05,0.00043925,-2.274e+05,3032.5
-5.9906e-05,0.0004138,-2.2739e+05,2852.7
-5.9981e-05,0.00044053,-2.2765e+05,3041.4
-6.0152e-05,0.00049281,-2.2824e+05,3410.4
-6.0428e-05,0.00060959,-2.2915e+05,4234.8
-6.0696e-05,0.00071673,-2.3005e+05,4991.1
-6.0939e-05,0.00086523,-2.3099e+05,6026.1
-6.126e-05,0.0010246,-2.3396e+05,7017.7
-6.1501e-05,0.001192,-2.3333e+05,8309.1
-6.1607e-05,0.0012011,-2.3472e+05,8308.7
-6.1752e-05,0.0012139,-2.3294e+05,8544.4
-6.1756e-05,0.0012013,-2.3284e+05,8461.1
-6.1926e-05,0.0012345,-2.3315e+05,8716.1
-6.2237e-05,0.0012961,-2.3356e+05,9198
-6.2671e-05,0.0013955,-2.3392e+05,9976.2
-6.3122e-05,0.0014743,-2.3447e+05,10601
-6.3474e-05,0.0015641,-2.3441e+05,11315
-6.3676e-05,0.0016009,-2.3465e+05,11605
-6.377e-05,0.0016385,-2.3445e+05,11902
-6.3934e-05,0.0016423,-2.35e+05,11933
-6.4036e-05,0.0016943,-2.345e+05,12349
-6.3863e-05,0.0016622,-2.3437e+05,12093
-6.3535e-05,0.0016291,-2.3352e+05,11838
-6.3136e-05,0.0015354,-2.3337e+05,11100
-6.2656e-05,0.0014693,-2.3245e+05,10582
-6.1981e-05,0.0013267,-2.3187e+05,9458.6
-6.136e-05,0.0011597,-2.3146e+05,8163.3
-6.0887e-05,0.00093359,-2.3084e+05,6501.1
-6.0529e-05,0.00075782,-2.2937e+05,5281.6
-6.0214e-05,0.0006037,-2.2834e+05,4193.4
-6.0032e-05,0.00050062,-2.2777e+05,3465.7
-5.9953e-05,0.00044948,-2.2753e+05,3104.6
-5.9881e-05,0.00043422,-2.2727e+05,2996.9
-5.9794e-05,0.00038661,-2.27e+05,2660.8
-5.9658e-05,0.00035067,-2.2652e+05,2407.1
-5.9509e-05,0.00026658,-2.2605e+05,1813.4
-5.9312e-05,0.00020479,-2.2537e+05,1377.3
-5.9042e-05,9.1678e-05,-2.2448e+05,578.82
-5.8801e-05,-2.0601e-05,-2.2369e+05,-213.81
-5.8615e-05,-0.00011993,-2.231e+05,-915.06
-5.8424e-05,-0.00019149,-2.2246e+05,-1420.2
-5.8248e-05,-0.00028345,-2.2189e+05,-2069.4
-5.8087e-05,-0.0003473,-2.2136e+05,-2520.1
-5.7963e-05,-0.00041717,-2.2097e+05,-3013.4
-5.7836e-05,-0.00045897,-2.2054e+05,-3308.5
-5.7735e-05,-0.00051925,-2.2022e+05,-3734.1
-5.7685e-05,-0.00054404,-2.2006e+05,-3909.1
-5.7645e-05,-0.00056403,-2.1993e+05,-4050.2
-5.7611e-05,-0.00057733,-2.1982e+05,-4144.1
-5.7609e-05,-0.00058929,-2.1982e+05,-4228.6
-5.7593e-05,-0.00058142,-2.1976e+05,-4173
-5.756e-05,-0.000604,-2.1965e+05,-4332.4
-5.7525e-05,-0.00061076,-2.1953e+05,-4380.1
-5.745e-05,-0.00064118,-2.1928e+05,-4594.8
-5.7358e-05,-0.00067543,-2.1897e+05,-4836.6
-5.7286e-05,-0.00071996,-2.1875e+05,-5151
-5.72e-05,-0.00074193,-2.1845e+05,-5306.1
-5.7105e-05,-0.00079318,-2.182e+05,-5664
-5.7046e-05,-0.00081733,-2.18e+05,-5835.1
-5.6982e-05,-0.00084673,-2.1781e+05,-6041.1
-5.6928e-05,-0.00087124,-2.1761e+05,-6216.6
-5.6909e-05,-0.00089713,-2.1748e+05,-6405.5
-5.689e-05,-0.00089809,-2.1737e+05,-6414.7
-5.6871e-05,-0.00092258,-2.1722e+05,-6595.2
-5.6846e-05,-0.00092432,-2.1711e+05,-6608.9
-5.681e-05,-0.00094573,-2.1703e+05,-6757.2
-5.6783e-05,-0.0009496,-2.1692e+05,-6786.4
-5.6762e-05,-0.00097105,-2.1677e+05,-6945.4
-5.6789e-05,-0.00096726,-2.1679e+05,-6923.8
-5.6802e-05,-0.0009613,-2.1689e+05,-6877.9
-5.6789e-05,-0.00095564,-2.1688e+05,-6834.4
-5.6801e-05,-0.00097355,-2.1666e+05,-6979.4
-5.6808e-05,-0.00096206,-2.1673e+05,-6894.5
-5.6823e-05,-0.00096339,-2.1678e+05,-6904.3
-5.6854e-05,-0.00094163,-2.1698e+05,-6743.8
-5.6872e-05,-0.0009303,-2.1716e+05,-6655.6
-5.6877e-05,-0.00091402,-2.1716e+05,-6539.9
-5.6913e-05,-0.00089945,-2.1755e+05,-6419.3
-5.6888e-05,-0.00088358,-2.178e+05,-6281.6
-5.6892e-05,-0.00087469,-2.1776e+05,-6221.5
-5.6959e-05,-0.00084917,-2.1824e+05,-6021.4
-5.7043e-05,-0.00082692,-2.1835e+05,-5877.7
-5.7099e-05,-0.00080333,-2.1832e+05,-5726
-5.7164e-05,-0.00079062,-2.1847e+05,-5642.2
-5.724e-05,-0.0007563,-2.1863e+05,-5406.6
-5.7302e-05,-0.00073284,-2.1882e+05,-5241.9
-5.7322e-05,-0.00070876,-2.1887e+05,-5072
-5.7376e-05,-0.00070593,-2.1908e+05,-5052
-5.7459e-05,-0.00065338,-2.1933e+05,-4681.1
-5.752e-05,-0.00064269,-2.1955e+05,-4605.6
-5.7596e-05,-0.00059559,-2.1978e+05,-4273.1
-5.7622e-05,-0.00058535,-2.1987e+05,-4200.8
-5.7656e-05,-0.0005698,-2.1998e+05,-4091
-5.7735e-05,-0.00054756,-2.2025e+05,-3934
-5.7805e-05,-0.00050396,-2.2047e+05,-3626.2
-5.7886e-05,-0.00048766,-2.2076e+05,-3511.2
-5.8004e-05,-0.00042456,-2.2113e+05,-3065.7
-5.8075e-05,-0.00039611,-2.2137e+05,-2864.9
-5.8119e-05,-0.00036575,-2.215e+05,-2650.5
-5.8164e-05,-0.00035302,-2.2166e+05,-2560.7
-5.82e-05,-0.00032551,-2.2176e+05,-2366.5
-5.822e-05,-0.00032141,-2.2183e+05,-2337.5
-5.8271e-05,-0.00030367,-2.22e+05,-2212.3
-5.8299e-05,-0.00028044,-2.2208e+05,-2048.3
-5.8317e-05,-0.0002827,-2.2216e+05,-2064.2
-5.835e-05,-0.00026043,-2.2225e+05,-1907
-5.834e-05,-0.00026283,-2.2222e+05,-1924
-5.8357e-05,-0.00026331,-2.2229e+05,-1927.4
-5.8348e-05,-0.00025237,-2.2224e+05,-1850.1
-5.8345e-05,-0.00026879,-2.2225e+05,-1966
-5.8386e-05,-0.00024944,-2.2238e+05,-1829.5
-5.8443e-05,-0.00023284,-2.2258e+05,-1712.3
-5.8483e-05,-0.00020351,-2.227e+05,-1505.2
-5.855e-05,-0.00019338,-2.2294e+05,-1433.8
-5.8652e-05,-0.00013838,-2.2326e+05,-1045.5
-5.8769e-05,-0.0001076,-2.2367e+05,-828.2
-5.899e-05,-1.4093e-05,-2.244e+05,-168.12
-5.9231e-05,7.6894e-05,-2.2521e+05,474.17
-5.9522e-05,0.00019774,-2.2618e+05,1327.3
-5.9912e-05,0.0003531,-2.2749e+05,2424
-6.0405e-05,0.00055614,-2.2913e+05,3857.3
-6.0947e-05,0.00077798,-2.3094e+05,5423.4
-6.1671e-05,0.0010492,-2.3305e+05,7362.1
-6.2675e-05,0.001294,-2.3428e+05,9246.1
-6.3465e-05,0.0014776,-2.346e+05,10701
-6.3833e-05,0.0015665,-2.3514e+05,11373
-6.4076e-05,0.0016255,-2.3541e+05,11822
-6.4143e-05,0.0016479,-2.3517e+05,12013
-6.4035e-05,0.0016485,-2.3472e+05,12023
-6.3717e-05,0.0016252,-2.3398e+05,11831
-6.3098e-05,0.0015594,-2.3292e+05,11294
-6.2425e-05,0.001446,-2.3242e+05,10372
-6.1618e-05,0.0013058,-2.3137e+05,9260.9
-6.0506e-05,0.0010019,-2.2954e+05,6970
-5.8631e-05,0.00054514,-2.224e+05,3781.4
-5.4924e-05,-0.00028915,-2.0926e+05,-2106
-5.3973e-05,-0.0012654,-2.022e+05,-9293.9
-6.2683e-05,-0.0021134,-2.6184e+05,-13804
-7.0644e-05,-0.0017161,-2.6423e+05,-12630
-7.1671e-05,-0.0010928,-2.7429e+05,-7775.1
-7.3124e-05,-0.00056586,-2.7882e+05,-4081.3
-7.423e-05,-6.7637e-05,-2.8245e+05,-563.88
-7.5004e-05,0.00021631,-2.8506e+05,1440.6
-7.5453e-05,0.00047308,-2.8648e+05,3253.6
-7.5504e-05,0.00051247,-2.8662e+05,3531.7
-7.5479e-05,0.00050357,-2.8654e+05,3468.8
-7.5455e-05,0.00049467,-2.8646e+05,3406
-7.5431e-05,0.00048577,-2.8637e+05,3343.2
-7.5406e-05,0.00047688,-2.8629e+05,3280.4
-7.5386e-05,0.00046846,-2.8622e+05,3220.9
-7.5371e-05,0.00046353,-2.8617e+05,3186.2
-7.5355e-05,0.00045861,-2.8612e+05,3151.5
-7.5341e-05,0.00045365,-2.8607e+05,3116.4
-7.5327e-05,0.0004487,-2.8602e+05,3081.5
-7.5314e-05,0.00044374,-2.8598e+05,3046.5
-7.5301e-05,0.00043877,-2.8593e+05,3011.4
-7.5287e-05,0.00043375,-2.8589e+05,2975.9
-7.5275e-05,0.00042878,-2.8585e+05,2940.8
-7.5262e-05,0.00042381,-2.858e+05,2905.8
-7.5249e-05,0.00041883,-2.8576e+05,2870.6
-7.5236e-05,0.00041381,-2.8571e+05,2835.2
-7.5223e-05,0.00040884,-2.8567e+05,2800.1
-7.521e-05,0.00040387,-2.8563e+05,2765
-7.5197e-05,0.00039889,-2.8558e+05,2729.8
-7.5183e-05,0.00039387,-2.8554e+05,2694.4
-7.5171e-05,0.0003889,-2.855e+05,2659.3
-7.5158e-05,0.00038393,-2.8545e+05,2624.2
-7.5145e-05,0.00037896,-2.8541e+05,2589.1
-7.5132e-05,0.00037398,-2.8536e+05,2554
-7.5119e-05,0.00036896,-2.8532e+05,2518.6
-7.5106e-05,0.00036399,-2.8528e+05,2483.5
-7.5092e-05,0.00035903,-2.8523e+05,2448.4
-7.5078e-05,0.00035407,-2.8518e+05,2413.4
-7.5064e-05,0.00034908,-2.8514e+05,2378.2
-7.505e-05,0.00034414,-2.8509e+05,2343.3
-7.5037e-05,0.00033919,-2.8504e+05,2308.4
-7.5023e-05,0.00033425,-2.85e+05,2273.5
-7.5009e-05,0.00032925,-2.8495e+05,2238.2
-7.4995e-05,0.00032431,-2.849e+05,2203.3
-7.4981e-05,0.00031937,-2.8485e+05,2168.4
-7.4967e-05,0.00031442,-2.8481e+05,2133.5
-7.4953e-05,0.00030942,-2.8476e+05,2098.2
-7.4939e-05,0.00030448,-2.8471e+05,2063.3
-7.4925e-05,0.00029954,-2.8466e+05,2028.5
-7.4911e-05,0.0002946,-2.8462e+05,1993.6
-7.4897e-05,0.00028965,-2.8457e+05,1958.6
-7.4884e-05,0.00028466,-2.8452e+05,1923.4
-7.487e-05,0.00027971,-2.8448e+05,1888.5
-7.4856e-05,0.00027477,-2.8443e+05,1853.6
-7.4842e-05,0.00026983,-2.8438e+05,1818.7
-7.4828e-05,0.00026483,-2.8433e+05,1783.5
-7.4814e-05,0.00025989,-2.8429e+05,1748.6
-7.48e-05,0.00025495,-2.8424e+05,1713.7
-7.4787e-05,0.00025,-2.8419e+05,1678.7
-7.4773e-05,0.00024499,-2.8415e+05,1643.3
-7.476e-05,0.00024002,-2.8411e+05,1608.3
-7.4747e-05,0.00023506,-2.8406e+05,1573.3
-7.4734e-05,0.00023009,-2.8402e+05,1538.2
-7.4721e-05,0.00022508,-2.8397e+05,1502.8
-7.4708e-05,0.00022011,-2.8393e+05,1467.7
-7.4695e-05,0.00021515,-2.8388e+05,1432.7
-7.4682e-05,0.00021019,-2.8384e+05,1397.7
-7.4668e-05,0.00020522,-2.838e+05,1362.6
-7.4655e-05,0.0002002,-2.8375e+05,1327.2
-7.4642e-05,0.00019524,-2.8371e+05,1292.2
-7.4629e-05,0.00019028,-2.8366e+05,1257.1
-7.4616e-05,0.00018531,-2.8362e+05,1222
-7.4603e-05,0.0001803,-2.8358e+05,1186.6
-7.4589e-05,0.00017534,-2.8353e+05,1151.6
-7.4576e-05,0.00017038,-2.8348e+05,1116.6
-7.4562e-05,0.00016543,-2.8344e+05,1081.7
-7.4548e-05,0.00016043,-2.8339e+05,1046.4
-7.4534e-05,0.0001555,-2.8334e+05,1011.6
-7.452e-05,0.00015056,-2.833e+05,976.76
-7.4506e-05,0.00014563,-2.8325e+05,941.89
-7.4492e-05,0.00014064,-2.832e+05,906.71
-7.4478e-05,0.00013571,-2.8315e+05,871.88
-7.4458e-05,0.00013033,-2.8308e+05,833.9
-7.4433e-05,0.00012147,-2.83e+05,771.38
-7.4408e-05,0.00011261,-2.8291e+05,708.81
-7.4385e-05,0.00010369,-2.8284e+05,645.83
-7.436e-05,9.4802e-05,-2.8275e+05,583.1
-7.4335e-05,8.5938e-05,-2.8267e+05,520.53
-7.431e-05,7.7073e-05,-2.8258e+05,457.94
-7.4285e-05,6.8207e-05,-2.825e+05,395.36
-7.4015e-05,3.886e-05,-2.8150e+05,188.4
-7.2671e-05,-0.00021887,-2.7669e+05,-1630.3
-7.0719e-05,-0.0011123,-2.6973e+05,-7980
0.0003273,-0.0094521,25974,-14872
