7.5641e-05,-0.006576,-2.5445e+05,-45931
-2.6221e-05,-0.0032974,-2.0718e+05,-33297
-3.2156e-05,-0.0017481,-1.513e+05,-20163
-3.1801e-05,-0.00089511,-1.4247e+05,-10568
-3.2887e-05,-0.00035637,-1.4142e+05,-4480.2
-3.3926e-05,5.586e-05,-1.3727e+05,-92.787
-3.4464e-05,0.0002697,-1.3512e+05,2183.1
-3.4819e-05,0.00036931,-1.3454e+05,3241.1
-3.4844e-05,0.00037888,-1.3445e+05,3342.9
-3.476e-05,0.00034982,-1.347e+05,3033.9
-3.4672e-05,0.00027856,-1.3578e+05,2273.7
-3.4451e-05,0.00020272,-1.3643e+05,1467.1
-3.4221e-05,0.00012571,-1.3705e+05,648.27
-3.3967e-05,4.3893e-05,-1.3768e+05,-221.54
-3.376e-05,-3.4867e-05,-1.3844e+05,-1059.6
-3.3651e-05,-8.5695e-05,-1.3903e+05,-1601
-3.3636e-05,-9.9403e-05,-1.3924e+05,-1747.2
-3.3668e-05,-7.9935e-05,-1.3898e+05,-1539.7
-3.3716e-05,-5.921e-05,-1.3876e+05,-1319
-3.3802e-05,-2.4591e-05,-1.384e+05,-950.57
-3.3889e-05,1.4323e-05,-1.3796e+05,-536.18
-3.3948e-05,4.57e-05,-1.3757e+05,-201.84
-3.4024e-05,7.4869e-05,-1.3728e+05,108.57
-3.4102e-05,0.0001135,-1.3682e+05,520.09
-3.4187e-05,0.0001403,-1.3662e+05,804.99
-3.4267e-05,0.00017908,-1.3616e+05,1218
-3.4328e-05,0.00020653,-1.3585e+05,1510.3
-3.438e-05,0.00024121,-1.3536e+05,1880.1
-3.4422e-05,0.0002584,-1.3518e+05,2063.2
-3.4444e-05,0.00028141,-1.348e+05,2308.7
-3.4473e-05,0.00029193,-1.347e+05,2420.7
-3.452e-05,0.0003143,-1.3444e+05,2658.9
-3.454e-05,0.0003316,-1.3417e+05,2843.5
-3.4567e-05,0.00034099,-1.3409e+05,2943.3
-3.4668e-05,0.0003656,-1.34e+05,3204.5
-3.4725e-05,0.00040886,-1.3336e+05,3665.9
-3.4693e-05,0.00039991,-1.3341e+05,3570.8
-3.4655e-05,0.00039653,-1.3332e+05,3535.4
-3.4628e-05,0.00038252,-1.3349e+05,3386.2
-3.4568e-05,0.00037969,-1.3331e+05,3357.2
-3.4548e-05,0.00036138,-1.336e+05,3161.8
-3.4536e-05,0.00035521,-1.3367e+05,3096.1
-3.4539e-05,0.00035584,-1.3367e+05,3102.8
-3.4526e-05,0.000355,-1.3364e+05,3094
-3.4521e-05,0.00034564,-1.3380e+05,2994.1
-3.4517e-05,0.0003496,-1.3371e+05,3036.5
-3.4514e-05,0.00034287,-1.3384e+05,2964.5
-3.4508e-05,0.00034645,-1.3374e+05,3003
-3.4467e-05,0.00033929,-1.3372e+05,2927.2
-3.4378e-05,0.0003322,-1.335e+05,2853.2
-3.4356e-05,0.00031531,-1.3375e+05,2673.1
-3.4343e-05,0.00031319,-1.3374e+05,2650.6
-3.4385e-05,0.00030833,-1.3401e+05,2597.8
-3.4311e-05,0.00030123,-1.3385e+05,2523.3
-3.435e-05,0.00028924,-1.3426e+05,2394.3
-3.4395e-05,0.00028303,-1.3456e+05,2327.1
-3.4387e-05,0.00027834,-1.3463e+05,2277.1
-3.4431e-05,0.00027153,-1.3494e+05,2203.4
-3.4468e-05,0.00026437,-1.3524e+05,2126
-3.4525e-05,0.00025683,-1.3563e+05,2044.2
-3.4534e-05,0.00025799,-1.3564e+05,2056.4
-3.4538e-05,0.00028044,-1.352e+05,2296.4
-3.4586e-05,0.00031148,-1.3477e+05,2627.4
-3.4644e-05,0.00033096,-1.3461e+05,2834.5
-3.4671e-05,0.00034764,-1.3438e+05,3012.3
-3.4679e-05,0.0003504,-1.3436e+05,3041.7
-3.4687e-05,0.00034488,-1.345e+05,2982.4
-3.468e-05,0.00034191,-1.3453e+05,2950.9
-3.4622e-05,0.00032293,-1.3468e+05,2749.1
-3.4585e-05,0.00028858,-1.3523e+05,2382.5
-3.4565e-05,0.00027936,-1.3534e+05,2284.2
-3.4533e-05,0.00026386,-1.3552e+05,2119.2
-3.4498e-05,0.00024932,-1.3567e+05,1964.5
-3.4458e-05,0.00022831,-1.3594e+05,1740.6
-3.4444e-05,0.0002142,-1.3616e+05,1590
-3.444e-05,0.00020297,-1.3638e+05,1470
-3.4385e-05,0.00018975,-1.3642e+05,1329.8
-3.431e-05,0.00015772,-1.3677e+05,988.73
-3.4242e-05,0.00014074,-1.3683e+05,808.6
-3.4184e-05,0.00011318,-1.3716e+05,514.99
-3.4145e-05,9.9459e-05,-1.3728e+05,369.08
-3.4091e-05,7.9994e-05,-1.3745e+05,162.02
-3.4033e-05,5.9995e-05,-1.3762e+05,-50.652
-3.3982e-05,3.4568e-05,-1.3793e+05,-321.54
-3.3917e-05,1.2196e-05,-1.3812e+05,-559.46
-3.3852e-05,-2.3432e-05,-1.3858e+05,-939.16
-3.3819e-05,-4.9294e-05,-1.3897e+05,-1215
-3.379e-05,-7.1007e-05,-1.393e+05,-1446.7
-3.3719e-05,-9.6864e-05,-1.3953e+05,-1721.8
-3.3638e-05,-0.00013809,-1.4004e+05,-2161
-3.356e-05,-0.00016313,-1.4024e+05,-2427.2
-3.3496e-05,-0.00019804,-1.4068e+05,-2799.3
-3.3425e-05,-0.0002209,-1.4086e+05,-3042.3
-3.3369e-05,-0.0002424,-1.4107e+05,-3271
-3.3327e-05,-0.00026321,-1.4132e+05,-3492.8
-3.3269e-05,-0.00028534,-1.4154e+05,-3728.3
-3.3197e-05,-0.00030329,-1.4161e+05,-3918.8
-3.3133e-05,-0.00032604,-1.4181e+05,-4160.8
-3.3095e-05,-0.00034211,-1.4198e+05,-4331.9
-3.311e-05,-0.0003531,-1.4227e+05,-4449.8
-3.3077e-05,-0.00034987,-1.4206e+05,-4414.4
-3.3039e-05,-0.00036194,-1.4215e+05,-4542.8
-3.3073e-05,-0.0003683,-1.4242e+05,-4611.5
-3.3047e-05,-0.00037016,-1.4235e+05,-4630.9
-3.2988e-05,-0.00037529,-1.4222e+05,-4684.5
-3.298e-05,-0.00038433,-1.4237e+05,-4781.1
-3.2947e-05,-0.00038151,-1.4218e+05,-4750.3
-3.2922e-05,-0.00038075,-1.4206e+05,-4741.6
-3.2855e-05,-0.0003712,-1.4159e+05,-4638.1
-3.2783e-05,-0.00037297,-1.4134e+05,-4655.5
-3.2749e-05,-0.00036467,-1.4103e+05,-4566.1
-3.2771e-05,-0.00036127,-1.4105e+05,-4530.2
-3.2829e-05,-0.00034727,-1.41e+05,-4381.6
-3.2853e-05,-0.00034479,-1.4105e+05,-4355.6
-3.286e-05,-0.00033784,-1.4093e+05,-4281.4
-3.2926e-05,-0.00033015,-1.4104e+05,-4200.5
-3.2953e-05,-0.00031795,-1.4091e+05,-4070.6
-3.2933e-05,-0.00031659,-1.408e+05,-4055.6
-3.2958e-05,-0.00032169,-1.4101e+05,-4110.7
-3.3003e-05,-0.00031224,-1.4099e+05,-4010.5
-3.3003e-05,-0.00031611,-1.4108e+05,-4051.9
-3.3091e-05,-0.00029689,-1.4104e+05,-3848.2
-3.3066e-05,-0.00029437,-1.4089e+05,-3820.7
-3.3069e-05,-0.00029901,-1.41e+05,-3870.3
-3.3129e-05,-0.00029073,-1.4107e+05,-3783
-3.314e-05,-0.00027962,-1.4089e+05,-3664.4
-3.3177e-05,-0.00027937,-1.4104e+05,-3662.6
-3.3233e-05,-0.00026553,-1.4098e+05,-3515.7
-3.3267e-05,-0.00025551,-1.4092e+05,-3409.2
-3.3244e-05,-0.00025927,-1.409e+05,-3448.9
-3.3257e-05,-0.00026135,-1.41e+05,-3471.4
-3.3231e-05,-0.00026281,-1.4092e+05,-3486.5
-3.3204e-05,-0.00027288,-1.4101e+05,-3593.7
-3.3224e-05,-0.00027088,-1.4106e+05,-3572.7
-3.3226e-05,-0.00026229,-1.4089e+05,-3480.9
-3.3225e-05,-0.00027019,-1.4105e+05,-3565.3
-3.3227e-05,-0.00026269,-1.409e+05,-3485.2
-3.3209e-05,-0.00027042,-1.4098e+05,-3567.4
-3.3229e-05,-0.00027006,-1.4106e+05,-3564
-3.3205e-05,-0.00026062,-1.4077e+05,-3462.5
-3.3173e-05,-0.00027832,-1.41e+05,-3651.2
-3.3227e-05,-0.00026487,-1.4094e+05,-3508.5
-3.3312e-05,-0.00023383,-1.4066e+05,-3178.2
-3.3348e-05,-0.00020759,-1.4028e+05,-2898.4
-3.3368e-05,-0.00019903,-1.4018e+05,-2807.2
-3.3415e-05,-0.00017583,-1.399e+05,-2560.1
-3.348e-05,-0.00015567,-1.3976e+05,-2345.8
-3.3568e-05,-0.00011505,-1.3929e+05,-1913.2
-3.3649e-05,-8.4589e-05,-1.39e+05,-1589.1
-3.3774e-05,-3.9641e-05,-1.3859e+05,-1110.9
-3.3954e-05,2.4424e-05,-1.3802e+05,-429.49
-3.417e-05,0.00010566,-1.3726e+05,434.83
-3.4413e-05,0.00019264,-1.3648e+05,1360.2
-3.4689e-05,0.00030239,-1.3537e+05,2528.1
-3.4882e-05,0.00039341,-1.3431e+05,3497.5
-3.4911e-05,0.00041364,-1.3401e+05,3713.3
-3.4851e-05,0.00039267,-1.342e+05,3490.2
-3.4773e-05,0.0003669,-1.344e+05,3216.2
-3.4653e-05,0.00033819,-1.345e+05,2911.6
-3.4468e-05,0.0002912,-1.347e+05,2412.9
-3.4181e-05,0.00022422,-1.3489e+05,1702.5
-3.3646e-05,0.00010762,-1.3508e+05,466.35
-3.2905e-05,-0.00010475,-1.3637e+05,-1789.7
-3.2038e-05,-0.00032926,-1.3741e+05,-4173.1
-3.1378e-05,-0.00056313,-1.3876e+05,-6710.6
-3.1125e-05,-0.00078814,-1.3941e+05,-9298.1
-3.1014e-05,-0.0010086,-1.3932e+05,-11897
-3.0775e-05,-0.0012241,-1.4011e+05,-14328
-1.9618e-05,-0.0012504,-93439,-14378
-2.1506e-05,-0.00030758,-94108,-3718.4
-2.2866e-05,0.0004015,-84759,3853.2
-2.2945e-05,0.00051768,-82802,5102.9
-2.2872e-05,0.00050992,-82611,5023.4
-2.283e-05,0.00050113,-82751,4919.4
-2.2827e-05,0.00049165,-82969,4812.8
-2.2699e-05,0.00048113,-82687,4698.9
-2.248e-05,0.00048131,-82472,4661.4
-2.2431e-05,0.00047257,-82956,4533.6
-2.2438e-05,0.00046138,-83160,4416.6
-2.2396e-05,0.00045289,-83171,4325.9
-2.2398e-05,0.00044179,-83348,4210.3
-2.2365e-05,0.0004383,-83735,4140.1
-2.2364e-05,0.00043205,-83829,4075.2
-2.2333e-05,0.00042713,-83753,4026.3
-2.2334e-05,0.00042174,-83848,3969.5
-2.2325e-05,0.00041577,-83899,3907.9
-2.2313e-05,0.00041039,-83880,3855.3
-2.2321e-05,0.00040476,-83986,3797.4
-2.2317e-05,0.00039858,-84032,3735.3
-2.2295e-05,0.0003941,-83986,3691
-2.2319e-05,0.00038741,-84136,3624.1
-2.2337e-05,0.00038084,-84273,3557.9
-2.2352e-05,0.00037446,-84390,3493.8
-2.2362e-05,0.0003682,-84477,3432
-2.2369e-05,0.00036205,-84559,3370.7
-2.2372e-05,0.00035594,-84615,3310.8
-2.2373e-05,0.00034999,-84661,3252.4
-2.239e-05,0.00034391,-84772,3192.5
-2.2388e-05,0.00033756,-84594,3146.1
-2.2377e-05,0.00033199,-84631,3088.8
-2.2365e-05,0.00032646,-84668,3031.5
-2.2352e-05,0.00032096,-84710,2974.2
-2.234e-05,0.00031549,-84755,2916.9
-2.2323e-05,0.00031006,-84788,2859.8
-2.2309e-05,0.00030465,-84874,2799.9
-2.2296e-05,0.00029918,-84914,2743
-2.2283e-05,0.00029372,-84958,2685.8
-2.2269e-05,0.00028828,-85003,2628.5
-2.2255e-05,0.00028279,-85051,2570.6
-2.2241e-05,0.00027736,-85099,2513.2
-2.2227e-05,0.00027194,-85149,2455.7
-2.2213e-05,0.00026652,-85199,2398.1
-2.2198e-05,0.00026105,-85250,2340
-2.2184e-05,0.00025564,-85301,2282.4
-2.2169e-05,0.00025023,-85352,2224.9
-2.2155e-05,0.00024482,-85403,2167.3
-2.214e-05,0.0002394,-85454,2109.7
-2.2126e-05,0.00023394,-85506,2051.5
-2.2111e-05,0.00022853,-85557,1994
-2.2097e-05,0.00022312,-85608,1936.4
-2.2082e-05,0.0002177,-85659,1878.8
-2.2068e-05,0.00021224,-85710,1820.7
-2.2053e-05,0.00020683,-85762,1763.1
-2.2039e-05,0.00020142,-85812,1705.6
-2.2024e-05,0.000196,-85862,1648
-2.2009e-05,0.00019055,-85911,1590
-2.1994e-05,0.00018516,-85959,1532.6
-2.1978e-05,0.00017976,-86007,1475.2
-2.1963e-05,0.00017436,-86054,1417.8
-2.1948e-05,0.00016891,-86103,1359.8
-2.1933e-05,0.00016352,-86151,1302.4
-2.1918e-05,0.00015812,-86199,1245
-2.1903e-05,0.00015273,-86247,1187.7
-2.1888e-05,0.00014733,-86295,1130.2
-2.1872e-05,0.00014188,-86344,1072.3
-2.1857e-05,0.00013648,-86392,1014.9
-2.1842e-05,0.00013109,-86440,957.52
-2.1827e-05,0.00012569,-86488,900.07
-2.1812e-05,0.00012024,-86537,842.12
-2.1797e-05,0.00011484,-86585,784.72
-2.1782e-05,0.00010945,-86635,727.31
-2.1767e-05,0.00010404,-86685,669.76
-2.1753e-05,9.8579e-05,-86736,611.69
-2.1738e-05,9.3168e-05,-86788,554.12
-2.1724e-05,8.7757e-05,-86840,496.54
-2.171e-05,8.2339e-05,-86892,438.9
-2.1695e-05,7.6874e-05,-86944,380.75
-2.1681e-05,7.1463e-05,-86996,323.18
-2.1661e-05,6.5563e-05,-87035,260.49
-2.1636e-05,5.5847e-05,-87128,157.11
-2.1609e-05,4.6135e-05,-87218,53.794
-2.1582e-05,3.646e-05,-87303,-49.114
-2.1556e-05,2.6763e-05,-87394,-152.27
-2.153e-05,1.7052e-05,-87485,-255.58
-2.1504e-05,7.339e-06,-87578,-358.89
-2.1464e-05,-3.5328e-06,-87636,-474.33
-2.1218e-05,-3.8407e-05,-87343,-842.27
-2.0414e-05,-0.00025003,-88369,-3088.9
-2.1776e-05,-0.00078888,-99679,-9209.5
1.3069e-05,-0.0023447,-8572,-23314
