-1.823e-05,-0.0015406,-86646,-17841
-1.7928e-05,-0.0012909,-81988,-15136
-1.7322e-05,-0.00094332,-78634,-11104
-1.7123e-05,-0.00060162,-78488,-7009.9
-1.7707e-05,-0.00033094,-78793,-3911.6
-1.8448e-05,-0.00010848,-77465,-1535.3
-1.8912e-05,2.2064e-05,-76702,-148.74
-1.9156e-05,9.2241e-05,-76273,596.7
-1.9258e-05,0.00011936,-76135,884.67
-1.9279e-05,0.00012259,-76158,918.73
-1.9249e-05,0.0001121,-76247,807.21
-1.919e-05,9.0908e-05,-76438,581.76
-1.9096e-05,6.6962e-05,-76541,327.61
-1.8968e-05,3.117e-05,-76748,-52.519
-1.8859e-05,-3.3923e-06,-77004,-419.88
-1.8794e-05,-2.6521e-05,-77211,-665.9
-1.8769e-05,-3.3902e-05,-77256,-744.3
-1.8758e-05,-3.3166e-05,-77197,-736.21
-1.8757e-05,-3.0899e-05,-77150,-711.96
-1.8786e-05,-2.2581e-05,-77097,-623.59
-1.8812e-05,-8.4724e-06,-76918,-473.26
-1.8819e-05,-2.8382e-06,-76830,-413.15
-1.8837e-05,3.7111e-06,-76771,-343.48
-1.8854e-05,1.3147e-05,-76647,-242.92
-1.887e-05,1.7692e-05,-76622,-194.66
-1.889e-05,2.7051e-05,-76510,-94.962
-1.8903e-05,3.1256e-05,-76480,-50.276
-1.8909e-05,3.7612e-05,-76375,17.575
-1.8901e-05,3.7368e-05,-76348,15.121
-1.8891e-05,3.7637e-05,-76302,18.206
-1.8892e-05,3.659e-05,-76325,6.9961
-1.8905e-05,4.1479e-05,-76281,59.001
-1.8893e-05,4.4072e-05,-76177,86.979
-1.8888e-05,3.8808e-05,-76264,30.791
-1.8949e-05,4.7511e-05,-76335,122.62
-1.8982e-05,6.8014e-05,-76052,341.2
-1.8955e-05,6.027e-05,-76103,258.93
-1.8957e-05,5.9166e-05,-76134,247.07
-1.8984e-05,6.4056e-05,-76142,298.83
-1.9002e-05,7.2281e-05,-76051,386.4
-1.8999e-05,7.2459e-05,-76034,388.37
-1.9011e-05,7.3212e-05,-76065,396.19
-1.9025e-05,7.9244e-05,-76000,460.41
-1.9024e-05,7.9707e-05,-75989,465.37
-1.9033e-05,8.0702e-05,-76006,475.82
-1.9051e-05,8.5795e-05,-75976,529.91
-1.9065e-05,8.918e-05,-75961,565.84
-1.907e-05,9.2484e-05,-75916,601.06
-1.9059e-05,9.1563e-05,-75890,591.43
-1.9042e-05,8.8326e-05,-75886,557.17
-1.9037e-05,8.4951e-05,-75935,521.17
-1.9041e-05,8.5355e-05,-75943,525.42
-1.9021e-05,8.5052e-05,-75866,522.59
-1.9012e-05,7.6516e-05,-76003,431.49
-1.9033e-05,8.0271e-05,-76011,471.22
-1.9084e-05,8.4595e-05,-76135,516.41
-1.9102e-05,9.8852e-05,-75918,668.5
-1.9093e-05,8.9417e-05,-76073,567.79
-1.9102e-05,9.4486e-05,-76005,621.83
-1.9116e-05,9.2587e-05,-76103,601.22
-1.9126e-05,9.9756e-05,-75998,677.68
-1.9129e-05,9.5185e-05,-76099,628.75
-1.9122e-05,9.8652e-05,-76002,665.96
-1.9115e-05,9.0354e-05,-76143,577.37
-1.9116e-05,9.3414e-05,-76086,610.06
-1.9119e-05,8.7972e-05,-76209,551.81
-1.9135e-05,9.1856e-05,-76192,593.04
-1.9139e-05,8.9739e-05,-76253,570.32
-1.9121e-05,8.8879e-05,-76199,561.47
-1.9123e-05,7.923e-05,-76403,458.25
-1.9134e-05,8.5794e-05,-76313,528.22
-1.9137e-05,8.0068e-05,-76441,466.94
-1.9136e-05,8.3907e-05,-76359,508.01
-1.9131e-05,7.6417e-05,-76492,428.01
-1.915e-05,8.0785e-05,-76479,474.35
-1.9188e-05,8.3222e-05,-76585,499.63
-1.9173e-05,9.115e-05,-76362,584.71
-1.913e-05,7.2931e-05,-76560,390.75
-1.91e-05,7.224e-05,-76448,383.99
-1.908e-05,6.0245e-05,-76613,256.11
-1.9072e-05,6.3837e-05,-76506,294.7
-1.9056e-05,5.5915e-05,-76602,210.31
-1.9038e-05,5.6311e-05,-76520,214.91
-1.9029e-05,4.6896e-05,-76677,114.41
-1.9022e-05,4.8609e-05,-76612,132.87
-1.9019e-05,3.8006e-05,-76815,19.551
-1.9042e-05,4.1317e-05,-76840,54.492
-1.9073e-05,4.1267e-05,-76970,53.318
-1.9059e-05,4.4456e-05,-76848,87.711
-1.9026e-05,2.43e-05,-77121,-127.14
-1.8995e-05,2.1595e-05,-77053,-155.46
-1.8964e-05,4.3672e-06,-77276,-339.05
-1.8947e-05,4.1338e-07,-77285,-380.97
-1.8921e-05,-1.1799e-05,-77430,-511.05
-1.8894e-05,-1.8284e-05,-77451,-579.85
-1.8867e-05,-3.2438e-05,-77628,-730.65
-1.8835e-05,-3.7984e-05,-77611,-789.3
-1.8798e-05,-5.4744e-05,-77800,-967.77
-1.8775e-05,-6.1232e-05,-77840,-1036.7
-1.8779e-05,-7.0611e-05,-78045,-1137.1
-1.8781e-05,-6.6695e-05,-77976,-1095.2
-1.8762e-05,-7.8133e-05,-78131,-1217.2
-1.8758e-05,-8.1194e-05,-78174,-1249.8
-1.8747e-05,-8.639e-05,-78238,-1305.2
-1.8707e-05,-9.275e-05,-78204,-1372.3
-1.8672e-05,-0.00010961,-78401,-1552
-1.8653e-05,-0.0001098,-78330,-1553.6
-1.8649e-05,-0.00011702,-78462,-1630.7
-1.8647e-05,-0.0001116,-78340,-1572.6
-1.8636e-05,-0.00011823,-78431,-1643.4
-1.8627e-05,-0.00011535,-78335,-1612.4
-1.8621e-05,-0.00012012,-78408,-1663.3
-1.8611e-05,-0.00011541,-78274,-1612.7
-1.8598e-05,-0.00012147,-78342,-1677.3
-1.8595e-05,-0.00011786,-78257,-1638.6
-1.8598e-05,-0.00011896,-78291,-1650.4
-1.8602e-05,-0.00011285,-78182,-1585.1
-1.858e-05,-0.00011524,-78144,-1610.3
-1.8562e-05,-0.00011912,-78148,-1651.4
-1.8545e-05,-0.00012074,-78111,-1668.4
-1.8558e-05,-0.00012168,-78184,-1678.7
-1.859e-05,-0.00011007,-78078,-1555.2
-1.8579e-05,-0.00010656,-77961,-1517.5
-1.8568e-05,-0.00011214,-78029,-1576.9
-1.8578e-05,-0.00010846,-77998,-1537.8
-1.8586e-05,-0.00010506,-77958,-1501.5
-1.8596e-05,-0.00010264,-77952,-1475.9
-1.8631e-05,-9.643e-05,-77968,-1410.2
-1.865e-05,-8.5846e-05,-77830,-1297.4
-1.8645e-05,-8.7559e-05,-77843,-1315.6
-1.8644e-05,-8.6309e-05,-77815,-1302.2
-1.8624e-05,-8.7543e-05,-77758,-1315
-1.8614e-05,-9.3754e-05,-77845,-1381.2
-1.8638e-05,-8.9684e-05,-77860,-1338.2
-1.8645e-05,-8.1351e-05,-77717,-1249.2
-1.8646e-05,-8.4352e-05,-77782,-1281.3
-1.8652e-05,-7.7858e-05,-77675,-1212
-1.8644e-05,-8.0097e-05,-77688,-1235.8
-1.8666e-05,-7.6974e-05,-77716,-1202.8
-1.8643e-05,-6.943e-05,-77469,-1121.7
-1.8606e-05,-8.4001e-05,-77614,-1276.7
-1.8628e-05,-8.1387e-05,-77650,-1249.2
-1.8664e-05,-7.0181e-05,-77568,-1130.1
-1.8662e-05,-6.4483e-05,-77443,-1069.2
-1.8643e-05,-6.9062e-05,-77461,-1117.8
-1.8643e-05,-6.922e-05,-77465,-1119.4
-1.8666e-05,-6.3523e-05,-77440,-1059
-1.8684e-05,-5.2742e-05,-77296,-944.05
-1.8693e-05,-5.0316e-05,-77280,-918.28
-1.8731e-05,-4.0851e-05,-77246,-817.86
-1.8796e-05,-2.2929e-05,-77146,-627.53
-1.8866e-05,-1.4203e-06,-76994,-398.95
-1.895e-05,1.9815e-05,-76905,-173.58
-1.9064e-05,5.1086e-05,-76731,158.52
-1.9152e-05,8.0977e-05,-76483,476.36
-1.9177e-05,8.8155e-05,-76440,552.6
-1.9153e-05,8.1106e-05,-76484,477.71
-1.9105e-05,6.5782e-05,-76603,314.81
-1.9023e-05,4.9008e-05,-76610,137.11
-1.8907e-05,2.054e-05,-76714,-164.94
-1.8745e-05,-9.9473e-06,-76675,-487.67
-1.8488e-05,-5.7863e-05,-76600,-994.83
-1.8121e-05,-0.00012445,-76455,-1699.5
-1.7651e-05,-0.00021171,-76316,-2622.9
-1.727e-05,-0.00030523,-76500,-3626.8
-1.7092e-05,-0.00039668,-76818,-4654.4
-1.7052e-05,-0.00048508,-77101,-5683.4
-1.7087e-05,-0.00056843,-77315,-6672.8
-6.4287e-06,-0.0005353,-29348,-6297
-7.5114e-06,0.00017515,-27844,1676.5
-7.5618e-06,0.0001802,-27344,1767.4
-7.5555e-06,0.00017779,-27356,1741.9
-7.5511e-06,0.00017525,-27359,1716.2
-7.5447e-06,0.00017278,-27365,1690.7
-7.5385e-06,0.0001703,-27372,1665.1
-7.5326e-06,0.00016783,-27383,1639.3
-7.5268e-06,0.00016534,-27396,1613.4
-7.5206e-06,0.00016286,-27406,1587.7
-7.5151e-06,0.00016038,-27418,1562
-7.5113e-06,0.00015786,-27440,1535.7
-7.5092e-06,0.00015544,-27464,1510.7
-7.508e-06,0.00015401,-27476,1496
-7.5064e-06,0.00015259,-27484,1481.5
-7.504e-06,0.00015116,-27493,1466.8
-7.4997e-06,0.00014979,-27502,1452.2
-7.4951e-06,0.00014843,-27515,1437.5
-7.4901e-06,0.00014707,-27527,1422.8
-7.4844e-06,0.00014574,-27538,1408.2
-7.4796e-06,0.00014438,-27552,1393.4
-7.4747e-06,0.00014303,-27566,1378.7
-7.4697e-06,0.00014169,-27579,1363.9
-7.4648e-06,0.00014032,-27593,1349.1
-7.4599e-06,0.00013897,-27606,1334.4
-7.4548e-06,0.00013762,-27618,1319.7
-7.4498e-06,0.00013628,-27629,1305.2
-7.4452e-06,0.00013491,-27643,1290.3
-7.4405e-06,0.00013355,-27656,1275.6
-7.4359e-06,0.0001322,-27669,1260.9
-7.4312e-06,0.00013084,-27682,1246.2
-7.4264e-06,0.00012948,-27692,1231.6
-7.4216e-06,0.00012813,-27703,1217
-7.4172e-06,0.00012676,-27716,1202.3
-7.4136e-06,0.0001254,-27730,1187.7
-7.4106e-06,0.000124,-27743,1173
-7.4076e-06,0.00012259,-27756,1158.2
-7.4041e-06,0.00012121,-27765,1143.8
-7.4013e-06,0.0001198,-27778,1129
-7.3983e-06,0.0001184,-27791,1114.3
-7.3953e-06,0.00011699,-27804,1099.5
-7.3922e-06,0.00011559,-27817,1084.9
-7.3888e-06,0.00011421,-27828,1070.3
-7.3858e-06,0.00011281,-27841,1055.6
-7.3825e-06,0.0001114,-27854,1040.8
-7.3792e-06,0.00011001,-27868,1026.1
-7.3758e-06,0.00010863,-27880,1011.5
-7.3724e-06,0.00010724,-27894,996.8
-7.3689e-06,0.00010586,-27907,982.08
-7.3654e-06,0.00010446,-27922,967.23
-7.3619e-06,0.00010308,-27936,952.51
-7.3584e-06,0.0001017,-27950,937.79
-7.3549e-06,0.00010032,-27964,923.07
-7.3515e-06,9.8922e-05,-27978,908.22
-7.348e-06,9.754e-05,-27992,893.52
-7.3445e-06,9.6159e-05,-28005,878.82
-7.3406e-06,9.4778e-05,-28018,864.14
-7.3365e-06,9.3395e-05,-28029,849.43
-7.3324e-06,9.2027e-05,-28040,834.89
-7.3282e-06,9.066e-05,-28051,820.35
-7.324e-06,8.9291e-05,-28062,805.8
-7.3199e-06,8.791e-05,-28073,791.12
-7.3157e-06,8.6543e-05,-28084,776.58
-7.3116e-06,8.5176e-05,-28095,762.05
-7.3074e-06,8.3809e-05,-28106,747.52
-7.3033e-06,8.244e-05,-28116,732.97
-7.2991e-06,8.106e-05,-28128,718.29
-7.295e-06,7.9693e-05,-28138,703.76
-7.2908e-06,7.8326e-05,-28149,689.23
-7.2867e-06,7.6958e-05,-28160,674.69
-7.2826e-06,7.5578e-05,-28172,660.01
-7.2786e-06,7.4208e-05,-28183,645.45
-7.2748e-06,7.2839e-05,-28195,630.88
-7.2711e-06,7.1461e-05,-28208,616.23
-7.2676e-06,7.0071e-05,-28222,601.43
-7.2643e-06,6.8687e-05,-28237,586.7
-7.261e-06,6.7304e-05,-28252,571.97
-7.2578e-06,6.5918e-05,-28267,557.23
-7.2545e-06,6.4521e-05,-28282,542.35
-7.2512e-06,6.3137e-05,-28296,527.62
-7.2466e-06,6.1629e-05,-28308,511.59
-7.2407e-06,5.9144e-05,-28335,485.14
-7.2339e-06,5.6662e-05,-28358,458.74
-7.2264e-06,5.4217e-05,-28376,432.75
-7.2199e-06,5.1751e-05,-28400,406.51
-7.2138e-06,4.9271e-05,-28426,380.12
-7.2076e-06,4.6792e-05,-28451,353.74
-7.2014e-06,4.4314e-05,-28476,327.36
-7.1402e-06,3.7174e-05,-28372,252.26
-6.9434e-06,-1.7271e-05,-28676,-325.9
-6.9606e-06,-0.00018475,-32307,-2109.9
-7.3527e-06,-0.00061246,-34746,-7148.9
