8.274e-09,1.1146e-06,32.906,7.8861
8.5384e-09,7.8355e-07,33.465,5.5461
8.9652e-09,2.9131e-07,34.457,2.0681
9.7644e-09,-1.9456e-07,36.771,-1.3699
1.0354e-08,-6.019e-07,38.74,-4.2415
9.3982e-09,-1.3026e-07,35.339,-0.92474
8.9431e-09,1.1445e-07,34.157,0.81876
8.856e-09,1.7244e-07,33.895,1.2283
8.9045e-09,1.6669e-07,34.072,1.1877
9.0079e-09,1.3223e-07,34.424,0.94445
9.1141e-09,9.074e-08,34.779,0.65152
9.2115e-09,5.5163e-08,35.107,0.40034
9.2801e-09,2.1796e-08,35.328,0.16474
9.3196e-09,7.3334e-09,35.462,0.062631
9.3407e-09,-5.5781e-09,35.527,-0.028543
9.3358e-09,-5.7974e-09,35.508,-0.030097
9.332e-09,-1.7184e-09,35.498,-0.0012893
9.3274e-09,-2.1456e-09,35.48,-0.0043117
9.3212e-09,2.3867e-09,35.462,0.027695
9.3183e-09,2.9406e-09,35.452,0.031603
9.3155e-09,5.3373e-09,35.444,0.048529
9.3124e-09,5.3469e-09,35.432,0.048593
9.3125e-09,7.6079e-09,35.435,0.064564
9.3133e-09,5.5441e-09,35.436,0.049988
9.3138e-09,7.1963e-09,35.44,0.061658
9.3129e-09,5.2437e-09,35.434,0.047865
9.3117e-09,8.0822e-09,35.433,0.067913
9.3087e-09,6.3558e-09,35.419,0.055716
9.3053e-09,1.0266e-08,35.411,0.083332
9.3021e-09,9.1777e-09,35.397,0.07564
9.3014e-09,1.2445e-08,35.398,0.098719
9.3064e-09,9.2496e-09,35.414,0.076153
9.2987e-09,1.0033e-08,35.385,0.081678
9.2965e-09,1.532e-08,35.383,0.11902
9.3095e-09,1.0408e-08,35.427,0.084342
9.3142e-09,4.4394e-09,35.438,0.042186
9.3135e-09,7.245e-09,35.438,0.062002
9.3161e-09,4.4665e-09,35.445,0.042379
9.3202e-09,4.9539e-09,35.461,0.045826
9.3202e-09,1.3517e-09,35.457,0.020383
9.3177e-09,4.9384e-09,35.452,0.045714
9.3214e-09,2.8019e-09,35.463,0.030627
9.3237e-09,2.2557e-09,35.471,0.026772
9.32e-09,1.406e-09,35.456,0.020766
9.3185e-09,4.5397e-09,35.454,0.042899
9.3182e-09,2.492e-09,35.451,0.028435
9.3168e-09,4.8737e-09,35.448,0.045256
9.3191e-09,3.4108e-09,35.455,0.034926
9.3205e-09,3.4363e-09,35.461,0.035107
9.316e-09,2.8483e-09,35.443,0.030949
9.3174e-09,5.9142e-09,35.452,0.052607
9.3192e-09,2.0565e-09,35.454,0.025361
9.3033e-09,7.2725e-09,35.4,0.062185
9.297e-09,1.4577e-08,35.384,0.11378
9.295e-09,1.2473e-08,35.374,0.09891
9.2966e-09,1.5981e-08,35.384,0.12369
9.2981e-09,1.105e-08,35.384,0.088862
9.3019e-09,1.4132e-08,35.402,0.11063
9.3186e-09,6.3425e-09,35.457,0.055635
9.3275e-09,2.6478e-10,35.484,0.012715
9.3321e-09,-7.0168e-10,35.5,0.0058937
9.3353e-09,-3.5246e-09,35.509,-0.014042
9.3381e-09,-3.617e-09,35.519,-0.014691
9.3365e-09,-5.5305e-09,35.511,-0.02821
9.33e-09,-2.1589e-09,35.49,-0.004402
9.335e-09,-7.3927e-10,35.511,0.005631
9.3528e-09,-7.7576e-09,35.57,-0.043922
9.3604e-09,-1.5671e-08,35.59,-0.099811
9.3452e-09,-1.121e-08,35.538,-0.068314
9.3413e-09,-4.381e-09,35.531,-0.020085
9.3443e-09,-8.2626e-09,35.538,-0.047499
9.349e-09,-6.7659e-09,35.557,-0.036922
9.354e-09,-1.2284e-08,35.57,-0.075896
9.3592e-09,-1.0992e-08,35.591,-0.066762
9.3651e-09,-1.6773e-08,35.607,-0.10759
9.3721e-09,-1.66e-08,35.634,-0.10636
9.3692e-09,-2.1773e-08,35.617,-0.14289
9.3641e-09,-1.4795e-08,35.605,-0.093618
9.3568e-09,-1.7055e-08,35.575,-0.10959
9.3484e-09,-8.5524e-09,35.553,-0.049539
9.3435e-09,-9.813e-09,35.533,-0.05845
9.3357e-09,-3.3802e-09,35.51,-0.013021
9.3288e-09,-3.3583e-09,35.484,-0.012875
9.3279e-09,1.7675e-09,35.487,0.023329
9.3267e-09,-2.5475e-09,35.477,-0.0071508
9.3253e-09,2.8156e-09,35.478,0.03073
9.3253e-09,-1.3567e-09,35.473,0.0012587
9.3205e-09,3.8202e-09,35.461,0.03782
9.3156e-09,2.6741e-09,35.441,0.029719
9.3159e-09,7.2923e-09,35.447,0.062339
9.3155e-09,2.5089e-09,35.44,0.028552
9.3143e-09,7.7684e-09,35.442,0.065701
9.3181e-09,3.194e-09,35.451,0.033394
9.3206e-09,5.2402e-09,35.463,0.04785
9.3216e-09,1.2505e-09,35.462,0.01967
9.3219e-09,4.5723e-09,35.467,0.043133
9.323e-09,8.532e-10,35.467,0.016865
9.3257e-09,3.2026e-09,35.48,0.033463
9.3372e-09,-2.418e-09,35.517,-0.0062246
9.3414e-09,-6.8109e-09,35.528,-0.037249
9.3331e-09,-4.0527e-09,35.5,-0.017776
9.3297e-09,2.9426e-10,35.492,0.012925
9.3364e-09,-2.3025e-09,35.514,-0.0054097
9.3353e-09,-5.6907e-09,35.506,-0.029344
9.325e-09,-5.5711e-10,35.473,0.0069058
9.3284e-09,2.2025e-09,35.489,0.026402
9.342e-09,-4.5887e-09,35.533,-0.021551
9.3468e-09,-8.5658e-09,35.547,-0.049637
9.3491e-09,-8.5626e-09,35.555,-0.049611
9.3482e-09,-1.0236e-08,35.55,-0.061432
9.348e-09,-8.2159e-09,35.552,-0.047162
9.3502e-09,-1.0346e-08,35.557,-0.062207
9.351e-09,-9.6115e-09,35.561,-0.057016
9.3485e-09,-1.0641e-08,35.551,-0.064288
9.3476e-09,-7.897e-09,35.55,-0.044909
9.3492e-09,-1.0003e-08,35.554,-0.059782
9.348e-09,-8.5612e-09,35.551,-0.049601
9.3395e-09,-8.4171e-09,35.519,-0.048593
9.3372e-09,-2.958e-09,35.517,-0.010036
9.3368e-09,-6.3455e-09,35.511,-0.033965
9.3355e-09,-2.1453e-09,35.511,-0.0042991
9.337e-09,-5.3704e-09,35.513,-0.027078
9.332e-09,-2.4723e-09,35.498,-0.0066132
9.3289e-09,-1.6461e-09,35.486,-0.00078153
9.3304e-09,-2.2106e-10,35.494,0.0092857
9.3272e-09,-2.1754e-09,35.48,-0.0045229
9.3249e-09,2.3037e-09,35.476,0.027113
9.3264e-09,-3.028e-10,35.479,0.0087034
9.3239e-09,2.0673e-09,35.472,0.025441
9.3203e-09,1.7856e-09,35.458,0.023447
9.3182e-09,4.5273e-09,35.453,0.042811
9.3155e-09,3.55e-09,35.441,0.035905
9.3125e-09,6.709e-09,35.434,0.058215
9.3169e-09,5.3138e-09,35.449,0.048365
9.3164e-09,3.857e-09,35.445,0.038074
9.3161e-09,5.6627e-09,35.446,0.050828
9.3165e-09,4.2335e-09,35.446,0.040734
9.313e-09,5.8046e-09,35.435,0.051827
9.3158e-09,6.3609e-09,35.446,0.05576
9.3108e-09,4.3517e-09,35.425,0.041562
9.3087e-09,9.88e-09,35.423,0.080608
9.313e-09,5.8289e-09,35.435,0.051999
9.3126e-09,6.9518e-09,35.435,0.05993
9.3037e-09,7.2249e-09,35.401,0.061849
9.2919e-09,1.4435e-08,35.365,0.11277
9.2882e-09,1.7768e-08,35.354,0.1363
9.2973e-09,1.6016e-08,35.387,0.12394
9.3077e-09,8.7904e-09,35.418,0.072911
9.3101e-09,8.7744e-09,35.427,0.072801
9.3135e-09,6.4561e-09,35.437,0.05643
9.3235e-09,4.5152e-09,35.473,0.042731
9.3376e-09,-2.8369e-09,35.518,-0.009183
9.3564e-09,-8.0392e-09,35.584,-0.045908
9.388e-09,-2.12e-08,35.689,-0.13883
9.432e-09,-3.6951e-08,35.838,-0.25004
9.4712e-09,-5.5061e-08,35.967,-0.37791
9.496e-09,-6.4497e-08,36.05,-0.44454
9.5193e-09,-7.3109e-08,36.129,-0.50535
9.5396e-09,-8.141e-08,36.197,-0.56396
9.5568e-09,-8.7706e-08,36.256,-0.60843
9.5684e-09,-9.3536e-08,36.294,-0.64962
9.5476e-09,-9.3504e-08,36.203,-0.65033
9.4832e-09,-7.4587e-08,35.966,-0.51775
9.2903e-09,-3.7906e-08,35.273,-0.25895
8.9564e-09,6.3704e-08,34.148,0.4603
8.7092e-09,2.2624e-07,33.402,1.6081
5.7376e-09,3.6995e-07,22.274,2.6197
8.5572e-09,5.426e-07,33.222,3.8432
4.1586e-09,5.7856e-07,16.528,4.0916
5.6367e-09,1.5038e-07,21.627,1.0689
6.8433e-09,-6.6061e-09,26.019,-0.039054
6.8336e-09,-5.9118e-09,25.983,-0.034165
6.8372e-09,-5.329e-09,25.997,-0.030048
6.8555e-09,-4.0032e-09,26.069,-0.020664
6.8738e-09,-2.6775e-09,26.14,-0.011281
6.892e-09,-1.3524e-09,26.211,-0.0019022
4.8598e-09,-5.4966e-08,18.418,-0.38283
4.8533e-09,-5.4056e-08,18.399,-0.37607
4.9679e-09,-5.543e-08,18.002,-0.43134
4.8422e-09,-5.2641e-08,18.358,-0.36609
4.8425e-09,-5.1976e-08,18.36,-0.3614
4.8496e-09,-5.132e-08,18.388,-0.35675
4.8497e-09,-5.0813e-08,18.389,-0.35317
4.8484e-09,-5.0378e-08,18.385,-0.35011
4.8472e-09,-4.996e-08,18.381,-0.34716
4.8466e-09,-4.9521e-08,18.379,-0.34405
4.8462e-09,-4.9072e-08,18.378,-0.34088
4.8459e-09,-4.8613e-08,18.377,-0.33765
4.8454e-09,-4.8161e-08,18.376,-0.33445
4.8447e-09,-4.7714e-08,18.374,-0.3313
4.844e-09,-4.7269e-08,18.372,-0.32815
4.8431e-09,-4.6825e-08,18.369,-0.32502
4.8422e-09,-4.6387e-08,18.366,-0.32193
4.8411e-09,-4.5953e-08,18.362,-0.31887
4.84e-09,-4.5522e-08,18.358,-0.31582
4.8387e-09,-4.5089e-08,18.354,-0.31276
4.8374e-09,-4.4664e-08,18.349,-0.30977
4.8361e-09,-4.4239e-08,18.345,-0.30677
4.8348e-09,-4.3815e-08,18.34,-0.30377
4.8335e-09,-4.3389e-08,18.336,-0.30077
4.8322e-09,-4.296e-08,18.332,-0.29774
4.8309e-09,-4.2535e-08,18.327,-0.29474
4.8296e-09,-4.211e-08,18.323,-0.29174
4.8284e-09,-4.1684e-08,18.318,-0.28873
4.8271e-09,-4.1254e-08,18.314,-0.2857
4.8258e-09,-4.0828e-08,18.31,-0.28269
4.8245e-09,-4.0402e-08,18.305,-0.27968
4.8233e-09,-3.9975e-08,18.301,-0.27667
4.822e-09,-3.9545e-08,18.297,-0.27364
4.8207e-09,-3.9119e-08,18.292,-0.27063
4.8195e-09,-3.8693e-08,18.288,-0.26763
4.8182e-09,-3.8266e-08,18.284,-0.26461
4.8144e-09,-3.7862e-08,18.27,-0.26176
4.8114e-09,-3.7504e-08,18.259,-0.25924
4.8081e-09,-3.7193e-08,18.247,-0.25705
4.8053e-09,-3.6777e-08,18.236,-0.25411
4.8035e-09,-3.6402e-08,18.23,-0.25147
4.801e-09,-3.5977e-08,18.221,-0.24847
4.7995e-09,-3.5586e-08,18.216,-0.24571
4.7974e-09,-3.5161e-08,18.208,-0.24271
4.796e-09,-3.4756e-08,18.203,-0.23986
4.7947e-09,-3.4314e-08,18.199,-0.23674
4.793e-09,-3.3907e-08,18.193,-0.23387
4.7919e-09,-3.3476e-08,18.189,-0.23082
4.7905e-09,-3.3047e-08,18.184,-0.2278
4.7893e-09,-3.2619e-08,18.18,-0.22478
4.7881e-09,-3.2189e-08,18.177,-0.22174
4.787e-09,-3.1758e-08,18.173,-0.21871
4.7859e-09,-3.1327e-08,18.169,-0.21566
4.7848e-09,-3.0892e-08,18.166,-0.21259
4.7838e-09,-3.046e-08,18.162,-0.20954
4.7827e-09,-3.0028e-08,18.158,-0.20649
4.7816e-09,-2.9596e-08,18.155,-0.20344
4.7806e-09,-2.9163e-08,18.151,-0.20039
4.7795e-09,-2.8726e-08,18.148,-0.1973
4.7785e-09,-2.8293e-08,18.144,-0.19425
4.7774e-09,-2.786e-08,18.141,-0.1912
4.7764e-09,-2.7427e-08,18.137,-0.18814
4.7753e-09,-2.699e-08,18.134,-0.18505
4.7742e-09,-2.6558e-08,18.13,-0.182
4.7732e-09,-2.6126e-08,18.127,-0.17895
4.7721e-09,-2.5693e-08,18.123,-0.1759
4.771e-09,-2.5257e-08,18.119,-0.17282
4.7699e-09,-2.4826e-08,18.116,-0.16978
4.7688e-09,-2.4395e-08,18.112,-0.16674
4.7676e-09,-2.3965e-08,18.108,-0.1637
4.7664e-09,-2.3532e-08,18.104,-0.16065
4.7651e-09,-2.3105e-08,18.099,-0.15764
4.7632e-09,-2.2642e-08,18.093,-0.15437
4.7597e-09,-2.1894e-08,18.081,-0.14909
4.7631e-09,-2.1295e-08,18.094,-0.14486
4.784e-09,-1.9804e-08,18.175,-0.13431
4.7848e-09,-1.8946e-08,18.179,-0.12825
4.7823e-09,-1.8073e-08,18.171,-0.12209
4.7755e-09,-1.7515e-08,18.145,-0.11816
4.7748e-09,-1.6619e-08,18.144,-0.11183
4.773e-09,-1.5796e-08,18.138,-0.10603
4.7633e-09,-1.531e-08,18.102,-0.1026
-2.6423e-08,-7.6549e-07,-101.37,-5.4356
3.8173e-09,4.1092e-07,15.018,2.9067
