-1.2907e-05,-0.00069755,-59409,-8166.9
-1.2859e-05,-0.00062138,-59438,-7250
-1.2877e-05,-0.00051002,-59621,-5920.5
-1.3046e-05,-0.00039637,-59920,-4592.1
-1.3446e-05,-0.00027913,-60324,-3272.6
-1.3975e-05,-0.00015961,-60260,-1991.1
-1.4349e-05,-6.8221e-05,-59924,-1021.4
-1.4564e-05,-1.7201e-05,-59766,-480.19
-1.4689e-05,1.4001e-05,-59639,-149.07
-1.4757e-05,3.0113e-05,-59590,21.832
-1.4784e-05,3.9446e-05,-59509,121.09
-1.4785e-05,3.9682e-05,-59509,123.58
-1.4753e-05,3.8337e-05,-59403,109.86
-1.4686e-05,2.498e-05,-59403,-31.606
-1.4619e-05,1.1438e-05,-59405,-175.05
-1.4564e-05,-2.9634e-06,-59473,-327.93
-1.4529e-05,-1.2398e-05,-59522,-428.1
-1.4501e-05,-1.8656e-05,-59534,-494.44
-1.448e-05,-2.4327e-05,-59567,-554.67
-1.4486e-05,-2.6342e-05,-59633,-576.35
-1.449e-05,-2.1784e-05,-59556,-527.68
-1.4478e-05,-2.5567e-05,-59582,-567.89
-1.4477e-05,-2.6771e-05,-59603,-580.75
-1.4476e-05,-2.6285e-05,-59589,-575.52
-1.4479e-05,-2.7236e-05,-59620,-585.76
-1.4484e-05,-2.488e-05,-59595,-560.68
-1.4487e-05,-2.4891e-05,-59606,-560.84
-1.4484e-05,-2.3895e-05,-59572,-550.13
-1.4469e-05,-2.6656e-05,-59568,-579.35
-1.4451e-05,-3.0507e-05,-59575,-620.17
-1.4446e-05,-3.3585e-05,-59614,-652.97
-1.4451e-05,-3.2497e-05,-59614,-641.44
-1.4431e-05,-3.2947e-05,-59541,-645.85
-1.4422e-05,-4.0826e-05,-59664,-729.92
-1.4476e-05,-3.3688e-05,-59740,-654.69
-1.4503e-05,-1.7222e-05,-59514,-479.16
-1.4473e-05,-2.5439e-05,-59561,-566.42
-1.4471e-05,-2.9041e-05,-59624,-604.89
-1.4492e-05,-2.5364e-05,-59635,-566
-1.4507e-05,-2.0028e-05,-59587,-509.25
-1.4501e-05,-1.9916e-05,-59561,-507.93
-1.4507e-05,-2.1552e-05,-59620,-525.55
-1.4517e-05,-1.7019e-05,-59568,-477.27
-1.4515e-05,-1.804e-05,-59579,-488.14
-1.4521e-05,-1.7286e-05,-59592,-480.23
-1.4536e-05,-1.4214e-05,-59588,-447.67
-1.4547e-05,-1.1238e-05,-59573,-416.07
-1.4548e-05,-9.4819e-06,-59543,-397.32
-1.4534e-05,-1.1872e-05,-59532,-422.58
-1.4518e-05,-1.6041e-05,-59551,-466.83
-1.4515e-05,-1.8097e-05,-59580,-488.76
-1.4517e-05,-1.758e-05,-59582,-483.29
-1.4499e-05,-1.8387e-05,-59522,-491.54
-1.4497e-05,-2.4831e-05,-59646,-560.41
-1.4526e-05,-1.7574e-05,-59617,-483.4
-1.4585e-05,-1.0014e-05,-59705,-403.76
-1.4609e-05,7.1786e-06,-59453,-220.41
-1.4603e-05,-6.8778e-07,-59588,-304.4
-1.4613e-05,5.1923e-06,-59509,-241.72
-1.463e-05,4.0754e-06,-59601,-254.01
-1.4645e-05,1.2608e-05,-59486,-163.06
-1.4651e-05,1.0006e-05,-59566,-191.02
-1.465e-05,1.5294e-05,-59454,-134.46
-1.465e-05,9.687e-06,-59569,-194.42
-1.4659e-05,1.5797e-05,-59480,-129.26
-1.4671e-05,1.3648e-05,-59572,-152.47
-1.4694e-05,2.1607e-05,-59506,-67.843
-1.4708e-05,2.3381e-05,-59525,-49.148
-1.4702e-05,2.6374e-05,-59440,-17.026
-1.4714e-05,2.2348e-05,-59571,-60.318
-1.4731e-05,3.206e-05,-59444,43.172
-1.4741e-05,2.9391e-05,-59536,14.449
-1.4746e-05,3.5906e-05,-59426,84.006
-1.4747e-05,3.1419e-05,-59521,36.009
-1.4771e-05,3.7501e-05,-59496,100.54
-1.4819e-05,4.3726e-05,-59564,166.14
-1.4812e-05,5.5597e-05,-59294,293.23
-1.477e-05,3.983e-05,-59445,125.47
-1.4739e-05,3.7321e-05,-59367,99.285
-1.472e-05,2.6682e-05,-59507,-14.096
-1.471e-05,2.9216e-05,-59416,13.192
-1.4696e-05,2.1728e-05,-59508,-66.576
-1.4681e-05,2.2764e-05,-59428,-55.208
-1.468e-05,1.6242e-05,-59558,-124.93
-1.4687e-05,2.2814e-05,-59451,-54.785
-1.47e-05,1.9513e-05,-59573,-90.367
-1.4738e-05,3.0212e-05,-59511,23.272
-1.479e-05,3.715e-05,-59580,96.411
-1.4799e-05,5.0553e-05,-59346,239.54
-1.4784e-05,4.0725e-05,-59483,134.76
-1.4769e-05,4.3658e-05,-59364,166.42
-1.4756e-05,3.4289e-05,-59500,66.507
-1.4754e-05,3.8048e-05,-59414,106.75
-1.4746e-05,3.2295e-05,-59501,45.386
-1.4737e-05,3.4729e-05,-59414,71.594
-1.4728e-05,2.8065e-05,-59512,0.52314
-1.4713e-05,3.0426e-05,-59404,26.077
-1.4693e-05,2.1267e-05,-59507,-71.454
-1.4684e-05,2.2131e-05,-59454,-62.043
-1.4699e-05,1.8902e-05,-59579,-96.861
-1.4713e-05,2.8637e-05,-59439,6.9454
-1.4706e-05,2.3262e-05,-59521,-50.39
-1.4711e-05,2.6392e-05,-59476,-17.011
-1.4709e-05,2.562e-05,-59483,-25.226
-1.4676e-05,2.3932e-05,-59384,-42.607
-1.4643e-05,1.0697e-05,-59517,-183.46
-1.4624e-05,9.819e-06,-59460,-192.47
-1.4621e-05,3.2666e-06,-59578,-262.47
-1.4617e-05,8.1714e-06,-59464,-209.95
-1.4606e-05,1.3176e-06,-59557,-283
-1.4594e-05,3.0493e-06,-59475,-264.25
-1.4584e-05,-3.6423e-06,-59571,-335.61
-1.457e-05,-1.7569e-06,-59475,-315.16
-1.4553e-05,-1.0197e-05,-59576,-405.06
-1.4545e-05,-8.9698e-06,-59520,-391.78
-1.4542e-05,-1.3467e-05,-59599,-439.81
-1.454e-05,-1.0401e-05,-59528,-406.98
-1.4516e-05,-1.5502e-05,-59533,-461.03
-1.4493e-05,-2.0585e-05,-59544,-514.93
-1.447e-05,-2.6313e-05,-59566,-575.71
-1.4478e-05,-2.8941e-05,-59650,-603.97
-1.4502e-05,-2.1989e-05,-59609,-530.12
-1.4487e-05,-2.0343e-05,-59515,-512.22
-1.4473e-05,-2.7861e-05,-59609,-592.32
-1.4478e-05,-2.6014e-05,-59590,-572.66
-1.4479e-05,-2.6643e-05,-59608,-579.42
-1.4485e-05,-2.5162e-05,-59604,-563.71
-1.4514e-05,-2.2522e-05,-59670,-536.07
-1.453e-05,-1.3017e-05,-59538,-434.74
-1.4522e-05,-1.6739e-05,-59583,-474.39
-1.4519e-05,-1.5954e-05,-59555,-465.93
-1.4497e-05,-1.8868e-05,-59525,-496.65
-1.4488e-05,-2.4879e-05,-59608,-560.73
-1.4507e-05,-2.1633e-05,-59619,-526.4
-1.4505e-05,-1.7598e-05,-59530,-483.22
-1.4501e-05,-2.241e-05,-59612,-534.6
-1.4499e-05,-1.9511e-05,-59547,-503.57
-1.4487e-05,-2.3766e-05,-59583,-548.82
-1.4498e-05,-2.3826e-05,-59630,-549.69
-1.447e-05,-2.0757e-05,-59454,-516.3
-1.443e-05,-3.6042e-05,-59599,-678.92
-1.4444e-05,-3.6842e-05,-59673,-687.77
-1.4471e-05,-2.9097e-05,-59625,-605.49
-1.4462e-05,-2.7193e-05,-59552,-584.96
-1.4438e-05,-3.3356e-05,-59577,-650.37
-1.4427e-05,-3.8113e-05,-59630,-701.01
-1.4438e-05,-3.6731e-05,-59646,-686.45
-1.444e-05,-3.3336e-05,-59586,-650.2
-1.4433e-05,-3.6796e-05,-59628,-687.05
-1.4455e-05,-3.4733e-05,-59675,-665.44
-1.4497e-05,-2.5615e-05,-59662,-568.79
-1.454e-05,-1.5701e-05,-59636,-463.66
-1.4596e-05,-5.8938e-06,-59664,-359.92
-1.4681e-05,1.1337e-05,-59661,-177.4
-1.4761e-05,3.2148e-05,-59565,43.509
-1.4809e-05,4.3706e-05,-59522,166.14
-1.4819e-05,4.9323e-05,-59450,225.99
-1.4806e-05,4.6805e-05,-59450,199.33
-1.4757e-05,4.259e-05,-59335,155.25
-1.4671e-05,2.5362e-05,-59335,-27.221
-1.4538e-05,5.9482e-06,-59189,-232.12
-1.4301e-05,-3.2768e-05,-59008,-641.3
-1.3942e-05,-9.4973e-05,-58807,-1299.2
-1.3445e-05,-0.0001843,-58603,-2243.9
-1.3039e-05,-0.00030363,-58975,-3538.9
-1.2866e-05,-0.00042499,-59315,-4922.2
-1.2854e-05,-0.00054318,-59531,-6314.2
-1.291e-05,-0.00065477,-59573,-7651.5
-2.7274e-06,-0.00063714,-12892,-7489.7
-3.6018e-06,5.4884e-05,-13574,513.83
-3.6636e-06,7.9028e-05,-13350,770.69
-3.661e-06,7.9037e-05,-13350,770.13
-3.6594e-06,7.9045e-05,-13353,769.58
-3.6587e-06,7.9006e-05,-13353,769.02
-3.6581e-06,7.8965e-05,-13353,768.46
-3.6575e-06,7.8924e-05,-13353,767.91
-3.657e-06,7.8883e-05,-13353,767.36
-3.6568e-06,7.8835e-05,-13354,766.8
-3.6572e-06,7.8775e-05,-13355,766.25
-3.6582e-06,7.8706e-05,-13356,765.7
-3.66e-06,7.862e-05,-13357,765.17
-3.6627e-06,7.8548e-05,-13360,764.86
-3.6662e-06,7.8444e-05,-13360,764.52
-3.6684e-06,7.8349e-05,-13356,764.2
-3.6683e-06,7.8303e-05,-13353,763.93
-3.6677e-06,7.8282e-05,-13353,763.62
-3.6668e-06,7.8267e-05,-13352,763.32
-3.6657e-06,7.8261e-05,-13352,763.01
-3.6646e-06,7.8257e-05,-13352,762.71
-3.6635e-06,7.8253e-05,-13352,762.41
-3.6623e-06,7.8248e-05,-13352,762.11
-3.6612e-06,7.8244e-05,-13352,761.8
-3.6601e-06,7.824e-05,-13352,761.5
-3.659e-06,7.8236e-05,-13352,761.21
-3.6579e-06,7.8232e-05,-13352,760.91
-3.6567e-06,7.8228e-05,-13352,760.61
-3.6556e-06,7.8224e-05,-13352,760.31
-3.6545e-06,7.8221e-05,-13352,760.02
-3.6534e-06,7.8217e-05,-13352,759.72
-3.6523e-06,7.8213e-05,-13352,759.43
-3.6512e-06,7.821e-05,-13352,759.13
-3.65e-06,7.8207e-05,-13352,758.84
-3.6498e-06,7.8201e-05,-13355,758.55
-3.6504e-06,7.8156e-05,-13355,758.26
-3.651e-06,7.8111e-05,-13355,757.97
-3.6515e-06,7.8065e-05,-13355,757.68
-3.6521e-06,7.802e-05,-13355,757.4
-3.6527e-06,7.7976e-05,-13355,757.11
-3.6533e-06,7.793e-05,-13355,756.82
-3.6539e-06,7.7886e-05,-13355,756.54
-3.6545e-06,7.7841e-05,-13355,756.26
-3.6551e-06,7.7797e-05,-13355,755.98
-3.6557e-06,7.7752e-05,-13355,755.69
-3.6563e-06,7.7708e-05,-13355,755.41
-3.6569e-06,7.7664e-05,-13355,755.14
-3.6575e-06,7.7619e-05,-13355,754.86
-3.6581e-06,7.7576e-05,-13355,754.58
-3.6587e-06,7.7531e-05,-13355,754.3
-3.6593e-06,7.7488e-05,-13355,754.03
-3.6599e-06,7.7444e-05,-13355,753.76
-3.6604e-06,7.74e-05,-13355,753.49
-3.661e-06,7.7356e-05,-13355,753.21
-3.6616e-06,7.7313e-05,-13355,752.94
-3.6621e-06,7.727e-05,-13355,752.67
-3.662e-06,7.7235e-05,-13353,752.4
-3.6612e-06,7.7222e-05,-13353,752.13
-3.6604e-06,7.7215e-05,-13352,751.87
-3.6595e-06,7.7208e-05,-13352,751.61
-3.6586e-06,7.7202e-05,-13352,751.34
-3.6577e-06,7.7195e-05,-13352,751.08
-3.6569e-06,7.7189e-05,-13352,750.82
-3.656e-06,7.7183e-05,-13352,750.55
-3.6552e-06,7.7177e-05,-13352,750.29
-3.6543e-06,7.717e-05,-13352,750.03
-3.6534e-06,7.7164e-05,-13352,749.77
-3.6526e-06,7.7159e-05,-13352,749.52
-3.6517e-06,7.7153e-05,-13352,749.26
-3.6508e-06,7.7147e-05,-13352,749
-3.6501e-06,7.7141e-05,-13353,748.75
-3.6496e-06,7.7128e-05,-13353,748.49
-3.6494e-06,7.7114e-05,-13354,748.24
-3.6496e-06,7.7082e-05,-13354,747.99
-3.6502e-06,7.7049e-05,-13356,747.73
-3.6512e-06,7.6997e-05,-13356,747.48
-3.6522e-06,7.6945e-05,-13356,747.23
-3.6533e-06,7.6894e-05,-13356,746.98
-3.6543e-06,7.6841e-05,-13356,746.73
-3.6553e-06,7.6789e-05,-13356,746.48
-3.6568e-06,7.6734e-05,-13357,746.21
-3.6585e-06,7.6639e-05,-13356,745.75
-3.6583e-06,7.6554e-05,-13351,745.24
-3.6565e-06,7.6566e-05,-13354,744.89
-3.6571e-06,7.6519e-05,-13356,744.44
-3.6584e-06,7.6438e-05,-13356,743.99
-3.6596e-06,7.6358e-05,-13356,743.55
-3.6608e-06,7.628e-05,-13356,743.11
-3.6618e-06,7.6204e-05,-13356,742.67
-3.6628e-06,7.613e-05,-13356,742.23
-3.6163e-06,7.4932e-05,-13186,730.6
-2.7403e-06,-3.5671e-05,-11904,-437.16
