-1.5391e-05,-0.0011043,-69764,-13000
-1.51e-05,-0.00094297,-68528,-11105
-1.484e-05,-0.00071054,-68132,-8316.4
-1.4938e-05,-0.00047832,-68576,-5553.1
-1.5492e-05,-0.00027639,-68702,-3279.3
-1.6121e-05,-0.00010823,-67968,-1485.3
-1.6525e-05,-3.7378e-06,-67490,-376.11
-1.6741e-05,5.137e-05,-67248,208.79
-1.6843e-05,7.6591e-05,-67153,476.41
-1.688e-05,8.3397e-05,-67164,548.44
-1.687e-05,8.0195e-05,-67190,514.4
-1.6835e-05,6.7174e-05,-67311,375.88
-1.6766e-05,5.2543e-05,-67330,220.82
-1.6665e-05,2.6425e-05,-67447,-56.412
-1.6577e-05,1.2261e-06,-67600,-324.08
-1.6521e-05,-1.5645e-05,-67715,-503.35
-1.6493e-05,-2.266e-05,-67745,-577.8
-1.6477e-05,-2.4259e-05,-67710,-594.56
-1.6468e-05,-2.4816e-05,-67688,-600.36
-1.6487e-05,-2.0873e-05,-67684,-558.57
-1.6503e-05,-1.1289e-05,-67552,-456.39
-1.6499e-05,-1.0374e-05,-67520,-446.54
-1.6507e-05,-7.9802e-06,-67504,-421.11
-1.6514e-05,-3.4849e-06,-67439,-373.17
-1.6522e-05,-2.173e-06,-67448,-359.32
-1.6534e-05,3.0655e-06,-67386,-303.53
-1.654e-05,4.6388e-06,-67382,-286.84
-1.6541e-05,7.7919e-06,-67320,-253.13
-1.6529e-05,6.0201e-06,-67308,-271.84
-1.6515e-05,4.0273e-06,-67291,-292.87
-1.6512e-05,1.9046e-06,-67322,-315.5
-1.6521e-05,4.6667e-06,-67303,-286.15
-1.6504e-05,5.5151e-06,-67216,-276.74
-1.6497e-05,-1.2718e-06,-67325,-349.16
-1.6554e-05,6.6388e-06,-67397,-265.73
-1.6583e-05,2.4928e-05,-67145,-70.761
-1.6556e-05,1.7014e-05,-67193,-154.82
-1.6555e-05,1.4606e-05,-67240,-180.56
-1.6578e-05,1.8747e-05,-67250,-136.76
-1.6595e-05,2.5297e-05,-67183,-67.04
-1.659e-05,2.5293e-05,-67162,-66.977
-1.6598e-05,2.4633e-05,-67210,-74.209
-1.661e-05,2.9776e-05,-67153,-19.449
-1.6608e-05,2.9369e-05,-67154,-23.771
-1.6616e-05,3.0213e-05,-67169,-14.901
-1.6632e-05,3.4236e-05,-67153,27.788
-1.6644e-05,3.7384e-05,-67137,61.212
-1.6646e-05,3.9825e-05,-67099,87.251
-1.6633e-05,3.7729e-05,-67085,65.129
-1.6616e-05,3.384e-05,-67096,23.871
-1.6614e-05,3.1478e-05,-67135,-1.3329
-1.6618e-05,3.2963e-05,-67122,14.46
-1.6599e-05,3.1902e-05,-67065,3.5022
-1.6596e-05,2.5275e-05,-67191,-67.31
-1.6625e-05,3.2347e-05,-67163,7.7278
-1.6686e-05,3.9514e-05,-67266,83.129
-1.6712e-05,5.8193e-05,-66995,282.32
-1.6707e-05,5.071e-05,-67126,202.41
-1.6718e-05,5.6898e-05,-67046,268.36
-1.6735e-05,5.6116e-05,-67130,259.65
-1.6748e-05,6.4113e-05,-67019,344.91
-1.6752e-05,6.0934e-05,-67102,310.82
-1.6747e-05,6.4809e-05,-67001,352.37
-1.6742e-05,5.721e-05,-67134,271.23
-1.6743e-05,6.0801e-05,-67068,309.59
-1.6747e-05,5.5399e-05,-67194,251.74
-1.6762e-05,5.9879e-05,-67163,299.35
-1.6765e-05,5.6978e-05,-67235,268.27
-1.6748e-05,5.6155e-05,-67182,259.81
-1.6751e-05,4.6784e-05,-67384,159.55
-1.6762e-05,5.3791e-05,-67287,234.24
-1.6765e-05,4.7975e-05,-67418,171.99
-1.6765e-05,5.2479e-05,-67327,220.15
-1.6761e-05,4.5262e-05,-67458,143.05
-1.6781e-05,5.0019e-05,-67440,193.53
-1.6822e-05,5.2939e-05,-67548,223.92
-1.6811e-05,6.2675e-05,-67304,328.27
-1.6768e-05,4.5606e-05,-67479,146.6
-1.6737e-05,4.3838e-05,-67385,128.34
-1.6718e-05,3.2277e-05,-67544,5.0944
-1.671e-05,3.6002e-05,-67435,45.096
-1.6696e-05,2.8396e-05,-67534,-35.967
-1.6682e-05,3.056e-05,-67432,-12.531
-1.6679e-05,2.2979e-05,-67576,-93.55
-1.6682e-05,2.8746e-05,-67469,-31.928
-1.669e-05,2.2626e-05,-67626,-97.543
-1.6724e-05,3.1375e-05,-67585,-4.6623
-1.6768e-05,3.5883e-05,-67674,42.642
-1.6768e-05,4.552e-05,-67480,145.68
-1.6746e-05,3.1566e-05,-67673,-3.0781
-1.6725e-05,3.248e-05,-67569,7.1139
-1.6705e-05,1.9672e-05,-67748,-129.43
-1.6698e-05,2.1069e-05,-67689,-114.34
-1.6683e-05,1.2837e-05,-67797,-202.08
-1.6666e-05,1.145e-05,-67754,-216.55
-1.6648e-05,1.0791e-06,-67894,-327.1
-1.6625e-05,1.1131e-07,-67820,-336.98
-1.6596e-05,-1.3002e-05,-67970,-476.62
-1.6581e-05,-1.5304e-05,-67954,-500.92
-1.659e-05,-2.1549e-05,-68116,-567.88
-1.6597e-05,-1.4999e-05,-68012,-497.98
-1.6583e-05,-2.3701e-05,-68131,-590.75
-1.6582e-05,-2.3741e-05,-68129,-591.16
-1.6574e-05,-2.6992e-05,-68165,-625.77
-1.6537e-05,-3.1342e-05,-68100,-671.52
-1.6502e-05,-4.6623e-05,-68267,-834.21
-1.6483e-05,-4.7532e-05,-68207,-843.54
-1.6478e-05,-5.4758e-05,-68337,-920.73
-1.6475e-05,-4.9881e-05,-68223,-868.5
-1.6463e-05,-5.6926e-05,-68319,-943.6
-1.6452e-05,-5.4895e-05,-68234,-921.67
-1.6444e-05,-6.1019e-05,-68325,-986.99
-1.6432e-05,-5.7996e-05,-68215,-954.41
-1.6417e-05,-6.5487e-05,-68304,-1034.2
-1.6411e-05,-6.3214e-05,-68236,-1009.8
-1.6411e-05,-6.6276e-05,-68297,-1042.5
-1.6411e-05,-6.1962e-05,-68211,-996.41
-1.6388e-05,-6.5911e-05,-68198,-1038.2
-1.6368e-05,-7.0561e-05,-68208,-1087.5
-1.6348e-05,-7.4389e-05,-68204,-1128
-1.6359e-05,-7.597e-05,-68280,-1145.1
-1.6387e-05,-6.6497e-05,-68206,-1044.4
-1.6375e-05,-6.36e-05,-68097,-1013.2
-1.6364e-05,-6.9658e-05,-68173,-1077.7
-1.6373e-05,-6.6169e-05,-68142,-1040.6
-1.638e-05,-6.3734e-05,-68117,-1014.7
-1.6388e-05,-6.1504e-05,-68108,-991.05
-1.6421e-05,-5.7047e-05,-68149,-944.04
-1.6438e-05,-4.6917e-05,-68015,-836.07
-1.6432e-05,-4.9206e-05,-68036,-860.43
-1.643e-05,-4.8549e-05,-68012,-853.35
-1.6409e-05,-5.0898e-05,-67974,-878.03
-1.64e-05,-5.6839e-05,-68058,-941.38
-1.6421e-05,-5.2746e-05,-68065,-898.07
-1.6424e-05,-4.664e-05,-67949,-832.82
-1.6421e-05,-5.0793e-05,-68025,-877.18
-1.6423e-05,-4.6528e-05,-67944,-831.6
-1.6412e-05,-4.9983e-05,-67971,-868.33
-1.6428e-05,-4.859e-05,-68006,-853.76
-1.6403e-05,-4.3464e-05,-67798,-798.43
-1.6363e-05,-5.8932e-05,-67950,-963.02
-1.638e-05,-5.8346e-05,-68009,-957.1
-1.6411e-05,-4.8995e-05,-67947,-857.75
-1.6406e-05,-4.5177e-05,-67849,-816.82
-1.6385e-05,-5.0334e-05,-67866,-871.53
-1.6381e-05,-5.2877e-05,-67901,-898.64
-1.6399e-05,-4.8246e-05,-67881,-849.49
-1.641e-05,-4.0855e-05,-67775,-770.67
-1.6411e-05,-4.1238e-05,-67787,-774.79
-1.6441e-05,-3.5285e-05,-67790,-711.75
-1.6494e-05,-2.2024e-05,-67735,-571.01
-1.6549e-05,-6.8241e-06,-67651,-409.6
-1.6617e-05,7.9915e-06,-67627,-252.55
-1.6714e-05,3.1321e-05,-67549,-5.0612
-1.6796e-05,5.5698e-05,-67388,253.94
-1.6831e-05,6.4268e-05,-67354,344.89
-1.6822e-05,6.3048e-05,-67345,332.01
-1.6791e-05,5.3706e-05,-67408,232.75
-1.6724e-05,4.2775e-05,-67357,117.22
-1.6622e-05,1.9349e-05,-67414,-131.19
-1.6473e-05,-6.1797e-06,-67327,-401.16
-1.6225e-05,-4.9992e-05,-67206,-864.62
-1.5863e-05,-0.00011413,-67035,-1543.2
-1.5385e-05,-0.0002013,-66861,-2465.4
-1.5001e-05,-0.0003051,-67115,-3587.6
-1.4831e-05,-0.00040632,-67398,-4735.6
-1.481e-05,-0.00050459,-67636,-5888.2
-1.4858e-05,-0.00059733,-67770,-6995.8
-4.4344e-06,-0.0005698,-20464,-6700.3
-5.3944e-06,0.00012765,-20056,1218.1
-5.4455e-06,0.00013404,-19654,1316.2
-5.4401e-06,0.00013254,-19664,1299.8
-5.4369e-06,0.00013098,-19667,1283.6
-5.4341e-06,0.00012939,-19670,1267.4
-5.4309e-06,0.00012779,-19673,1251.2
-5.4276e-06,0.00012621,-19678,1234.9
-5.4246e-06,0.00012462,-19684,1218.6
-5.4219e-06,0.00012302,-19690,1202.3
-5.4197e-06,0.00012142,-19696,1186
-5.4185e-06,0.0001198,-19704,1169.7
-5.4187e-06,0.00011823,-19710,1154.2
-5.4193e-06,0.0001173,-19714,1145.1
-5.4202e-06,0.00011636,-19722,1135.8
-5.4197e-06,0.00011542,-19727,1126.4
-5.4171e-06,0.00011454,-19732,1117.1
-5.4139e-06,0.00011368,-19740,1107.8
-5.4104e-06,0.00011283,-19747,1098.5
-5.4067e-06,0.00011198,-19755,1089.1
-5.4029e-06,0.00011114,-19763,1079.8
-5.3993e-06,0.0001103,-19772,1070.5
-5.3958e-06,0.00010946,-19780,1061.1
-5.3922e-06,0.0001086,-19788,1051.7
-5.3886e-06,0.00010776,-19797,1042.4
-5.3851e-06,0.00010692,-19804,1033.2
-5.3816e-06,0.00010607,-19812,1023.8
-5.3781e-06,0.00010522,-19820,1014.5
-5.3745e-06,0.00010437,-19828,1005.2
-5.371e-06,0.00010353,-19836,995.95
-5.3678e-06,0.00010268,-19844,986.6
-5.3645e-06,0.00010182,-19853,977.27
-5.3612e-06,0.00010096,-19860,967.93
-5.3579e-06,0.00010011,-19867,958.68
-5.3554e-06,9.9261e-05,-19877,949.43
-5.3537e-06,9.8369e-05,-19885,940.15
-5.3518e-06,9.7478e-05,-19891,930.91
-5.3503e-06,9.6582e-05,-19899,921.58
-5.3487e-06,9.5689e-05,-19908,912.29
-5.3471e-06,9.4795e-05,-19916,902.99
-5.3454e-06,9.3895e-05,-19923,893.64
-5.3438e-06,9.3004e-05,-19930,884.39
-5.3421e-06,9.2114e-05,-19938,875.14
-5.3403e-06,9.1225e-05,-19945,865.89
-5.3386e-06,9.033e-05,-19953,856.56
-5.3369e-06,8.944e-05,-19961,847.26
-5.3351e-06,8.8551e-05,-19969,837.96
-5.3333e-06,8.7665e-05,-19978,828.67
-5.3314e-06,8.6779e-05,-19986,819.39
-5.3295e-06,8.5887e-05,-19994,810.01
-5.3275e-06,8.5006e-05,-20002,800.71
-5.3254e-06,8.4127e-05,-20011,791.39
-5.3233e-06,8.3248e-05,-20020,782.06
-5.3212e-06,8.2363e-05,-20030,772.63
-5.3191e-06,8.1485e-05,-20039,763.29
-5.3169e-06,8.0612e-05,-20048,753.99
-5.3144e-06,7.9738e-05,-20056,744.66
-5.3117e-06,7.8865e-05,-20063,735.36
-5.3089e-06,7.8003e-05,-20069,726.17
-5.306e-06,7.7142e-05,-20076,716.99
-5.3032e-06,7.6281e-05,-20082,707.83
-5.3004e-06,7.541e-05,-20088,698.55
-5.2977e-06,7.4548e-05,-20095,689.38
-5.2949e-06,7.3685e-05,-20101,680.2
-5.2921e-06,7.2823e-05,-20108,671.03
-5.2893e-06,7.196e-05,-20114,661.86
-5.2865e-06,7.109e-05,-20120,652.6
-5.2837e-06,7.0228e-05,-20127,643.43
-5.2809e-06,6.9367e-05,-20133,634.26
-5.2781e-06,6.8506e-05,-20139,625.07
-5.2754e-06,6.7637e-05,-20146,615.8
-5.2727e-06,6.6773e-05,-20153,606.61
-5.2703e-06,6.5908e-05,-20161,597.41
-5.2681e-06,6.5034e-05,-20169,588.14
-5.266e-06,6.4152e-05,-20178,578.79
-5.2642e-06,6.3271e-05,-20188,569.45
-5.2623e-06,6.2392e-05,-20198,560.1
-5.2604e-06,6.1511e-05,-20208,550.73
-5.2585e-06,6.0624e-05,-20218,541.28
-5.2566e-06,5.9745e-05,-20228,531.92
-5.2539e-06,5.8786e-05,-20237,521.73
-5.2504e-06,5.7207e-05,-20255,504.9
-5.246e-06,5.563e-05,-20269,488.13
-5.2409e-06,5.4091e-05,-20280,471.78
-5.237e-06,5.253e-05,-20295,455.17
-5.2333e-06,5.0957e-05,-20312,438.43
-5.2297e-06,4.9385e-05,-20329,421.69
-5.226e-06,4.7815e-05,-20346,404.98
-5.2139e-06,4.5498e-05,-20344,380.45
-5.1521e-06,3.3228e-05,-20342,250.51
-4.9292e-06,-2.9813e-05,-20715,-419.05
-4.7307e-06,-0.00031681,-23591,-3614.5
