0.0018707,-0.044647,-5.5932e+05,-1.0178e+05
-5.8248e-05,-0.0049771,-4.4059e+05,-47857
-7.2614e-05,-0.0020818,-3.3177e+05,-24149
-7.5448e-05,-0.00057818,-3.1961e+05,-7719.2
-7.7281e-05,0.00012271,-3.1282e+05,-259.33
-7.8479e-05,0.00057944,-3.0843e+05,4601.3
-7.9165e-05,0.00078943,-3.0696e+05,6833.3
-7.9517e-05,0.00095598,-3.0502e+05,8607.2
-7.9735e-05,0.0010184,-3.0464e+05,9270.6
-7.9979e-05,0.0010715,-3.0456e+05,9832.7
-8.0148e-05,0.0011228,-3.0428e+05,10373
-8.025e-05,0.0011691,-3.0382e+05,10861
-8.0242e-05,0.0011966,-3.0336e+05,11146
-8.018e-05,0.0011837,-3.0337e+05,11010
-8.0157e-05,0.0011741,-3.0343e+05,10910
-8.0314e-05,0.0012037,-3.0356e+05,11218
-8.0815e-05,0.0013204,-3.0323e+05,12458
-8.1525e-05,0.0014773,-3.0237e+05,14164
-8.2246e-05,0.0016091,-3.0161e+05,15630
-8.3085e-05,0.001764,-3.0022e+05,17380
-8.3872e-05,0.0019155,-2.985e+05,19104
-8.442e-05,0.0020473,-2.9642e+05,20604
-8.4826e-05,0.002134,-2.9524e+05,21586
-8.478e-05,0.0021946,-2.9298e+05,22282
-8.4082e-05,0.002067,-2.9404e+05,20857
-8.2667e-05,0.001851,-2.9507e+05,18427
-8.1209e-05,0.0015183,-2.9938e+05,14667
-8.0274e-05,0.0012568,-3.0189e+05,11817
-7.9691e-05,0.0010585,-3.0366e+05,9698.9
-7.9381e-05,0.00094029,-3.0478e+05,8441.9
-7.9201e-05,0.00080627,-3.0677e+05,7012.2
-7.9185e-05,0.0007703,-3.0744e+05,6627.8
-7.9293e-05,0.00080101,-3.0725e+05,6954
-7.9393e-05,0.00087164,-3.0623e+05,7707.4
-7.951e-05,0.00092802,-3.0556e+05,8308.1
-7.9618e-05,0.0010607,-3.033e+05,9724.9
-7.9607e-05,0.0010974,-3.0251e+05,10118
-7.9612e-05,0.0011792,-3.0106e+05,10980
-7.9941e-05,0.0012167,-3.0154e+05,11381
-8.0105e-05,0.0012379,-3.0155e+05,11622
-8.0204e-05,0.0012126,-3.026e+05,11339
-8.0619e-05,0.001268,-3.0316e+05,11924
-8.1311e-05,0.0014061,-3.0275e+05,13417
-8.2281e-05,0.0015741,-3.0216e+05,15273
-8.3441e-05,0.0017859,-3.0031e+05,17665
-8.4472e-05,0.0020194,-2.9694e+05,20319
-8.5085e-05,0.0021653,-2.9481e+05,21964
-8.545e-05,0.0023026,-2.9229e+05,23490
-8.5601e-05,0.0023482,-2.9163e+05,23991
-8.5631e-05,0.0023906,-2.9061e+05,24456
-8.5674e-05,0.002379,-2.9113e+05,24327
-8.5662e-05,0.0024135,-2.9013e+05,24706
-8.5426e-05,0.0023443,-2.9099e+05,23954
-8.5004e-05,0.0022639,-2.9157e+05,23070
-8.4431e-05,0.0021111,-2.9381e+05,21365
-8.3655e-05,0.0019856,-2.946e+05,19955
-8.2432e-05,0.001778,-2.9629e+05,17604
-8.1048e-05,0.0015223,-2.9849e+05,14723
-7.9988e-05,0.0012086,-3.0195e+05,11290
-7.9377e-05,0.00092223,-3.0513e+05,8249
-7.8834e-05,0.00066619,-3.0811e+05,5521.7
-7.8459e-05,0.00046381,-3.107e+05,3364.9
-7.8195e-05,0.00033598,-3.1222e+05,2003.1
-7.7968e-05,0.00024191,-3.1321e+05,1001.7
-7.7772e-05,0.00014123,-3.1446e+05,-71.124
-7.7553e-05,5.8181e-05,-3.1525e+05,-954.91
-7.7362e-05,-5.1599e-05,-3.167e+05,-2125.2
-7.713e-05,-0.00013683,-3.175e+05,-3032.2
-7.6839e-05,-0.00025708,-3.1875e+05,-4312.5
-7.6612e-05,-0.00037538,-3.2024e+05,-5573.3
-7.6457e-05,-0.00045953,-3.2132e+05,-6470.3
-7.6299e-05,-0.00052522,-3.2201e+05,-7169.9
-7.6156e-05,-0.00059892,-3.2292e+05,-7955.3
-7.602e-05,-0.00065485,-3.2351e+05,-8550.9
-7.5939e-05,-0.00071009,-3.243e+05,-9140.2
-7.5872e-05,-0.00073863,-3.2461e+05,-9444.1
-7.576e-05,-0.00078445,-3.2509e+05,-9932
-7.5668e-05,-0.00082118,-3.2546e+05,-10323
-7.5593e-05,-0.00084231,-3.2559e+05,-10548
-7.5528e-05,-0.00086808,-3.2584e+05,-10822
-7.5512e-05,-0.00087939,-3.2601e+05,-10943
-7.5477e-05,-0.00088105,-3.259e+05,-10960
-7.5431e-05,-0.00090451,-3.2619e+05,-11210
-7.5397e-05,-0.00091731,-3.2631e+05,-11346
-7.5345e-05,-0.00093759,-3.2652e+05,-11562
-7.529e-05,-0.0009713,-3.2698e+05,-11922
-7.5289e-05,-0.0010004,-3.2756e+05,-12233
-7.5284e-05,-0.0010113,-3.2777e+05,-12349
-7.5241e-05,-0.0010453,-3.284e+05,-12704
-7.5205e-05,-0.0010736,-3.2885e+05,-13005
-7.5162e-05,-0.0010943,-3.2916e+05,-13220
-7.5144e-05,-0.0011234,-3.2965e+05,-13534
-7.5149e-05,-0.0011392,-3.2997e+05,-13704
-7.5139e-05,-0.0011409,-3.2996e+05,-13723
-7.5131e-05,-0.0011581,-3.3026e+05,-13909
-7.5112e-05,-0.0011618,-3.3023e+05,-13950
-7.5067e-05,-0.0011774,-3.3029e+05,-14121
-7.5027e-05,-0.0011874,-3.3027e+05,-14231
-7.5003e-05,-0.0012056,-3.305e+05,-14429
-7.5041e-05,-0.0012019,-3.3058e+05,-14391
-7.5052e-05,-0.0011831,-3.3031e+05,-14185
-7.5038e-05,-0.0011799,-3.3019e+05,-14149
-7.5044e-05,-0.0011931,-3.3043e+05,-14294
-7.5046e-05,-0.0011793,-3.3021e+05,-14143
-7.502e-05,-0.0011789,-3.301e+05,-14139
-7.501e-05,-0.0011651,-3.298e+05,-13988
-7.4965e-05,-0.0011504,-3.2936e+05,-13828
-7.4953e-05,-0.0011355,-3.29e+05,-13668
-7.4973e-05,-0.0011103,-3.2859e+05,-13396
-7.4922e-05,-0.0010955,-3.281e+05,-13236
-7.4913e-05,-0.001078,-3.277e+05,-13048
-7.4972e-05,-0.0010517,-3.2738e+05,-12770
-7.5054e-05,-0.0010194,-3.2702e+05,-12430
-7.5109e-05,-0.00099671,-3.2675e+05,-12190
-7.5187e-05,-0.00097576,-3.2665e+05,-11967
-7.5302e-05,-0.00093759,-3.2634e+05,-11561
-7.5407e-05,-0.00090295,-3.2606e+05,-11193
-7.5432e-05,-0.00087578,-3.2561e+05,-10903
-7.5497e-05,-0.00087092,-3.2577e+05,-10852
-7.5582e-05,-0.00081376,-3.2496e+05,-10242
-7.5667e-05,-0.00079861,-3.2499e+05,-10082
-7.5789e-05,-0.00073572,-3.2421e+05,-9411.5
-7.582e-05,-0.00071525,-3.2392e+05,-9193.2
-7.5856e-05,-0.0006986,-3.2372e+05,-9015.9
-7.5953e-05,-0.00066826,-3.235e+05,-8693.2
-7.6033e-05,-0.00062033,-3.2285e+05,-8182.2
-7.6128e-05,-0.0006007,-3.2284e+05,-7974.1
-7.6293e-05,-0.00052887,-3.2205e+05,-7209.1
-7.6401e-05,-0.00048112,-3.2152e+05,-6700.5
-7.6457e-05,-0.00044524,-3.2102e+05,-6317.9
-7.6521e-05,-0.00042303,-3.2083e+05,-6081.6
-7.6558e-05,-0.00038826,-3.2027e+05,-5710.3
-7.6591e-05,-0.00038092,-3.2025e+05,-5632.6
-7.6682e-05,-0.00034943,-3.1998e+05,-5297.6
-7.6731e-05,-0.00031236,-3.1943e+05,-4902
-7.6759e-05,-0.00031254,-3.1955e+05,-4904.5
-7.6813e-05,-0.00027853,-3.1908e+05,-4541.8
-7.6808e-05,-0.0002774,-3.1903e+05,-4529.7
-7.6861e-05,-0.00026831,-3.1906e+05,-4433.5
-7.6856e-05,-0.00024099,-3.1849e+05,-4141.2
-7.6841e-05,-0.00026068,-3.1883e+05,-4351.6
-7.6932e-05,-0.00022638,-3.185e+05,-3986.5
-7.7062e-05,-0.00018371,-3.1816e+05,-3532.7
-7.7144e-05,-0.00013163,-3.1744e+05,-2977.3
-7.7235e-05,-0.0001058,-3.1728e+05,-2702.9
-7.7397e-05,-2.8316e-05,-3.1637e+05,-1877.5
-7.7588e-05,3.2995e-05,-3.159e+05,-1225.6
-7.7897e-05,0.00016498,-3.1448e+05,179.79
-7.8223e-05,0.00029023,-3.1326e+05,1512.8
-7.8632e-05,0.00045505,-3.1158e+05,3267.3
-7.9172e-05,0.00066661,-3.0949e+05,5519.1
-7.9824e-05,0.00093147,-3.0677e+05,8338.5
-8.0817e-05,0.0012147,-3.0529e+05,11332
-8.2396e-05,0.0015401,-3.0361e+05,14887
-8.4001e-05,0.0018398,-3.0071e+05,18281
-8.506e-05,0.0020763,-2.9731e+05,20968
-8.5583e-05,0.002213,-2.9524e+05,22499
-8.5934e-05,0.0023186,-2.9388e+05,23654
-8.6097e-05,0.0023937,-2.9267e+05,24468
-8.6101e-05,0.0024248,-2.9206e+05,24797
-8.5887e-05,0.0024346,-2.9113e+05,24897
-8.5281e-05,0.0023554,-2.9113e+05,24021
-8.4271e-05,0.0021947,-2.9198e+05,22230
-8.2251e-05,0.0019451,-2.9189e+05,19417
-7.9473e-05,0.0014282,-2.9609e+05,13606
-7.6336e-05,0.0006899,-2.9745e+05,5825.1
-7.528e-05,-0.00075396,-3.2250e+05,-9596.6
-6.9037e-05,-0.0023442,-3.2076e+05,-26951
-7.6859e-05,-0.003571,-4.398e+05,-36679
-8.721e-05,-0.002399,-3.9411e+05,-28104
-8.6986e-05,-0.0017483,-3.8866e+05,-20613
-8.8217e-05,-0.0012275,-3.8513e+05,-14913
-8.9728e-05,-0.00068177,-3.8001e+05,-9117.8
-9.1214e-05,-0.000138,-3.7499e+05,-3331.4
-9.2289e-05,0.0003717,-3.69e+05,2098.6
-9.261e-05,0.00058751,-3.6593e+05,4400.3
-9.2587e-05,0.00057927,-3.6600e+05,4312.6
-9.2565e-05,0.00057102,-3.6608e+05,4224.8
-9.2543e-05,0.00056277,-3.6616e+05,4137
-9.2521e-05,0.00055451,-3.6624e+05,4049.2
-9.2504e-05,0.00054666,-3.6633e+05,3965.6
-9.2493e-05,0.00054205,-3.6638e+05,3916.5
-9.2482e-05,0.00053743,-3.6642e+05,3867.2
-9.247e-05,0.00053276,-3.6647e+05,3817.6
-9.2458e-05,0.00052816,-3.6652e+05,3768.6
-9.2445e-05,0.00052357,-3.6656e+05,3719.7
-9.2432e-05,0.00051897,-3.666e+05,3670.8
-9.2419e-05,0.00051434,-3.6664e+05,3621.6
-9.2406e-05,0.00050975,-3.6668e+05,3572.8
-9.2393e-05,0.00050517,-3.6672e+05,3524
-9.238e-05,0.00050058,-3.6676e+05,3475.2
-9.2367e-05,0.00049595,-3.668e+05,3425.9
-9.2354e-05,0.00049137,-3.6684e+05,3377.2
-9.2341e-05,0.00048678,-3.6688e+05,3328.4
-9.2328e-05,0.00048219,-3.6692e+05,3279.6
-9.2315e-05,0.00047756,-3.6696e+05,3230.3
-9.2302e-05,0.00047298,-3.67e+05,3181.6
-9.2289e-05,0.00046839,-3.6704e+05,3132.8
-9.2276e-05,0.00046381,-3.6708e+05,3084
-9.2262e-05,0.00045922,-3.6712e+05,3035.2
-9.2249e-05,0.00045459,-3.6716e+05,2986
-9.2236e-05,0.00045001,-3.672e+05,2937.2
-9.2224e-05,0.00044543,-3.6724e+05,2888.4
-9.2211e-05,0.00044082,-3.6728e+05,2839.5
-9.2199e-05,0.00043618,-3.6733e+05,2790
-9.2187e-05,0.00043158,-3.6737e+05,2741.1
-9.2175e-05,0.00042698,-3.6742e+05,2692.2
-9.2162e-05,0.00042238,-3.6746e+05,2643.2
-9.215e-05,0.00041774,-3.675e+05,2593.8
-9.2138e-05,0.00041314,-3.6755e+05,2544.8
-9.2126e-05,0.00040854,-3.6759e+05,2495.9
-9.2113e-05,0.00040394,-3.6763e+05,2446.9
-9.2101e-05,0.0003993,-3.6768e+05,2397.5
-9.2089e-05,0.0003947,-3.6772e+05,2348.6
-9.2077e-05,0.00039011,-3.6776e+05,2299.7
-9.2064e-05,0.00038551,-3.6781e+05,2250.8
-9.2052e-05,0.00038091,-3.6785e+05,2201.8
-9.204e-05,0.00037627,-3.679e+05,2152.4
-9.2028e-05,0.00037167,-3.6794e+05,2103.5
-9.2015e-05,0.00036708,-3.6798e+05,2054.6
-9.2003e-05,0.00036248,-3.6803e+05,2005.7
-9.1991e-05,0.00035783,-3.6807e+05,1956.3
-9.1979e-05,0.00035324,-3.6812e+05,1907.4
-9.1966e-05,0.00034865,-3.6816e+05,1858.5
-9.1954e-05,0.00034405,-3.682e+05,1809.6
-9.1941e-05,0.00033942,-3.6824e+05,1760.3
-9.1928e-05,0.00033484,-3.6828e+05,1711.6
-9.1915e-05,0.00033026,-3.6832e+05,1662.9
-9.1902e-05,0.00032568,-3.6836e+05,1614.1
-9.1889e-05,0.00032105,-3.684e+05,1564.9
-9.1876e-05,0.00031647,-3.6844e+05,1516.2
-9.1863e-05,0.00031189,-3.6848e+05,1467.4
-9.1851e-05,0.00030731,-3.6852e+05,1418.7
-9.1838e-05,0.00030273,-3.6857e+05,1370
-9.1825e-05,0.0002981,-3.6861e+05,1320.7
-9.1812e-05,0.00029353,-3.6865e+05,1272
-9.1799e-05,0.00028895,-3.6869e+05,1223.3
-9.1786e-05,0.00028436,-3.6873e+05,1174.6
-9.1773e-05,0.00027974,-3.6877e+05,1125.4
-9.176e-05,0.00027516,-3.6881e+05,1076.6
-9.1748e-05,0.00027058,-3.6885e+05,1027.9
-9.1735e-05,0.00026599,-3.689e+05,979
-9.1723e-05,0.00026135,-3.6894e+05,929.69
-9.1711e-05,0.00025676,-3.6898e+05,880.79
-9.1699e-05,0.00025216,-3.6903e+05,831.88
-9.1687e-05,0.00024756,-3.6907e+05,782.92
-9.1675e-05,0.00024292,-3.6912e+05,733.53
-9.1663e-05,0.00023833,-3.6916e+05,684.63
-9.1646e-05,0.00023332,-3.692e+05,631.38
-9.1624e-05,0.00022507,-3.6927e+05,543.57
-9.1602e-05,0.00021682,-3.6935e+05,455.82
-9.1579e-05,0.00020861,-3.6942e+05,368.48
-9.1556e-05,0.00020038,-3.695e+05,280.89
-9.1535e-05,0.00019214,-3.6958e+05,193.15
-9.1513e-05,0.00018389,-3.6966e+05,105.42
-9.1405e-05,0.00016848,-3.6953e+05,-57.244
-9.0929e-05,7.3762e-05,-3.6952e+05,-1060.7
-8.9295e-05,-0.00027735,-3.6999e+05,-4783.3
-8.7082e-05,-0.0012957,-3.8132e+05,-15661
0.00051121,-0.013119,-1.4187e+05,-50830
