-5.3149e-06,-0.00084284,-6620.2,-6753.2
-5.0609e-06,-0.00066929,-9584.9,-5315.1
-4.4365e-06,-0.00043315,-12525,-3342.3
-4.0689e-06,-0.00020517,-14856,-1505.3
-4.2528e-06,-5.179e-05,-16235,-370.59
-4.4631e-06,5.1116e-05,-16915,355.7
-4.5536e-06,9.0255e-05,-17188,633.68
-4.5825e-06,0.0001094,-17236,771.37
-4.5595e-06,0.00010533,-17166,741.86
-4.513e-06,9.2451e-05,-17032,649.11
-4.4557e-06,7.2638e-05,-16859,507.84
-4.3959e-06,5.1213e-05,-16659,356.46
-4.3345e-06,2.8617e-05,-16452,197
-4.2733e-06,6.1962e-06,-16245,38.778
-4.2309e-06,-1.4809e-05,-16108,-109.47
-4.2216e-06,-2.3525e-05,-16083,-171
-4.2308e-06,-2.1468e-05,-16116,-156.49
-4.2482e-06,-1.4477e-05,-16174,-107.15
-4.2681e-06,-6.5369e-06,-16240,-51.114
-4.2905e-06,3.792e-06,-16313,21.784
-4.3132e-06,1.3339e-05,-16389,89.158
-4.3322e-06,2.2754e-05,-16450,155.61
-4.351e-06,3.0512e-05,-16513,210.36
-4.3688e-06,3.9453e-05,-16570,273.47
-4.3827e-06,4.4933e-05,-16616,312.14
-4.3962e-06,5.1942e-05,-16659,361.61
-4.407e-06,5.6169e-05,-16696,391.44
-4.4162e-06,6.1524e-05,-16724,429.24
-4.4234e-06,6.4047e-05,-16749,447.06
-4.4304e-06,6.8144e-05,-16770,476.01
-4.4366e-06,7.0057e-05,-16791,489.55
-4.445e-06,7.3946e-05,-16817,517.12
-4.4526e-06,7.7014e-05,-16840,538.9
-4.457e-06,7.9648e-05,-16852,557.64
-4.4636e-06,8.1222e-05,-16873,568.85
-4.4699e-06,8.5256e-05,-16888,597.63
-4.4731e-06,8.5731e-05,-16899,601.02
-4.4776e-06,8.8227e-05,-16910,618.88
-4.4828e-06,8.9437e-05,-16926,627.54
-4.4868e-06,9.232e-05,-16933,648.21
-4.4893e-06,9.2384e-05,-16943,648.67
-4.4944e-06,9.4765e-05,-16955,665.77
-4.4986e-06,9.6263e-05,-16966,676.54
-4.5005e-06,9.7748e-05,-16968,687.24
-4.503e-06,9.8003e-05,-16977,689.07
-4.5065e-06,0.00010003,-16983,703.72
-4.5087e-06,0.00010047,-16990,706.84
-4.5129e-06,0.00010204,-17000,718.18
-4.5169e-06,0.00010354,-17010,729.04
-4.5162e-06,0.00010451,-17003,736.08
-4.5145e-06,0.00010324,-17002,726.87
-4.5157e-06,0.00010318,-17006,726.4
-4.5141e-06,0.00010371,-16998,730.26
-4.5068e-06,0.0001016,-16978,715.06
-4.498e-06,9.8064e-05,-16957,689.52
-4.4896e-06,9.4653e-05,-16937,664.98
-4.4829e-06,9.1534e-05,-16920,642.6
-4.4794e-06,8.9794e-05,-16912,630.13
-4.4775e-06,8.8832e-05,-16907,623.24
-4.4754e-06,8.8116e-05,-16901,618.13
-4.4716e-06,8.6841e-05,-16890,609.02
-4.4674e-06,8.4961e-05,-16878,595.6
-4.4622e-06,8.3224e-05,-16862,583.19
-4.4554e-06,8.0605e-05,-16842,564.52
-4.4484e-06,7.7605e-05,-16822,543.16
-4.4397e-06,7.4347e-05,-16795,520
-4.4313e-06,7.0297e-05,-16770,491.28
-4.4223e-06,6.6419e-05,-16742,463.82
-4.4107e-06,6.2574e-05,-16702,436.66
-4.4006e-06,5.6957e-05,-16671,397.01
-4.394e-06,5.3806e-05,-16649,374.77
-4.3874e-06,5.0747e-05,-16627,353.18
-4.3809e-06,4.8064e-05,-16606,334.24
-4.3754e-06,4.5058e-05,-16589,313.03
-4.3697e-06,4.3337e-05,-16569,300.89
-4.3602e-06,3.9549e-05,-16537,274.15
-4.3522e-06,3.56e-05,-16511,246.28
-4.3513e-06,3.3143e-05,-16510,228.93
-4.3519e-06,3.4946e-05,-16511,241.67
-4.3513e-06,3.3587e-05,-16510,232.07
-4.3524e-06,3.4634e-05,-16513,239.46
-4.3514e-06,3.4195e-05,-16510,236.37
-4.3478e-06,3.3546e-05,-16497,231.78
-4.3399e-06,3.0648e-05,-16470,211.33
-4.3258e-06,2.5776e-05,-16422,176.95
-4.3092e-06,1.8471e-05,-16368,125.4
-4.2938e-06,1.1071e-05,-16317,73.168
-4.2738e-06,4.079e-06,-16250,23.83
-4.2503e-06,-6.1432e-06,-16172,-48.313
-4.2321e-06,-1.647e-05,-16115,-121.2
-4.2165e-06,-2.2116e-05,-16062,-161.04
-4.1989e-06,-2.997e-05,-16004,-216.48
-4.1837e-06,-3.7688e-05,-15955,-270.94
-4.1656e-06,-4.4148e-05,-15894,-316.54
-4.1475e-06,-5.3073e-05,-15836,-379.52
-4.1294e-06,-6.0557e-05,-15776,-432.31
-4.1125e-06,-6.8463e-05,-15719,-488.28
-4.0956e-06,-7.6053e-05,-15657,-542.29
-4.0819e-06,-8.34e-05,-15602,-594.88
-4.0708e-06,-8.9547e-05,-15555,-639.08
-4.0593e-06,-9.5355e-05,-15503,-681.04
-4.0469e-06,-0.0001014,-15444,-724.95
-4.0378e-06,-0.00010759,-15394,-770.04
-4.0296e-06,-0.00011201,-15349,-802.4
-4.0224e-06,-0.00011668,-15306,-836.7
-4.0197e-06,-0.00012031,-15282,-863.45
-4.0198e-06,-0.00011963,-15285,-858.46
-4.0196e-06,-0.00012031,-15282,-863.43
-4.0201e-06,-0.0001198,-15286,-859.73
-4.0209e-06,-0.0001196,-15290,-858.23
-4.0231e-06,-0.00011846,-15302,-849.85
-4.027e-06,-0.00011655,-15324,-835.76
-4.0318e-06,-0.00011372,-15352,-814.96
-4.0357e-06,-0.00011134,-15375,-797.51
-4.0405e-06,-0.00010894,-15401,-779.91
-4.0465e-06,-0.00010553,-15433,-754.96
-4.0523e-06,-0.00010246,-15462,-732.61
-4.0554e-06,-9.9733e-05,-15480,-712.78
-4.0597e-06,-9.8505e-05,-15499,-703.87
-4.066e-06,-9.438e-05,-15530,-673.98
-4.0716e-06,-9.2664e-05,-15554,-661.57
-4.079e-06,-8.7999e-05,-15588,-627.92
-4.0828e-06,-8.6132e-05,-15604,-614.49
-4.086e-06,-8.4187e-05,-15617,-600.52
-4.0922e-06,-8.2361e-05,-15642,-587.42
-4.0981e-06,-7.8337e-05,-15666,-558.63
-4.1022e-06,-7.7412e-05,-15682,-552.02
-4.1079e-06,-7.3857e-05,-15703,-526.67
-4.1114e-06,-7.2791e-05,-15716,-519.08
-4.1137e-06,-7.0795e-05,-15724,-504.87
-4.1161e-06,-7.0338e-05,-15733,-501.65
-4.1178e-06,-6.8669e-05,-15738,-489.8
-4.1177e-06,-6.8875e-05,-15738,-491.25
-4.1227e-06,-6.8064e-05,-15756,-485.5
-4.1309e-06,-6.3772e-05,-15785,-455.05
-4.1356e-06,-6.1958e-05,-15800,-442.27
-4.1435e-06,-5.8351e-05,-15827,-416.79
-4.1481e-06,-5.6313e-05,-15842,-402.4
-4.1591e-06,-5.3131e-05,-15880,-379.95
-4.164e-06,-4.8648e-05,-15893,-348.3
-4.1681e-06,-4.7869e-05,-15908,-342.81
-4.1757e-06,-4.441e-05,-15933,-318.4
-4.1845e-06,-4.1009e-05,-15962,-294.4
-4.1906e-06,-3.7256e-05,-15981,-267.9
-4.1967e-06,-3.5673e-05,-16003,-256.74
-4.2075e-06,-3.1077e-05,-16038,-224.3
-4.219e-06,-2.6767e-05,-16077,-193.89
-4.2352e-06,-1.9382e-05,-16130,-141.77
-4.2505e-06,-1.3494e-05,-16181,-100.22
-4.2675e-06,-6.0962e-06,-16238,-48.001
-4.29e-06,2.6962e-06,-16313,14.048
-4.3168e-06,1.4279e-05,-16401,95.791
-4.3449e-06,2.5695e-05,-16495,176.36
-4.3731e-06,3.9717e-05,-16586,275.32
-4.3811e-06,4.878e-05,-16606,339.31
-4.3593e-06,4.4394e-05,-16528,308.36
-4.3246e-06,3.1736e-05,-16411,219.04
-4.2898e-06,1.8938e-05,-16293,128.72
-4.2571e-06,6.389e-06,-16184,40.158
-4.2265e-06,-4.8435e-06,-16080,-39.109
-4.1979e-06,-1.5907e-05,-15984,-117.19
-4.178e-06,-2.5092e-05,-15919,-182.01
-4.17e-06,-2.9458e-05,-15894,-212.82
-4.1977e-06,-2.7353e-05,-15997,-198
-4.2225e-06,-1.5092e-06,-16061,-15.564
-4.2173e-06,2.8413e-05,-16006,195.7
-4.1903e-06,5.8219e-05,-15869,406.17
-4.1685e-06,8.6492e-05,-15727,607.58
-3.6965e-06,0.00010197,-13850,721.37
-3.9064e-06,0.00012012,-14563,853.36
-3.8932e-06,0.00010116,-14617,714.46
-3.8894e-06,9.8743e-05,-14613,696.86
-3.8866e-06,9.6195e-05,-14613,678.37
-3.881e-06,9.3761e-05,-14602,660.74
-3.8754e-06,9.1329e-05,-14590,643.16
-3.8701e-06,8.8891e-05,-14578,625.57
-3.8648e-06,8.6443e-05,-14567,607.93
-3.8587e-06,8.4012e-05,-14551,590.44
-3.8529e-06,8.1593e-05,-14537,573.03
-3.8481e-06,7.9141e-05,-14525,555.5
-3.8442e-06,7.6806e-05,-14517,538.78
-3.8403e-06,7.5448e-05,-14505,529.08
-3.8352e-06,7.4133e-05,-14489,519.7
-3.8307e-06,7.2798e-05,-14475,510.17
-3.8264e-06,7.1469e-05,-14462,500.7
-3.8224e-06,7.0132e-05,-14449,491.18
-3.8183e-06,6.8791e-05,-14436,481.63
-3.8138e-06,6.746e-05,-14422,472.18
-3.81e-06,6.6111e-05,-14410,462.6
-3.8062e-06,6.4767e-05,-14398,453.05
-3.8024e-06,6.3422e-05,-14385,443.51
-3.7986e-06,6.2064e-05,-14373,433.89
-3.7948e-06,6.0718e-05,-14361,424.35
-3.7909e-06,5.9369e-05,-14348,414.81
-3.7869e-06,5.8036e-05,-14335,405.38
-3.7834e-06,5.6669e-05,-14323,395.71
-3.7799e-06,5.5316e-05,-14312,386.15
-3.7764e-06,5.3963e-05,-14300,376.6
-3.7729e-06,5.261e-05,-14288,367.05
-3.7692e-06,5.1251e-05,-14276,357.46
-3.7655e-06,4.9901e-05,-14263,347.93
-3.7622e-06,4.8539e-05,-14252,338.32
-3.7588e-06,4.718e-05,-14241,328.73
-3.7552e-06,4.5825e-05,-14229,319.16
-3.7516e-06,4.4458e-05,-14217,309.52
-3.7476e-06,4.3125e-05,-14203,300.11
-3.7442e-06,4.1763e-05,-14192,290.5
-3.7406e-06,4.0407e-05,-14180,280.93
-3.737e-06,3.9041e-05,-14167,271.29
-3.7333e-06,3.769e-05,-14155,261.76
-3.7293e-06,3.6352e-05,-14141,252.32
-3.7257e-06,3.4995e-05,-14129,242.74
-3.7218e-06,3.3633e-05,-14116,233.13
-3.718e-06,3.2288e-05,-14103,223.64
-3.714e-06,3.0946e-05,-14089,214.16
-3.7099e-06,2.9607e-05,-14075,204.72
-3.7058e-06,2.8267e-05,-14061,195.26
-3.7017e-06,2.6915e-05,-14047,185.72
-3.6977e-06,2.5577e-05,-14033,176.28
-3.6936e-06,2.4238e-05,-14020,166.83
-3.6895e-06,2.2898e-05,-14006,157.37
-3.6854e-06,2.1546e-05,-13992,147.84
-3.6813e-06,2.0208e-05,-13978,138.39
-3.6773e-06,1.8869e-05,-13964,128.94
-3.6736e-06,1.7524e-05,-13951,119.45
-3.6703e-06,1.6153e-05,-13940,109.78
-3.667e-06,1.4793e-05,-13929,100.18
-3.6637e-06,1.3432e-05,-13918,90.571
-3.6604e-06,1.2069e-05,-13907,80.954
-3.6571e-06,1.0695e-05,-13896,71.253
-3.6538e-06,9.3336e-06,-13886,61.649
-3.6506e-06,7.9727e-06,-13875,52.045
-3.6473e-06,6.6118e-06,-13864,42.44
-3.644e-06,5.2492e-06,-13853,32.824
-3.6407e-06,3.8746e-06,-13842,23.122
-3.6374e-06,2.5137e-06,-13831,13.518
-3.6341e-06,1.1527e-06,-13820,3.9135
-3.6308e-06,-2.0996e-07,-13809,-5.7034
-3.6274e-06,-1.5843e-06,-13798,-15.403
-3.624e-06,-2.9406e-06,-13786,-24.974
-3.6203e-06,-4.2961e-06,-13774,-34.54
-3.6165e-06,-5.6426e-06,-13761,-44.042
-3.6124e-06,-7.0002e-06,-13747,-53.622
-3.6081e-06,-8.3321e-06,-13732,-63.02
-3.6038e-06,-9.6641e-06,-13717,-72.419
-3.5995e-06,-1.0998e-05,-13702,-81.83
-3.5951e-06,-1.2343e-05,-13688,-91.324
-3.5909e-06,-1.3675e-05,-13673,-100.72
-3.5849e-06,-1.5129e-05,-13652,-110.98
-3.5772e-06,-1.7519e-05,-13625,-127.84
-3.5706e-06,-1.9916e-05,-13603,-144.76
-3.5648e-06,-2.2372e-05,-13584,-162.09
-3.5577e-06,-2.4792e-05,-13560,-179.17
-3.5503e-06,-2.719e-05,-13534,-196.09
-3.543e-06,-2.959e-05,-13509,-213.03
-3.5356e-06,-3.199e-05,-13484,-229.97
-3.4733e-06,-3.9054e-05,-13255,-279.76
-3.2755e-06,-9.3426e-05,-12485,-668.67
-3.3391e-06,-0.00025971,-11185,-1944.1
-4.6078e-06,-0.0005768,-9889.3,-4546.2
