0.00033031,-0.011955,-3.0323e+05,-58481
-2.831e-05,-0.0037662,-2.502e+05,-36853
-3.7626e-05,-0.0018484,-1.7653e+05,-21303
-3.7647e-05,-0.00082599,-1.6744e+05,-9796.1
-3.9254e-05,-0.00018681,-1.6395e+05,-2796.5
-4.0282e-05,0.00026733,-1.5891e+05,2039.4
-4.0727e-05,0.00040954,-1.5783e+05,3551.2
-4.0927e-05,0.00045428,-1.5774e+05,4025.6
-4.0872e-05,0.00042892,-1.5803e+05,3755.5
-4.0778e-05,0.00038027,-1.5863e+05,3237.2
-4.0652e-05,0.00031448,-1.5946e+05,2536.2
-4.0467e-05,0.00024809,-1.6005e+05,1830
-4.0262e-05,0.00018034,-1.6059e+05,1109.7
-4.0034e-05,0.0001078,-1.6114e+05,338.44
-3.9851e-05,3.8383e-05,-1.618e+05,-400.17
-3.9774e-05,-1.5929e-06,-1.623e+05,-826.11
-3.9798e-05,2.5256e-06,-1.6231e+05,-782.56
-3.9872e-05,3.9839e-05,-1.6186e+05,-385.02
-3.996e-05,7.7686e-05,-1.6144e+05,17.947
-4.0074e-05,0.00012957,-1.6086e+05,570.51
-4.0171e-05,0.00017486,-1.6033e+05,1052.8
-4.022e-05,0.00020656,-1.5989e+05,1390.8
-4.0272e-05,0.00022494,-1.5973e+05,1586.4
-4.0319e-05,0.00025212,-1.5936e+05,1876
-4.0381e-05,0.0002631,-1.5939e+05,1992.3
-4.0412e-05,0.00029014,-1.5897e+05,2280.8
-4.0475e-05,0.00030705,-1.5888e+05,2460.4
-4.0503e-05,0.00033814,-1.5837e+05,2792.2
-4.0532e-05,0.00034708,-1.583e+05,2887.2
-4.056e-05,0.00036721,-1.5801e+05,3101.9
-4.0609e-05,0.00038162,-1.5792e+05,3255.1
-4.0673e-05,0.00041579,-1.5748e+05,3619.2
-4.0682e-05,0.0004299,-1.5723e+05,3769.9
-4.0666e-05,0.00042772,-1.5721e+05,3746.8
-4.0729e-05,0.00043268,-1.5737e+05,3798.6
-4.0774e-05,0.00046325,-1.5693e+05,4124.6
-4.0765e-05,0.00045692,-1.5702e+05,4057.1
-4.0807e-05,0.00048033,-1.5672e+05,4306.5
-4.0902e-05,0.00050759,-1.5655e+05,4596.2
-4.0993e-05,0.00054945,-1.5607e+05,5042
-4.0981e-05,0.00055264,-1.5596e+05,5076.3
-4.0987e-05,0.00056158,-1.558e+05,5171.8
-4.0959e-05,0.00055422,-1.5584e+05,5093.7
-4.0914e-05,0.00054677,-1.558e+05,5014.9
-4.0882e-05,0.00052284,-1.5616e+05,4759.7
-4.0856e-05,0.0005226,-1.5606e+05,4757.6
-4.0835e-05,0.00051053,-1.5622e+05,4628.9
-4.0819e-05,0.00051667,-1.5603e+05,4694.9
-4.0796e-05,0.00050678,-1.5614e+05,4589.6
-4.0759e-05,0.00050129,-1.561e+05,4531.7
-4.0769e-05,0.00048973,-1.5637e+05,4407.8
-4.0804e-05,0.00050271,-1.5625e+05,4546
-4.0776e-05,0.00050374,-1.5612e+05,4557.6
-4.0786e-05,0.00049675,-1.563e+05,4482.6
-4.077e-05,0.00048584,-1.5646e+05,4366.3
-4.0796e-05,0.00048146,-1.5665e+05,4318.9
-4.0766e-05,0.00046248,-1.5691e+05,4116.6
-4.0706e-05,0.00043357,-1.5725e+05,3808.6
-4.0654e-05,0.00039244,-1.5788e+05,3369.9
-4.0605e-05,0.0003495,-1.5855e+05,2911.6
-4.0599e-05,0.00034566,-1.5860e+05,2870.7
-4.0636e-05,0.00034305,-1.5881e+05,2842
-4.0707e-05,0.00038316,-1.5828e+05,3269.5
-4.0741e-05,0.00041549,-1.5776e+05,3614.5
-4.0761e-05,0.00042198,-1.5772e+05,3683.5
-4.0767e-05,0.00042414,-1.577e+05,3706.5
-4.0767e-05,0.00041665,-1.5785e+05,3626.4
-4.0751e-05,0.00041212,-1.5788e+05,3578.3
-4.0669e-05,0.0003859,-1.5808e+05,3299.6
-4.0637e-05,0.00034401,-1.5879e+05,2852.3
-4.0588e-05,0.00032419,-1.59e+05,2641.3
-4.0524e-05,0.00030064,-1.5922e+05,2390.7
-4.0459e-05,0.00027208,-1.5953e+05,2086.7
-4.0386e-05,0.00023903,-1.5991e+05,1734.7
-4.0344e-05,0.00021062,-1.6031e+05,1431.8
-4.031e-05,0.00018833,-1.6062e+05,1194
-4.0228e-05,0.00016149,-1.6084e+05,908.78
-4.013e-05,0.00011919,-1.613e+05,458.33
-4.0039e-05,9.2014e-05,-1.6148e+05,169.58
-3.9963e-05,5.6134e-05,-1.619e+05,-212.59
-3.9909e-05,3.4495e-05,-1.6212e+05,-442.91
-3.9841e-05,1.0185e-05,-1.6233e+05,-701.5
-3.9767e-05,-1.7793e-05,-1.626e+05,-999.2
-3.97e-05,-4.9245e-05,-1.6297e+05,-1334.2
-3.9614e-05,-8.037e-05,-1.6325e+05,-1665.3
-3.953e-05,-0.00012449,-1.638e+05,-2135.4
-3.948e-05,-0.00015938,-1.6431e+05,-2507.6
-3.9437e-05,-0.00018639,-1.6468e+05,-2795.5
-3.9354e-05,-0.00021915,-1.6501e+05,-3144.2
-3.9268e-05,-0.00026349,-1.6557e+05,-3616.7
-3.9177e-05,-0.00029228,-1.6578e+05,-3922.7
-3.9098e-05,-0.00032957,-1.6622e+05,-4319.9
-3.9045e-05,-0.00035296,-1.6648e+05,-4569.1
-3.9001e-05,-0.00037242,-1.6669e+05,-4776.2
-3.8962e-05,-0.00039337,-1.6696e+05,-4999.6
-3.8915e-05,-0.00041205,-1.6715e+05,-5198.4
-3.8862e-05,-0.00042879,-1.6727e+05,-5376.3
-3.8805e-05,-0.00044895,-1.6745e+05,-5590.8
-3.8768e-05,-0.00046404,-1.6761e+05,-5751.4
-3.8783e-05,-0.00047265,-1.6785e+05,-5843.8
-3.8783e-05,-0.00046578,-1.6771e+05,-5770.4
-3.876e-05,-0.00047427,-1.6778e+05,-5860.6
-3.8763e-05,-0.00048083,-1.6793e+05,-5930.9
-3.8748e-05,-0.00048024,-1.6786e+05,-5924.2
-3.8719e-05,-0.00048375,-1.6781e+05,-5961.2
-3.8716e-05,-0.00048926,-1.6791e+05,-6020.1
-3.868e-05,-0.0004845,-1.6767e+05,-5968.5
-3.8631e-05,-0.0004834,-1.6744e+05,-5955.7
-3.8608e-05,-0.00047179,-1.6711e+05,-5831
-3.8553e-05,-0.00047147,-1.6688e+05,-5826.5
-3.8527e-05,-0.0004626,-1.666e+05,-5731.1
-3.8563e-05,-0.00045695,-1.6663e+05,-5671.4
-3.8589e-05,-0.00044184,-1.6643e+05,-5510.3
-3.8603e-05,-0.00043907,-1.6643e+05,-5481
-3.8654e-05,-0.00043033,-1.6646e+05,-5388.6
-3.8712e-05,-0.00041923,-1.6647e+05,-5271
-3.8734e-05,-0.00040626,-1.6629e+05,-5132.7
-3.8726e-05,-0.00040198,-1.6617e+05,-5086.8
-3.8759e-05,-0.00040653,-1.664e+05,-5136.1
-3.8753e-05,-0.00039189,-1.6608e+05,-4979.4
-3.8802e-05,-0.00039312,-1.663e+05,-4993.6
-3.889e-05,-0.0003684,-1.6616e+05,-4731
-3.889e-05,-0.00036232,-1.6604e+05,-4666.1
-3.8878e-05,-0.00036364,-1.6601e+05,-4679.8
-3.8965e-05,-0.00035002,-1.6609e+05,-4535.9
-3.8997e-05,-0.000331,-1.6583e+05,-4333.2
-3.9036e-05,-0.00032686,-1.6591e+05,-4289.7
-3.9126e-05,-0.00030363,-1.658e+05,-4043.1
-3.9119e-05,-0.00029171,-1.6553e+05,-3915.5
-3.9106e-05,-0.00029036,-1.6545e+05,-3900.8
-3.9104e-05,-0.00029003,-1.6544e+05,-3897.2
-3.9084e-05,-0.00028618,-1.6528e+05,-3855.7
-3.907e-05,-0.00029493,-1.654e+05,-3948.9
-3.9098e-05,-0.00029025,-1.6542e+05,-3899.4
-3.9091e-05,-0.00028261,-1.6523e+05,-3817.6
-3.908e-05,-0.00029608,-1.6546e+05,-3961.4
-3.9063e-05,-0.0002942,-1.6536e+05,-3940.9
-3.9028e-05,-0.00030982,-1.6553e+05,-4107.3
-3.9029e-05,-0.00031797,-1.657e+05,-4194.5
-3.8978e-05,-0.00031846,-1.655e+05,-4198.7
-3.8946e-05,-0.00034501,-1.6591e+05,-4482
-3.9003e-05,-0.00032359,-1.6571e+05,-4254.1
-3.907e-05,-0.00030027,-1.6551e+05,-4006
-3.9082e-05,-0.00028252,-1.652e+05,-3816.5
-3.9085e-05,-0.00028535,-1.6526e+05,-3846.8
-3.912e-05,-0.00026627,-1.6502e+05,-3643.4
-3.9185e-05,-0.00025021,-1.6495e+05,-3473
-3.9288e-05,-0.00020469,-1.6445e+05,-2988.3
-3.9397e-05,-0.00016498,-1.6409e+05,-2565.8
-3.9565e-05,-0.00010366,-1.6352e+05,-1913.4
-3.9805e-05,-1.5452e-05,-1.6271e+05,-974.96
-4.0104e-05,9.7599e-05,-1.6163e+05,227.99
-4.0441e-05,0.00022388,-1.6044e+05,1571.6
-4.0823e-05,0.00038063,-1.5881e+05,3240.1
-4.1123e-05,0.00051354,-1.5733e+05,4655.3
-4.1188e-05,0.000558,-1.5669e+05,5129.5
-4.1024e-05,0.00054275,-1.5634e+05,4969.7
-4.095e-05,0.00050845,-1.5673e+05,4604.4
-4.0783e-05,0.00045104,-1.5722e+05,3993.8
-4.0477e-05,0.00036663,-1.5768e+05,3097.4
-3.9995e-05,0.00023943,-1.583e+05,1746.9
-3.9356e-05,4.8206e-05,-1.5958e+05,-285.08
-3.8635e-05,-0.00015244,-1.6072e+05,-2416.3
-3.7818e-05,-0.00036399,-1.617e+05,-4662.1
-3.7125e-05,-0.00058745,-1.6311e+05,-7059.9
-3.6869e-05,-0.00080073,-1.6411e+05,-9487.3
-3.6732e-05,-0.0010107,-1.643e+05,-11943
-3.6507e-05,-0.0012146,-1.6486e+05,-14256
-2.8013e-05,-0.0012539,-1.3025e+05,-14490
-2.9292e-05,-0.00049675,-1.2994e+05,-5886.3
-3.0641e-05,0.00013177,-1.2233e+05,785.97
-3.1325e-05,0.00041848,-1.1929e+05,3838
-3.1666e-05,0.00067397,-1.1544e+05,6582.6
-3.1593e-05,0.00067008,-1.1634e+05,6472.1
-3.1788e-05,0.00064732,-1.1604e+05,6313.9
-3.1682e-05,0.00063222,-1.1611e+05,6141
-3.1453e-05,0.00062871,-1.1599e+05,6061.1
-3.1375e-05,0.00061712,-1.1644e+05,5901.5
-3.1359e-05,0.00060328,-1.1661e+05,5756.4
-3.1332e-05,0.00058993,-1.1675e+05,5614.9
-3.1311e-05,0.00057622,-1.1687e+05,5472.7
-3.1267e-05,0.00057087,-1.1726e+05,5382.5
-3.1258e-05,0.00056318,-1.1732e+05,5303.5
-3.1245e-05,0.00055542,-1.1737e+05,5224.6
-3.1234e-05,0.00054794,-1.1745e+05,5146
-3.123e-05,0.00054014,-1.1753e+05,5066.5
-3.1223e-05,0.00053217,-1.1758e+05,4986.9
-3.1213e-05,0.00052472,-1.1764e+05,4910.4
-3.1212e-05,0.00051672,-1.1773e+05,4829.3
-3.1206e-05,0.00050874,-1.1777e+05,4750
-3.1198e-05,0.00050126,-1.1782e+05,4675
-3.1198e-05,0.00049312,-1.1792e+05,4592.7
-3.119e-05,0.00048522,-1.1795e+05,4514.7
-3.1186e-05,0.00047758,-1.18e+05,4438.6
-3.1186e-05,0.00046949,-1.1808e+05,4357.9
-3.1181e-05,0.00046148,-1.1812e+05,4279.5
-3.1173e-05,0.00045367,-1.1817e+05,4202.1
-3.1171e-05,0.00044587,-1.1824e+05,4123.5
-3.1156e-05,0.00043803,-1.1821e+05,4049.7
-3.1137e-05,0.00043062,-1.1828e+05,3971.1
-3.1117e-05,0.00042316,-1.1835e+05,3892
-3.1097e-05,0.00041579,-1.1841e+05,3813.7
-3.1077e-05,0.00040843,-1.1848e+05,3735.5
-3.1057e-05,0.00040105,-1.1855e+05,3657
-3.1038e-05,0.00039361,-1.1862e+05,3577.8
-3.1018e-05,0.00038625,-1.1869e+05,3499.5
-3.0998e-05,0.00037888,-1.1876e+05,3421.1
-3.0978e-05,0.00037151,-1.1883e+05,3342.7
-3.0958e-05,0.00036407,-1.189e+05,3263.5
-3.0939e-05,0.0003567,-1.1896e+05,3185.2
-3.0919e-05,0.00034934,-1.1903e+05,3106.8
-3.0899e-05,0.00034197,-1.191e+05,3028.4
-3.0879e-05,0.00033453,-1.1917e+05,2949.2
-3.0859e-05,0.00032716,-1.1924e+05,2870.9
-3.0839e-05,0.0003198,-1.1931e+05,2792.6
-3.082e-05,0.00031244,-1.1938e+05,2714.2
-3.08e-05,0.00030506,-1.1945e+05,2635.8
-3.078e-05,0.00029763,-1.1952e+05,2556.7
-3.076e-05,0.00029026,-1.1959e+05,2478.3
-3.074e-05,0.0002829,-1.1966e+05,2400
-3.072e-05,0.00027553,-1.1973e+05,2321.6
-3.0701e-05,0.00026809,-1.198e+05,2242.4
-3.0681e-05,0.00026073,-1.1986e+05,2164.1
-3.0661e-05,0.00025337,-1.1993e+05,2085.8
-3.0641e-05,0.000246,-1.2e+05,2007.4
-3.062e-05,0.00023858,-1.2007e+05,1928.4
-3.06e-05,0.00023123,-1.2013e+05,1850.3
-3.0579e-05,0.00022388,-1.202e+05,1772.1
-3.0559e-05,0.00021652,-1.2027e+05,1693.9
-3.0538e-05,0.0002091,-1.2033e+05,1614.9
-3.0518e-05,0.00020175,-1.204e+05,1536.8
-3.0497e-05,0.00019441,-1.2046e+05,1458.6
-3.0477e-05,0.00018706,-1.2053e+05,1380.5
-3.0456e-05,0.0001797,-1.206e+05,1302.2
-3.0436e-05,0.00017228,-1.2066e+05,1223.3
-3.0415e-05,0.00016494,-1.2073e+05,1145.1
-3.0395e-05,0.00015759,-1.208e+05,1067
-3.0374e-05,0.00015024,-1.2086e+05,988.74
-3.0354e-05,0.00014281,-1.2093e+05,909.8
-3.0334e-05,0.00013547,-1.21e+05,831.63
-3.0314e-05,0.00012812,-1.2106e+05,753.45
-3.0293e-05,0.00012075,-1.2113e+05,675.1
-3.0274e-05,0.00011332,-1.212e+05,596.05
-3.0254e-05,0.00010596,-1.2127e+05,517.7
-3.0234e-05,9.8595e-05,-1.2134e+05,439.36
-3.0215e-05,9.1222e-05,-1.2141e+05,360.92
-3.0195e-05,8.3785e-05,-1.2148e+05,281.79
-3.0175e-05,7.6422e-05,-1.2155e+05,203.45
-3.0148e-05,6.8392e-05,-1.216e+05,118.13
-3.0113e-05,5.5172e-05,-1.2173e+05,-22.53
-3.0077e-05,4.1954e-05,-1.2185e+05,-163.14
-3.004e-05,2.8774e-05,-1.2197e+05,-303.34
-3.0004e-05,1.5572e-05,-1.2209e+05,-443.8
-2.9969e-05,2.3573e-06,-1.2221e+05,-584.4
-2.9933e-05,-1.0858e-05,-1.2234e+05,-724.99
-2.9905e-05,-2.3452e-05,-1.2248e+05,-859.1
-2.9684e-05,-4.7966e-05,-1.2208e+05,-1116.8
-2.8844e-05,-0.00026193,-1.23e+05,-3387.9
-2.9512e-05,-0.00089762,-1.3369e+05,-10518
5.4555e-05,-0.0035735,-2123,-28023
