1.7882e-05,-0.003702,-40261,-19550
-1.2083e-05,-0.0023158,-44632,-16160
-1.6353e-05,-0.0012977,-46037,-10145
-1.499e-05,-0.00066479,-53205,-5016.8
-1.5536e-05,-0.00025787,-59589,-1825.3
-1.6309e-05,5.3762e-05,-61968,360.72
-1.642e-05,0.00020703,-62230,1441.5
-1.6592e-05,0.00028455,-62834,1987.2
-1.6524e-05,0.00027867,-62550,1947.3
-1.6407e-05,0.00023802,-62121,1661.8
-1.6312e-05,0.00017058,-61844,1185.5
-1.6165e-05,0.00010201,-61362,701.47
-1.5984e-05,3.6184e-05,-60753,236.92
-1.5823e-05,-2.3054e-05,-60207,-181.15
-1.5702e-05,-7.9431e-05,-59812,-579.07
-1.5657e-05,-0.00011048,-59677,-798.27
-1.5674e-05,-0.00011377,-59748,-821.5
-1.5732e-05,-9.0692e-05,-59939,-658.61
-1.5796e-05,-6.4673e-05,-60152,-474.97
-1.5864e-05,-3.2495e-05,-60374,-247.86
-1.5932e-05,-4.2582e-06,-60601,-48.572
-1.5992e-05,2.488e-05,-60795,157.09
-1.6057e-05,5.0503e-05,-61014,337.93
-1.6129e-05,8.3956e-05,-61248,574.04
-1.6247e-05,0.00010795,-61668,743.29
-1.6297e-05,0.00014369,-61819,995.59
-1.6337e-05,0.00017139,-61937,1191.1
-1.6399e-05,0.00020399,-62134,1421.2
-1.644e-05,0.00022542,-62270,1572.3
-1.6486e-05,0.00025127,-62474,1750.4
-1.6506e-05,0.00026561,-62562,1849.8
-1.6532e-05,0.00028336,-62691,1971.8
-1.6557e-05,0.0002925,-62835,2032.3
-1.6536e-05,0.00029878,-62788,2073.9
-1.6518e-05,0.00029529,-62773,2046
-1.6453e-05,0.00029883,-62651,2062.2
-1.6444e-05,0.00028443,-62645,1959.6
-1.6358e-05,0.00028013,-62378,1925.5
-1.63e-05,0.00026781,-62091,1843.7
-1.6266e-05,0.00026053,-61905,1796.5
-1.6315e-05,0.00025372,-62014,1754.2
-1.6383e-05,0.00027028,-62441,1858.2
-1.6378e-05,0.00028106,-62525,1926.8
-1.6397e-05,0.00028629,-62640,1960.7
-1.6407e-05,0.00028276,-62622,1939.8
-1.6414e-05,0.00028794,-62716,1971.6
-1.6428e-05,0.00028529,-62744,1954.5
-1.644e-05,0.00029207,-62866,1997
-1.6427e-05,0.00030132,-62896,2056.6
-1.6387e-05,0.00028951,-62674,1978.5
-1.6356e-05,0.00027553,-62408,1890.5
-1.6336e-05,0.00027411,-62321,1881.3
-1.635e-05,0.00027263,-62358,1872
-1.6383e-05,0.00026641,-62392,1834.5
-1.6428e-05,0.00026405,-62523,1820.9
-1.6459e-05,0.00028041,-62766,1926.8
-1.6483e-05,0.0002714,-62767,1870
-1.647e-05,0.00029057,-62788,1999.7
-1.6386e-05,0.00025653,-62276,1774.3
-1.635e-05,0.00023428,-61973,1631
-1.6334e-05,0.00021028,-61882,1465.7
-1.6262e-05,0.00021387,-61603,1491.2
-1.6248e-05,0.00019196,-61575,1336.5
-1.6258e-05,0.00020009,-61604,1393.8
-1.6317e-05,0.00019776,-61832,1377.3
-1.6269e-05,0.00019777,-61649,1377.4
-1.6281e-05,0.00019214,-61700,1337.6
-1.632e-05,0.00019697,-61843,1371.7
-1.6359e-05,0.00019324,-61997,1345.4
-1.639e-05,0.00019605,-62113,1365.2
-1.6436e-05,0.00021938,-62257,1529.8
-1.649e-05,0.00024616,-62533,1711.6
-1.6529e-05,0.00026283,-62725,1825.2
-1.6545e-05,0.00027877,-62800,1936
-1.6527e-05,0.00027333,-62719,1898.7
-1.6479e-05,0.00025974,-62514,1805
-1.6422e-05,0.00023221,-62226,1617.8
-1.637e-05,0.00020919,-62018,1457.9
-1.6308e-05,0.00018449,-61813,1283.6
-1.6247e-05,0.00015713,-61613,1090.5
-1.6194e-05,0.00013075,-61439,904.36
-1.6134e-05,0.00010829,-61239,745.82
-1.6078e-05,8.0967e-05,-61057,553
-1.6023e-05,5.7896e-05,-60876,390.18
-1.5956e-05,3.029e-05,-60651,195.34
-1.5886e-05,4.9022e-07,-60419,-14.984
-1.5823e-05,-3.1535e-05,-60217,-241.03
-1.5753e-05,-5.6931e-05,-59980,-420.26
-1.5683e-05,-9.0809e-05,-59753,-659.38
-1.5626e-05,-0.00011843,-59568,-854.32
-1.564e-05,-0.00013983,-59650,-1005.4
-1.553e-05,-0.00016408,-59257,-1176.5
-1.5473e-05,-0.0001874,-59069,-1341.1
-1.5431e-05,-0.00020186,-58923,-1443.2
-1.5372e-05,-0.00022442,-58752,-1600.5
-1.5311e-05,-0.00023857,-58556,-1699.2
-1.5271e-05,-0.00025657,-58537,-1818.3
-1.5234e-05,-0.00027029,-58465,-1912.7
-1.5176e-05,-0.00028505,-58265,-2017.8
-1.515e-05,-0.00029343,-58105,-2082.4
-1.5154e-05,-0.00029922,-58186,-2120
-1.5098e-05,-0.00030634,-58068,-2165.6
-1.5079e-05,-0.00031486,-57844,-2236.7
-1.5054e-05,-0.00031673,-57772,-2248.8
-1.5052e-05,-0.00032037,-57794,-2273.4
-1.5096e-05,-0.0003167,-57955,-2247.4
-1.504e-05,-0.00031363,-58003,-2209.2
-1.5009e-05,-0.00030987,-57859,-2183.5
-1.5017e-05,-0.00030396,-58143,-2123.9
-1.4963e-05,-0.00030117,-58277,-2080
-1.4963e-05,-0.00029456,-58160,-2039.7
-1.4984e-05,-0.00028647,-58484,-1962.6
-1.4998e-05,-0.0002796,-58380,-1923.4
-1.5046e-05,-0.00027188,-58398,-1878.9
-1.5028e-05,-0.00026805,-58258,-1856.4
-1.5101e-05,-0.00025913,-58340,-1805.4
-1.5153e-05,-0.00025288,-58422,-1768.6
-1.518e-05,-0.00024862,-58444,-1743.7
-1.5169e-05,-0.00025106,-58438,-1758.7
-1.5223e-05,-0.00024069,-58476,-1696.2
-1.5237e-05,-0.00024234,-58542,-1707
-1.5282e-05,-0.00023453,-58598,-1659.3
-1.5296e-05,-0.00023529,-58656,-1664.5
-1.5288e-05,-0.00023572,-58629,-1667.3
-1.533e-05,-0.00023361,-58751,-1655
-1.5339e-05,-0.00022707,-58719,-1612.8
-1.5374e-05,-0.00023013,-58873,-1633.1
-1.54e-05,-0.00022255,-58897,-1584.6
-1.5387e-05,-0.00022392,-58860,-1593.3
-1.5406e-05,-0.00022266,-58914,-1585.5
-1.5394e-05,-0.00022458,-58888,-1598
-1.5399e-05,-0.00022142,-58878,-1577.5
-1.5403e-05,-0.00022225,-58898,-1583.1
-1.5417e-05,-0.00022006,-58940,-1568.4
-1.5428e-05,-0.00021297,-58939,-1520.7
-1.5434e-05,-0.00021343,-58965,-1523.8
-1.5443e-05,-0.00020745,-58976,-1482.6
-1.5442e-05,-0.00020818,-58974,-1487.8
-1.5452e-05,-0.00020634,-59010,-1474.8
-1.5454e-05,-0.00020033,-59013,-1432.4
-1.5453e-05,-0.00020428,-59013,-1460.3
-1.5465e-05,-0.0001997,-59051,-1428
-1.5483e-05,-0.00019384,-59114,-1386.6
-1.5498e-05,-0.00018472,-59159,-1322.2
-1.552e-05,-0.00017995,-59239,-1288.5
-1.5558e-05,-0.00016235,-59362,-1164.3
-1.5602e-05,-0.00014826,-59515,-1064.9
-1.5678e-05,-0.00011591,-59764,-836.56
-1.5757e-05,-8.5362e-05,-60028,-621
-1.5849e-05,-4.7194e-05,-60334,-351.62
-1.597e-05,1.7181e-06,-60737,-6.4143
-1.6113e-05,6.2689e-05,-61212,423.91
-1.6266e-05,0.00012445,-61720,859.79
-1.6406e-05,0.00019604,-62170,1365.1
-1.6474e-05,0.0002472,-62365,1726.7
-1.6417e-05,0.0002432,-62152,1698.6
-1.6264e-05,0.00019483,-61634,1356.8
-1.6086e-05,0.00012842,-61036,888.12
-1.5918e-05,6.3292e-05,-60470,428.49
-1.5757e-05,5.9611e-06,-59924,23.867
-1.5552e-05,-5.5654e-05,-59215,-410.95
-1.5259e-05,-0.00015193,-58213,-1090.3
-1.4948e-05,-0.00027192,-57946,-1884.4
-1.4687e-05,-0.00037497,-57170,-2607.5
-1.456e-05,-0.0004387,-54612,-3198.1
-1.4756e-05,-0.00037726,-55532,-2748.3
-1.5407e-05,-0.00030075,-58389,-2179.5
-1.5868e-05,-0.00027047,-60401,-1947.4
-1.1865e-05,-0.00019967,-45176,-1437
-1.3072e-05,1.397e-05,-49703,83.367
-1.3971e-05,0.00044701,-52509,3181.9
-1.3922e-05,0.00040643,-52798,2863.8
-1.383e-05,0.00039881,-53133,2769.5
-1.3759e-05,0.00039162,-52932,2711.2
-1.3683e-05,0.00038366,-52475,2660.6
-1.3377e-05,0.00037545,-50375,2650.3
-1.2846e-05,0.00039158,-49828,2660.8
-1.2739e-05,0.00038366,-49296,2613.1
-1.275e-05,0.0003765,-49217,2570.3
-1.2877e-05,0.00036028,-49682,2457.2
-1.2834e-05,0.00035047,-49426,2394.4
-1.2739e-05,0.00034988,-48944,2397.8
-1.2828e-05,0.00034168,-49288,2340.3
-1.2879e-05,0.00033608,-49446,2303.3
-1.3069e-05,0.00032565,-50172,2229.6
-1.311e-05,0.0003165,-50303,2166.9
-1.308e-05,0.00031251,-50130,2142.7
-1.3172e-05,0.00030329,-50456,2079.4
-1.3169e-05,0.00029781,-50406,2043.8
-1.3168e-05,0.00029236,-50354,2008.8
-1.3169e-05,0.00028678,-50311,1972.7
-1.3171e-05,0.00028111,-50268,1936.2
-1.3174e-05,0.00027548,-50242,1899.2
-1.3172e-05,0.00026987,-50198,1862.5
-1.3165e-05,0.00026452,-50132,1827.8
-1.316e-05,0.00025909,-50064,1792.9
-1.3155e-05,0.0002537,-50013,1757.4
-1.3154e-05,0.00024823,-49981,1721.1
-1.3143e-05,0.00024284,-49903,1686
-1.313e-05,0.00023772,-49824,1652.1
-1.3116e-05,0.00023255,-49755,1617.4
-1.3103e-05,0.00022744,-49678,1583.4
-1.3089e-05,0.00022233,-49610,1548.8
-1.3075e-05,0.00021724,-49550,1513.7
-1.306e-05,0.0002121,-49484,1478.5
-1.3046e-05,0.00020701,-49437,1442.5
-1.3032e-05,0.00020192,-49384,1406.8
-1.3018e-05,0.00019683,-49324,1371.6
-1.3003e-05,0.00019169,-49272,1335.5
-1.2989e-05,0.00018661,-49208,1300.8
-1.2975e-05,0.00018152,-49154,1265.2
-1.296e-05,0.00017643,-49088,1230.6
-1.2946e-05,0.00017129,-49039,1194.3
-1.2931e-05,0.0001662,-48990,1158.4
-1.2917e-05,0.00016112,-48942,1122.5
-1.2903e-05,0.00015603,-48894,1086.6
-1.2889e-05,0.00015094,-48845,1050.7
-1.2874e-05,0.0001458,-48796,1014.4
-1.286e-05,0.00014071,-48748,978.54
-1.2846e-05,0.00013563,-48699,942.65
-1.2831e-05,0.00013053,-48650,906.71
-1.2817e-05,0.0001254,-48602,870.45
-1.2803e-05,0.00012031,-48553,834.56
-1.2788e-05,0.00011522,-48505,798.66
-1.2774e-05,0.00011013,-48458,762.69
-1.2761e-05,0.00010497,-48412,726.3
-1.2747e-05,9.9862e-05,-48366,690.25
-1.2734e-05,9.4753e-05,-48321,654.2
-1.272e-05,8.9638e-05,-48275,618.1
-1.2707e-05,8.4478e-05,-48230,581.69
-1.2693e-05,7.937e-05,-48184,545.64
-1.268e-05,7.4262e-05,-48139,509.59
-1.2666e-05,6.9154e-05,-48093,473.54
-1.2652e-05,6.4039e-05,-48048,437.44
-1.2639e-05,5.8879e-05,-48002,401.03
-1.2625e-05,5.3771e-05,-47957,364.98
-1.2612e-05,4.8663e-05,-47911,328.93
-1.2598e-05,4.3548e-05,-47866,292.84
-1.2585e-05,3.8389e-05,-47820,256.43
-1.2571e-05,3.3285e-05,-47774,220.41
-1.2557e-05,2.8183e-05,-47727,184.4
-1.2543e-05,2.3084e-05,-47679,148.42
-1.2529e-05,1.7942e-05,-47630,112.13
-1.2514e-05,1.2863e-05,-47581,76.286
-1.25e-05,7.7839e-06,-47532,40.443
-1.2485e-05,2.6982e-06,-47482,4.5539
-1.247e-05,-2.4319e-06,-47432,-31.65
-1.2456e-05,-7.5109e-06,-47383,-67.493
-1.2436e-05,-1.3051e-05,-47312,-106.58
-1.241e-05,-2.2169e-05,-47224,-170.93
-1.2385e-05,-3.1294e-05,-47140,-235.33
-1.236e-05,-4.0477e-05,-47059,-300.13
-1.2335e-05,-4.9624e-05,-46973,-364.69
-1.2309e-05,-5.8752e-05,-46885,-429.1
-1.2342e-05,-6.3003e-05,-47014,-459.13
-1.2385e-05,-3.3372e-05,-47142,-249.98
-1.2186e-05,-4.8765e-05,-46406,-358.43
-1.1357e-05,-0.0002368,-44816,-1597
-1.2983e-05,-0.00071483,-42751,-5508.1
2.0806e-06,-0.0017325,22870,-12800
