0.0014141,-0.035478,-5.1842e+05,-94245
-5.699e-05,-0.0047138,-4.1533e+05,-45890
-6.9638e-05,-0.0018359,-3.1548e+05,-21416
-7.2416e-05,-0.00030776,-3.0173e+05,-4765.1
-7.4032e-05,0.00032679,-2.9541e+05,1989.2
-7.4925e-05,0.00068163,-2.9185e+05,5766.2
-7.5278e-05,0.0007633,-2.9163e+05,6632.6
-7.546e-05,0.00079804,-2.9166e+05,7000.4
-7.5503e-05,0.00080295,-2.9174e+05,7051.9
-7.5506e-05,0.00080252,-2.9176e+05,7047.3
-7.5502e-05,0.00079825,-2.9183e+05,7001.7
-7.5481e-05,0.00079038,-2.9191e+05,6918
-7.5362e-05,0.00077549,-2.9172e+05,6761.2
-7.5145e-05,0.00070669,-2.9223e+05,6029.7
-7.499e-05,0.0006426,-2.929e+05,5347.4
-7.5e-05,0.00062534,-2.933e+05,5162.6
-7.5184e-05,0.00069381,-2.9266e+05,5891.1
-7.5413e-05,0.00081131,-2.912e+05,7143.2
-7.5646e-05,0.00091202,-2.9011e+05,8215.4
-7.5967e-05,0.001034,-2.8894e+05,9512.9
-7.6342e-05,0.0011526,-2.8832e+05,10757
-7.6742e-05,0.0012619,-2.8763e+05,11926
-7.727e-05,0.0013639,-2.8735e+05,13034
-7.7742e-05,0.0014838,-2.8598e+05,14366
-7.8021e-05,0.0015332,-2.8561e+05,14923
-7.7925e-05,0.001565,-2.8412e+05,15294
-7.7318e-05,0.001468,-2.8451e+05,14209
-7.6333e-05,0.0012923,-2.8505e+05,12280
-7.5493e-05,0.00097061,-2.8833e+05,8842.6
-7.4915e-05,0.0007259,-2.9091e+05,6240
-7.4541e-05,0.00051948,-2.9357e+05,4039.9
-7.4375e-05,0.00040678,-2.9519e+05,2838
-7.4346e-05,0.00038086,-2.9559e+05,2561.2
-7.4411e-05,0.00039969,-2.9548e+05,2761.3
-7.4638e-05,0.0004591,-2.9519e+05,3392.1
-7.4939e-05,0.00059235,-2.9372e+05,4811.1
-7.5178e-05,0.00069127,-2.9268e+05,5864.2
-7.5419e-05,0.00083617,-2.9072e+05,7408.9
-7.5761e-05,0.0009992,-2.8881e+05,9145.6
-7.6017e-05,0.0011719,-2.864e+05,10984
-7.6117e-05,0.0011811,-2.8665e+05,11079
-7.6269e-05,0.0011923,-2.8705e+05,11195
-7.6282e-05,0.0011843,-2.8726e+05,11109
-7.645e-05,0.0012165,-2.8726e+05,11452
-7.6767e-05,0.0012788,-2.8715e+05,12123
-7.7216e-05,0.0013812,-2.864e+05,13245
-7.7678e-05,0.001463,-2.8603e+05,14151
-7.8031e-05,0.0015546,-2.8472e+05,15183
-7.8219e-05,0.0015889,-2.8447e+05,15568
-7.8296e-05,0.0016223,-2.8375e+05,15948
-7.8457e-05,0.001624,-2.844e+05,15961
-7.8561e-05,0.0016765,-2.8306e+05,16565
-7.837e-05,0.0016435,-2.8334e+05,16190
-7.804e-05,0.001604,-2.8328e+05,15744
-7.767e-05,0.0015176,-2.8441e+05,14768
-7.7251e-05,0.0014592,-2.844e+05,14117
-7.66e-05,0.001334,-2.8506e+05,12737
-7.5974e-05,0.0011593,-2.8653e+05,10847
-7.5511e-05,0.00093924,-2.8900e+05,8509.4
-7.517e-05,0.0007623,-2.9121e+05,6624
-7.4868e-05,0.00061661,-2.9294e+05,5072
-7.4693e-05,0.00051084,-2.9437e+05,3944.3
-7.4613e-05,0.00046491,-2.9498e+05,3454.7
-7.454e-05,0.00044397,-2.9510e+05,3232.2
-7.4462e-05,0.00040242,-2.9563e+05,2789.4
-7.4338e-05,0.00036429,-2.959e+05,2384.2
-7.4213e-05,0.00028814,-2.9694e+05,1572.2
-7.4028e-05,0.00022812,-2.974e+05,934
-7.3753e-05,0.00011798,-2.9852e+05,-238.35
-7.3524e-05,1.6724e-06,-2.9995e+05,-1477.7
-7.3355e-05,-8.7944e-05,-3.0109e+05,-2432.8
-7.3174e-05,-0.00016217,-3.0186e+05,-3223
-7.3003e-05,-0.00024761,-3.029e+05,-4133.5
-7.2842e-05,-0.00031594,-3.0363e+05,-4861.1
-7.2743e-05,-0.00037972,-3.0453e+05,-5541.3
-7.2664e-05,-0.00041529,-3.0493e+05,-5920.2
-7.2556e-05,-0.0004637,-3.0547e+05,-6435.8
-7.2464e-05,-0.00050425,-3.0593e+05,-6867.8
-7.2392e-05,-0.00052674,-3.0609e+05,-7106.8
-7.234e-05,-0.00055068,-3.0636e+05,-7361.8
-7.2328e-05,-0.00056009,-3.0651e+05,-7462.3
-7.2298e-05,-0.0005597,-3.0638e+05,-7457.5
-7.225e-05,-0.00058123,-3.0662e+05,-7686.9
-7.2214e-05,-0.00059451,-3.0674e+05,-7828.2
-7.2146e-05,-0.00061834,-3.0695e+05,-8081.7
-7.2067e-05,-0.00065589,-3.074e+05,-8481.8
-7.2034e-05,-0.00068972,-3.0795e+05,-8842.9
-7.1999e-05,-0.00070474,-3.0811e+05,-9002.9
-7.1913e-05,-0.00074258,-3.0853e+05,-9406
-7.1839e-05,-0.00077655,-3.0892e+05,-9767.9
-7.1761e-05,-0.00080302,-3.0914e+05,-10049
-7.1694e-05,-0.0008369,-3.0956e+05,-10410
-7.1672e-05,-0.00085903,-3.0992e+05,-10647
-7.1646e-05,-0.00086574,-3.0995e+05,-10718
-7.1617e-05,-0.00088779,-3.1028e+05,-10953
-7.1583e-05,-0.0008962,-3.1032e+05,-11043
-7.1532e-05,-0.00091525,-3.105e+05,-11245
-7.1485e-05,-0.00092829,-3.1057e+05,-11384
-7.1456e-05,-0.00094889,-3.1087e+05,-11604
-7.1497e-05,-0.00094832,-3.1103e+05,-11598
-7.1524e-05,-0.00093264,-3.1082e+05,-11431
-7.1504e-05,-0.00093237,-3.1073e+05,-11428
-7.1521e-05,-0.00094716,-3.111e+05,-11586
-7.1526e-05,-0.00093644,-3.109e+05,-11472
-7.1508e-05,-0.00093946,-3.1089e+05,-11504
-7.1506e-05,-0.00093094,-3.1071e+05,-11413
-7.1506e-05,-0.00092048,-3.105e+05,-11301
-7.1506e-05,-0.00091073,-3.103e+05,-11196
-7.154e-05,-0.00089125,-3.1004e+05,-10989
-7.1503e-05,-0.00088221,-3.097e+05,-10891
-7.1496e-05,-0.00087159,-3.0946e+05,-10778
-7.1552e-05,-0.00085274,-3.0930e+05,-10577
-7.1623e-05,-0.0008286,-3.091e+05,-10320
-7.1662e-05,-0.00081346,-3.0895e+05,-10159
-7.1718e-05,-0.00079954,-3.089e+05,-10011
-7.1791e-05,-0.00076973,-3.0859e+05,-9694
-7.1851e-05,-0.00074323,-3.0829e+05,-9411.7
-7.1847e-05,-0.00072427,-3.0789e+05,-9208.8
-7.1879e-05,-0.00072654,-3.0806e+05,-9233.8
-7.1938e-05,-0.00067974,-3.0735e+05,-8734.3
-7.2006e-05,-0.00067171,-3.0747e+05,-8649.8
-7.2107e-05,-0.00061766,-3.0678e+05,-8073.6
-7.2118e-05,-0.00060579,-3.0658e+05,-7946.9
-7.2138e-05,-0.00059775,-3.065e+05,-7861.3
-7.2221e-05,-0.00057366,-3.0634e+05,-7605.3
-7.2293e-05,-0.00053068,-3.0576e+05,-7147
-7.238e-05,-0.00051289,-3.0576e+05,-6958.5
-7.2527e-05,-0.00044713,-3.0502e+05,-6258.1
-7.2613e-05,-0.00040917,-3.046e+05,-5853.8
-7.265e-05,-0.00038251,-3.042e+05,-5569.4
-7.2692e-05,-0.00036899,-3.041e+05,-5425.6
-7.2707e-05,-0.00034438,-3.0366e+05,-5162.7
-7.2717e-05,-0.00034629,-3.0374e+05,-5183.3
-7.2786e-05,-0.00032529,-3.036e+05,-4960.1
-7.2813e-05,-0.00029802,-3.0315e+05,-4668.9
-7.2827e-05,-0.00030509,-3.0335e+05,-4744.8
-7.2858e-05,-0.00027994,-3.0296e+05,-4476.4
-7.2836e-05,-0.00028662,-3.0301e+05,-4547.4
-7.2864e-05,-0.00028715,-3.0314e+05,-4553.7
-7.2827e-05,-0.00027315,-3.027e+05,-4403.2
-7.2783e-05,-0.00030492,-3.0317e+05,-4742.1
-7.2838e-05,-0.00028642,-3.0301e+05,-4545.3
-7.2923e-05,-0.00026201,-3.0286e+05,-4286
-7.2955e-05,-0.00023074,-3.0236e+05,-3952.1
-7.2996e-05,-0.00022677,-3.0245e+05,-3910.5
-7.3088e-05,-0.00017652,-3.018e+05,-3374.9
-7.3216e-05,-0.00014435,-3.0166e+05,-3033.4
-7.3439e-05,-4.7453e-05,-3.006e+05,-2001.5
-7.3673e-05,4.0072e-05,-2.9978e+05,-1070.1
-7.3985e-05,0.00016299,-2.9855e+05,238.25
-7.4418e-05,0.00032748,-2.9698e+05,1988.8
-7.4954e-05,0.00054044,-2.9483e+05,4255.6
-7.5552e-05,0.00077209,-2.9257e+05,6721
-7.6362e-05,0.0010606,-2.9004e+05,9788
-7.7446e-05,0.0013262,-2.8864e+05,12638
-7.8283e-05,0.0015214,-2.8663e+05,14808
-7.8661e-05,0.0016159,-2.8534e+05,15873
-7.8892e-05,0.0016723,-2.8461e+05,16506
-7.8909e-05,0.0016905,-2.8424e+05,16705
-7.8716e-05,0.0016739,-2.8417e+05,16507
-7.8265e-05,0.0016312,-2.8386e+05,16016
-7.7408e-05,0.0015267,-2.8376e+05,14832
-7.6376e-05,0.001351,-2.8454e+05,12874
-7.5072e-05,0.0011214,-2.8399e+05,10434
-7.3554e-05,0.00069814,-2.8592e+05,5970.1
-7.1505e-05,0.00012005,-2.8931e+05,-171.16
-6.7786e-05,-0.00083245,-2.9353e+05,-10284
-6.6893e-05,-0.0019205,-3.0519e+05,-22295
-6.5417e-05,-0.0027506,-3.7028e+05,-27970
-7.4249e-05,-0.001661,-3.3199e+05,-19604
-7.534e-05,-0.0010138,-3.2805e+05,-12376
-7.679e-05,-0.00048681,-3.2323e+05,-6769.2
-7.7895e-05,1.1419e-05,-3.1759e+05,-1462.3
-7.8668e-05,0.00029533,-3.1497e+05,1558.5
-7.9116e-05,0.00055206,-3.1158e+05,4295.4
-7.9166e-05,0.00059141,-3.1098e+05,4715.2
-7.9141e-05,0.00058246,-3.1107e+05,4620
-7.9117e-05,0.00057351,-3.1115e+05,4524.8
-7.9093e-05,0.00056456,-3.1123e+05,4429.5
-7.9069e-05,0.0005556,-3.1132e+05,4334.2
-7.9051e-05,0.00054709,-3.1142e+05,4243.5
-7.9039e-05,0.00054209,-3.1147e+05,4190.3
-7.9027e-05,0.00053707,-3.1152e+05,4136.8
-7.9014e-05,0.00053201,-3.1157e+05,4083
-7.9e-05,0.00052702,-3.1162e+05,4029.9
-7.8986e-05,0.00052204,-3.1166e+05,3976.8
-7.8972e-05,0.00051705,-3.1171e+05,3923.8
-7.8958e-05,0.00051203,-3.1175e+05,3870.3
-7.8944e-05,0.00050705,-3.1179e+05,3817.4
-7.893e-05,0.00050208,-3.1184e+05,3764.5
-7.8916e-05,0.00049709,-3.1188e+05,3711.5
-7.8902e-05,0.00049207,-3.1192e+05,3658.1
-7.8888e-05,0.00048709,-3.1197e+05,3605.1
-7.8874e-05,0.00048212,-3.1201e+05,3552.2
-7.8859e-05,0.00047714,-3.1206e+05,3499.2
-7.8845e-05,0.00047211,-3.121e+05,3445.8
-7.8831e-05,0.00046714,-3.1214e+05,3392.9
-7.8817e-05,0.00046217,-3.1219e+05,3339.9
-7.8803e-05,0.00045719,-3.1223e+05,3287
-7.8789e-05,0.00045221,-3.1228e+05,3234.1
-7.8775e-05,0.00044719,-3.1232e+05,3180.6
-7.8761e-05,0.00044222,-3.1236e+05,3127.7
-7.8747e-05,0.00043724,-3.1241e+05,3074.8
-7.8734e-05,0.00043225,-3.1246e+05,3021.7
-7.872e-05,0.00042721,-3.125e+05,2968
-7.8707e-05,0.00042222,-3.1255e+05,2914.9
-7.8694e-05,0.00041723,-3.126e+05,2861.9
-7.868e-05,0.00041224,-3.1264e+05,2808.7
-7.8667e-05,0.0004072,-3.1269e+05,2755.1
-7.8654e-05,0.00040221,-3.1274e+05,2702
-7.864e-05,0.00039723,-3.1279e+05,2649
-7.8627e-05,0.00039223,-3.1283e+05,2595.8
-7.8614e-05,0.0003872,-3.1288e+05,2542.2
-7.86e-05,0.00038221,-3.1293e+05,2489.2
-7.8587e-05,0.00037722,-3.1298e+05,2436.1
-7.8574e-05,0.00037224,-3.1302e+05,2383
-7.8561e-05,0.00036724,-3.1307e+05,2329.9
-7.8547e-05,0.00036221,-3.1312e+05,2276.3
-7.8534e-05,0.00035722,-3.1316e+05,2223.3
-7.8521e-05,0.00035224,-3.1321e+05,2170.2
-7.8507e-05,0.00034724,-3.1326e+05,2117.1
-7.8494e-05,0.00034221,-3.1331e+05,2063.5
-7.8481e-05,0.00033722,-3.1335e+05,2010.5
-7.8467e-05,0.00033224,-3.134e+05,1957.4
-7.8453e-05,0.00032725,-3.1345e+05,1904.3
-7.844e-05,0.00032223,-3.1349e+05,1850.9
-7.8426e-05,0.00031726,-3.1354e+05,1798
-7.8412e-05,0.00031229,-3.1358e+05,1745.1
-7.8398e-05,0.00030731,-3.1362e+05,1692.2
-7.8384e-05,0.00030229,-3.1367e+05,1638.8
-7.837e-05,0.00029732,-3.1371e+05,1585.9
-7.8356e-05,0.00029235,-3.1376e+05,1533.1
-7.8342e-05,0.00028738,-3.138e+05,1480.2
-7.8328e-05,0.00028241,-3.1384e+05,1427.3
-7.8314e-05,0.00027739,-3.1389e+05,1373.9
-7.83e-05,0.00027242,-3.1393e+05,1321
-7.8286e-05,0.00026745,-3.1398e+05,1268.1
-7.8272e-05,0.00026248,-3.1402e+05,1215.2
-7.8258e-05,0.00025746,-3.1407e+05,1161.8
-7.8244e-05,0.00025249,-3.1411e+05,1108.9
-7.823e-05,0.00024752,-3.1416e+05,1056
-7.8217e-05,0.00024253,-3.142e+05,1003
-7.8204e-05,0.0002375,-3.1425e+05,949.5
-7.819e-05,0.00023252,-3.143e+05,896.44
-7.8177e-05,0.00022753,-3.1435e+05,843.38
-7.8164e-05,0.00022254,-3.1439e+05,790.26
-7.8151e-05,0.00021751,-3.1444e+05,736.67
-7.8138e-05,0.00021252,-3.1449e+05,683.62
-7.812e-05,0.00020709,-3.1453e+05,625.85
-7.8096e-05,0.00019813,-3.1461e+05,530.59
-7.8072e-05,0.00018919,-3.147e+05,435.39
-7.8046e-05,0.00018028,-3.1477e+05,340.59
-7.8023e-05,0.00017134,-3.1486e+05,245.55
-7.7999e-05,0.0001624,-3.1494e+05,150.35
-7.7975e-05,0.00015345,-3.1503e+05,55.16
-7.7951e-05,0.00014451,-3.1511e+05,-40.027
-7.7682e-05,0.00011509,-3.1461e+05,-349.29
-7.6339e-05,-0.00014271,-3.1438e+05,-3079.4
-7.4341e-05,-0.0010373,-3.2438e+05,-12613
0.00032455,-0.0094878,-90327,-42109
