0.0015682,-0.037932,-3.6686e+05,-33961
-4.6574e-05,-0.0041945,-2.4464e+05,-25446
-5.9644e-05,-0.0013815,-2.2372e+05,-10130
-6.2253e-05,3.5768e-05,-2.3676e+05,180.22
-6.3534e-05,0.00055731,-2.4103e+05,3862
-6.4107e-05,0.00085058,-2.4296e+05,5926.9
-6.4303e-05,0.00094153,-2.4392e+05,6545.4
-6.4318e-05,0.00097887,-2.4423e+05,6788.2
-6.4238e-05,0.0009458,-2.4369e+05,6574.6
-6.4176e-05,0.00092178,-2.4325e+05,6421.5
-6.4122e-05,0.00090189,-2.4295e+05,6289.8
-6.4109e-05,0.00088953,-2.429e+05,6203.3
-6.4041e-05,0.00088696,-2.4264e+05,6185.4
-6.3923e-05,0.00083758,-2.422e+05,5840.9
-6.3849e-05,0.00079453,-2.4196e+05,5536.9
-6.3935e-05,0.0007991,-2.4228e+05,5569.1
-6.4156e-05,0.00088885,-2.4308e+05,6198.5
-6.4475e-05,0.0010254,-2.4425e+05,7155.4
-6.4815e-05,0.0011416,-2.4503e+05,8003.9
-6.5274e-05,0.0012814,-2.4547e+05,9070.1
-6.585e-05,0.0014114,-2.4601e+05,10088
-6.6416e-05,0.0015358,-2.4627e+05,11078
-6.702e-05,0.001642,-2.4692e+05,11923
-6.7414e-05,0.0017526,-2.4662e+05,12806
-6.7427e-05,0.0017618,-2.4644e+05,12883
-6.6829e-05,0.001724,-2.4451e+05,12599
-6.5791e-05,0.0015071,-2.4365e+05,10893
-6.4708e-05,0.0012458,-2.4264e+05,8865.3
-6.3968e-05,0.00093243,-2.4215e+05,6518.6
-6.3469e-05,0.00070333,-2.4062e+05,4893.4
-6.316e-05,0.00052545,-2.3964e+05,3637.5
-6.3058e-05,0.00044173,-2.3935e+05,3046.3
-6.3134e-05,0.00045036,-2.3963e+05,3107.2
-6.3264e-05,0.00051047,-2.4006e+05,3531.5
-6.3471e-05,0.00057793,-2.4077e+05,4007.8
-6.3781e-05,0.0007124,-2.4179e+05,4957.1
-6.4046e-05,0.00082819,-2.4267e+05,5774.5
-6.4203e-05,0.00099098,-2.4407e+05,6853.7
-6.4602e-05,0.0011636,-2.4782e+05,7910.6
-6.4891e-05,0.0013208,-2.46e+05,9228.3
-6.4941e-05,0.0012871,-2.4732e+05,8914.7
-6.5128e-05,0.0012917,-2.4547e+05,9106.8
-6.5286e-05,0.0013112,-2.4556e+05,9273.2
-6.5661e-05,0.0013772,-2.4616e+05,9788.4
-6.6284e-05,0.0014891,-2.4692e+05,10675
-6.705e-05,0.0016465,-2.4746e+05,11923
-6.767e-05,0.0017611,-2.4808e+05,12829
-6.8084e-05,0.0018717,-2.4805e+05,13694
-6.8246e-05,0.0019026,-2.483e+05,13930
-6.8218e-05,0.0019258,-2.4792e+05,14108
-6.8189e-05,0.0018979,-2.4814e+05,13894
-6.8084e-05,0.0019087,-2.4754e+05,13981
-6.7811e-05,0.0018484,-2.4736e+05,13510
-6.743e-05,0.0018062,-2.4641e+05,13189
-6.6976e-05,0.0017037,-2.461e+05,12389
-6.6382e-05,0.0016219,-2.4497e+05,11749
-6.5517e-05,0.001455,-2.4416e+05,10428
-6.4708e-05,0.0012634,-2.4354e+05,8928.4
-6.4132e-05,0.0010062,-2.4309e+05,7011.3
-6.3706e-05,0.00079778,-2.4141e+05,5560.1
-6.3324e-05,0.00061403,-2.4017e+05,4262.9
-6.309e-05,0.00048483,-2.3942e+05,3350.7
-6.2965e-05,0.00041313,-2.3903e+05,2844.4
-6.2855e-05,0.00037994,-2.3865e+05,2610.2
-6.2739e-05,0.0003175,-2.3828e+05,2169.4
-6.2573e-05,0.00026948,-2.377e+05,1830.4
-6.2397e-05,0.00017195,-2.3715e+05,1141.8
-6.2173e-05,9.8867e-05,-2.3638e+05,626.02
-6.1881e-05,-2.4663e-05,-2.3542e+05,-246.03
-6.1626e-05,-0.00014459,-2.3458e+05,-1092.7
-6.143e-05,-0.00024893,-2.3396e+05,-1829.3
-6.1237e-05,-0.00032272,-2.3331e+05,-2350.2
-6.1063e-05,-0.00041448,-2.3276e+05,-2998
-6.0906e-05,-0.00047601,-2.3224e+05,-3432.4
-6.0789e-05,-0.00054377,-2.3187e+05,-3910.8
-6.0669e-05,-0.00058189,-2.3146e+05,-4179.9
-6.0575e-05,-0.00064005,-2.3117e+05,-4590.5
-6.0533e-05,-0.00066083,-2.3103e+05,-4737.3
-6.0499e-05,-0.00067759,-2.3092e+05,-4855.6
-6.0471e-05,-0.00068839,-2.3083e+05,-4931.8
-6.0474e-05,-0.00069839,-2.3085e+05,-5002.5
-6.0462e-05,-0.00068799,-2.308e+05,-4929
-6.0434e-05,-0.00070921,-2.3071e+05,-5078.8
-6.0406e-05,-0.00071289,-2.3061e+05,-5104.8
-6.0338e-05,-0.00074019,-2.3038e+05,-5297.5
-6.025e-05,-0.00077186,-2.3009e+05,-5521
-6.0182e-05,-0.000815,-2.2988e+05,-5825.6
-6.0088e-05,-0.00083548,-2.2961e+05,-5965.7
-5.9996e-05,-0.00088645,-2.2936e+05,-6323
-5.9955e-05,-0.00090881,-2.2918e+05,-6484.7
-5.9899e-05,-0.00093639,-2.2896e+05,-6681.9
-5.9853e-05,-0.00095946,-2.2873e+05,-6851.1
-5.9838e-05,-0.00098387,-2.286e+05,-7031
-5.9825e-05,-0.00098265,-2.2852e+05,-7023.8
-5.9811e-05,-0.0010062,-2.2835e+05,-7200.2
-5.979e-05,-0.0010061,-2.2826e+05,-7200.5
-5.9754e-05,-0.0010272,-2.2817e+05,-7347.6
-5.9723e-05,-0.0010302,-2.2807e+05,-7368.4
-5.9693e-05,-0.0010524,-2.2785e+05,-7535.5
-5.9734e-05,-0.0010473,-2.2793e+05,-7504
-5.9753e-05,-0.0010397,-2.2808e+05,-7444.3
-5.9736e-05,-0.0010323,-2.2807e+05,-7388.1
-5.9747e-05,-0.001051,-2.2788e+05,-7536.3
-5.9762e-05,-0.0010373,-2.2795e+05,-7437.7
-5.9783e-05,-0.0010379,-2.2803e+05,-7442.1
-5.9816e-05,-0.001014,-2.2821e+05,-7266.4
-5.9824e-05,-0.0010014,-2.2846e+05,-7162.4
-5.9833e-05,-0.00098306,-2.2848e+05,-7032.2
-5.9875e-05,-0.00096624,-2.2889e+05,-6895.2
-5.9851e-05,-0.000948,-2.2918e+05,-6738.1
-5.9859e-05,-0.00093682,-2.2915e+05,-6661.9
-5.9934e-05,-0.00090784,-2.2967e+05,-6436.2
-6.0025e-05,-0.00088251,-2.298e+05,-6270.5
-6.009e-05,-0.00085571,-2.298e+05,-6096.9
-6.0162e-05,-0.00084082,-2.2997e+05,-5998.2
-6.0247e-05,-0.00080302,-2.3013e+05,-5740
-6.0316e-05,-0.00077681,-2.3034e+05,-5556
-6.0341e-05,-0.00075007,-2.3041e+05,-5367.3
-6.0402e-05,-0.0007451,-2.3064e+05,-5332.3
-6.0495e-05,-0.00068756,-2.3092e+05,-4926
-6.0564e-05,-0.00067403,-2.3116e+05,-4830.6
-6.0653e-05,-0.0006215,-2.3144e+05,-4459.7
-6.0693e-05,-0.00060569,-2.3158e+05,-4348.1
-6.0736e-05,-0.00058431,-2.3172e+05,-4197.1
-6.0821e-05,-0.00055925,-2.3201e+05,-4020.3
-6.0892e-05,-0.00051379,-2.3222e+05,-3699.3
-6.0971e-05,-0.0004997,-2.3251e+05,-3599.9
-6.1098e-05,-0.00043501,-2.3291e+05,-3143.2
-6.1184e-05,-0.00039947,-2.332e+05,-2892.3
-6.1239e-05,-0.00036311,-2.3337e+05,-2635.6
-6.1293e-05,-0.00034677,-2.3355e+05,-2520.2
-6.1336e-05,-0.00031544,-2.3368e+05,-2299.1
-6.136e-05,-0.00030954,-2.3376e+05,-2257.4
-6.1415e-05,-0.00028974,-2.3395e+05,-2117.6
-6.1446e-05,-0.00026493,-2.3404e+05,-1942.4
-6.1465e-05,-0.00026717,-2.3411e+05,-1958.3
-6.1498e-05,-0.00024409,-2.3421e+05,-1795.3
-6.1486e-05,-0.00024713,-2.3417e+05,-1816.8
-6.1504e-05,-0.00024793,-2.3424e+05,-1822.5
-6.1494e-05,-0.00023625,-2.3419e+05,-1739.9
-6.149e-05,-0.00025404,-2.3419e+05,-1865.6
-6.1532e-05,-0.00023447,-2.3433e+05,-1727.4
-6.1594e-05,-0.00021656,-2.3454e+05,-1601
-6.1638e-05,-0.00018503,-2.3468e+05,-1378.4
-6.1712e-05,-0.00017304,-2.3494e+05,-1293.8
-6.1826e-05,-0.00011281,-2.3531e+05,-868.56
-6.1957e-05,-7.6946e-05,-2.3576e+05,-615.45
-6.22e-05,2.5612e-05,-2.3657e+05,108.56
-6.2464e-05,0.00012605,-2.3746e+05,817.55
-6.278e-05,0.00025792,-2.3851e+05,1748.5
-6.3202e-05,0.00042619,-2.3992e+05,2936.4
-6.3729e-05,0.0006441,-2.4168e+05,4474.8
-6.4314e-05,0.00088101,-2.4364e+05,6146.8
-6.5169e-05,0.0011679,-2.458e+05,8225.3
-6.6326e-05,0.0014241,-2.4704e+05,10226
-6.7238e-05,0.0016215,-2.475e+05,11794
-6.7711e-05,0.0017255,-2.4822e+05,12583
-6.8071e-05,0.0018038,-2.4872e+05,13180
-6.8284e-05,0.0018517,-2.4871e+05,13565
-6.8319e-05,0.0018774,-2.4849e+05,13767
-6.8101e-05,0.0018777,-2.478e+05,13761
-6.7501e-05,0.0018244,-2.4653e+05,13332
-6.6737e-05,0.0017177,-2.4547e+05,12477
-6.5717e-05,0.0015903,-2.4375e+05,11454
-6.4305e-05,0.0012835,-2.4255e+05,9037.4
-6.2155e-05,0.00077394,-2.3554e+05,5393.1
-5.7506e-05,-0.00020654,-2.1898e+05,-1525.7
-5.65e-05,-0.0014152,-2.1057e+05,-10441
-6.8404e-05,-0.0024102,-2.8467e+05,-15896
-7.6739e-05,-0.0019546,-2.8605e+05,-14425
-7.7473e-05,-0.0013063,-2.9656e+05,-9297.4
-7.9041e-05,-0.00074498,-3.0155e+05,-5353.4
-8.0254e-05,-0.00021296,-3.0554e+05,-1597.3
-8.1151e-05,0.00011595,-3.0856e+05,724.62
-8.1728e-05,0.00041814,-3.1041e+05,2858.3
-8.1845e-05,0.00050093,-3.1076e+05,3442.9
-8.1823e-05,0.00049261,-3.1069e+05,3384.1
-8.18e-05,0.00048428,-3.1061e+05,3325.4
-8.1777e-05,0.00047597,-3.1053e+05,3266.7
-8.1754e-05,0.00046766,-3.1045e+05,3208
-8.1735e-05,0.00045978,-3.1039e+05,3152.4
-8.1721e-05,0.00045518,-3.1034e+05,3119.9
-8.1707e-05,0.00045058,-3.1029e+05,3087.5
-8.1693e-05,0.00044594,-3.1024e+05,3054.7
-8.168e-05,0.00044132,-3.102e+05,3022.1
-8.1668e-05,0.00043668,-3.1016e+05,2989.3
-8.1655e-05,0.00043203,-3.1012e+05,2956.5
-8.1643e-05,0.00042734,-3.1008e+05,2923.4
-8.1631e-05,0.00042269,-3.1004e+05,2890.6
-8.1619e-05,0.00041804,-3.1e+05,2857.7
-8.1607e-05,0.00041339,-3.0996e+05,2824.9
-8.1595e-05,0.00040869,-3.0992e+05,2791.7
-8.1583e-05,0.00040405,-3.0988e+05,2758.9
-8.1571e-05,0.0003994,-3.0983e+05,2726.1
-8.1558e-05,0.00039474,-3.0979e+05,2693.2
-8.1546e-05,0.00039005,-3.0975e+05,2660.1
-8.1534e-05,0.0003854,-3.0971e+05,2627.3
-8.1522e-05,0.00038075,-3.0967e+05,2594.5
-8.151e-05,0.0003761,-3.0963e+05,2561.7
-8.1498e-05,0.00037145,-3.0959e+05,2528.8
-8.1486e-05,0.00036676,-3.0955e+05,2495.7
-8.1474e-05,0.00036211,-3.0951e+05,2462.8
-8.1461e-05,0.00035746,-3.0947e+05,2430
-8.1448e-05,0.00035284,-3.0942e+05,2397.4
-8.1435e-05,0.00034817,-3.0938e+05,2364.4
-8.1422e-05,0.00034355,-3.0933e+05,2331.8
-8.1409e-05,0.00033893,-3.0929e+05,2299.2
-8.1396e-05,0.0003343,-3.0924e+05,2266.5
-8.1383e-05,0.00032963,-3.092e+05,2233.6
-8.137e-05,0.00032501,-3.0916e+05,2200.9
-8.1357e-05,0.00032039,-3.0911e+05,2168.3
-8.1344e-05,0.00031577,-3.0907e+05,2135.7
-8.1331e-05,0.0003111,-3.0902e+05,2102.7
-8.1318e-05,0.00030648,-3.0898e+05,2070.1
-8.1305e-05,0.00030186,-3.0893e+05,2037.5
-8.1292e-05,0.00029724,-3.0889e+05,2004.9
-8.1279e-05,0.00029261,-3.0885e+05,1972.2
-8.1265e-05,0.00028795,-3.088e+05,1939.3
-8.1252e-05,0.00028333,-3.0876e+05,1906.7
-8.1239e-05,0.00027871,-3.0871e+05,1874
-8.1227e-05,0.00027408,-3.0867e+05,1841.4
-8.1213e-05,0.00026942,-3.0862e+05,1808.5
-8.12e-05,0.0002648,-3.0858e+05,1775.8
-8.1188e-05,0.00026018,-3.0854e+05,1743.2
-8.1175e-05,0.00025555,-3.0849e+05,1710.5
-8.1163e-05,0.00025086,-3.0845e+05,1677.5
-8.115e-05,0.00024622,-3.0841e+05,1644.7
-8.1138e-05,0.00024158,-3.0837e+05,1611.9
-8.1126e-05,0.00023693,-3.0833e+05,1579.1
-8.1114e-05,0.00023225,-3.0829e+05,1546
-8.1101e-05,0.00022761,-3.0825e+05,1513.3
-8.1089e-05,0.00022296,-3.0820e+05,1480.5
-8.1077e-05,0.00021832,-3.0816e+05,1447.7
-8.1065e-05,0.00021368,-3.0812e+05,1414.9
-8.1052e-05,0.00020899,-3.0808e+05,1381.8
-8.104e-05,0.00020435,-3.0804e+05,1349.1
-8.1028e-05,0.00019971,-3.08e+05,1316.3
-8.1016e-05,0.00019506,-3.0796e+05,1283.5
-8.1003e-05,0.00019038,-3.0792e+05,1250.4
-8.0991e-05,0.00018574,-3.0788e+05,1217.7
-8.0978e-05,0.0001811,-3.0783e+05,1185
-8.0966e-05,0.00017647,-3.0779e+05,1152.3
-8.0952e-05,0.0001718,-3.0774e+05,1119.3
-8.0939e-05,0.00016719,-3.077e+05,1086.8
-8.0926e-05,0.00016258,-3.0765e+05,1054.2
-8.0913e-05,0.00015797,-3.0761e+05,1021.6
-8.0899e-05,0.00015331,-3.0756e+05,988.75
-8.0886e-05,0.0001487,-3.0752e+05,956.2
-8.0868e-05,0.00014367,-3.0745e+05,920.7
-8.0844e-05,0.00013539,-3.0737e+05,862.26
-8.0821e-05,0.00012711,-3.073e+05,803.78
-8.08e-05,0.00011877,-3.0722e+05,744.88
-8.0776e-05,0.00011046,-3.0715e+05,686.24
-8.0753e-05,0.00010217,-3.0707e+05,627.75
-8.073e-05,9.3886e-05,-3.0699e+05,569.25
-8.0697e-05,8.4809e-05,-3.0687e+05,505.17
-8.039e-05,4.7466e-05,-3.0575e+05,241.78
-7.896e-05,-0.00023339,-3.0064e+05,-1740.2
-7.6798e-05,-0.0011737,-2.931e+05,-8409.3
0.00039484,-0.010698,21202,-14513
