4.967e-06,-0.0043998,-2.1007e+05,-38291
-2.495e-05,-0.0029374,-1.7733e+05,-30494
-2.9239e-05,-0.0018079,-1.3877e+05,-20831
-2.8045e-05,-0.0010612,-1.2713e+05,-12478
-2.8991e-05,-0.00053701,-1.3091e+05,-6216.9
-3.0294e-05,-0.00010583,-1.2574e+05,-1747.9
-3.0778e-05,0.00013884,-1.2274e+05,858.8
-3.1166e-05,0.00026739,-1.2171e+05,2225.5
-3.1222e-05,0.0002927,-1.2142e+05,2495
-3.1173e-05,0.00026816,-1.2172e+05,2233.6
-3.1105e-05,0.00021004,-1.2263e+05,1613.5
-3.0959e-05,0.0001417,-1.2342e+05,885.66
-3.0746e-05,7.4529e-05,-1.2392e+05,171.64
-3.0518e-05,1.9197e-06,-1.2446e+05,-600.2
-3.033e-05,-6.8015e-05,-1.2512e+05,-1344.3
-3.0229e-05,-0.00011348,-1.2564e+05,-1828.5
-3.0212e-05,-0.00012621,-1.2582e+05,-1964.2
-3.0241e-05,-0.00010938,-1.256e+05,-1784.8
-3.0285e-05,-8.9035e-05,-1.2536e+05,-1568.2
-3.0359e-05,-5.8868e-05,-1.2505e+05,-1247
-3.0431e-05,-2.6069e-05,-1.2468e+05,-897.77
-3.0479e-05,-7.1263e-07,-1.2436e+05,-627.57
-3.0543e-05,2.3701e-05,-1.2412e+05,-367.81
-3.0614e-05,5.7649e-05,-1.2372e+05,-6.2133
-3.0735e-05,8.0706e-05,-1.2375e+05,237.9
-3.0791e-05,0.0001188,-1.232e+05,644.1
-3.0833e-05,0.00014648,-1.2281e+05,939.21
-3.0892e-05,0.00018008,-1.2236e+05,1297.3
-3.0918e-05,0.00019874,-1.2209e+05,1496.4
-3.0946e-05,0.00022076,-1.2176e+05,1731.3
-3.0961e-05,0.00023214,-1.2159e+05,1852.7
-3.0992e-05,0.0002509,-1.2134e+05,2052.6
-3.0997e-05,0.00025956,-1.2118e+05,2145.1
-3.0966e-05,0.00025794,-1.2109e+05,2128.4
-3.1003e-05,0.00026157,-1.2116e+05,2166.6
-3.0964e-05,0.00028159,-1.206e+05,2381.4
-3.0927e-05,0.00025897,-1.209e+05,2140.3
-3.0838e-05,0.00025107,-1.207e+05,2057.6
-3.0801e-05,0.00024243,-1.2073e+05,1966
-3.0781e-05,0.0002405,-1.2069e+05,1945.7
-3.0825e-05,0.00023379,-1.21e+05,1873.1
-3.0899e-05,0.00024872,-1.21e+05,2031.3
-3.0904e-05,0.00026404,-1.2071e+05,2194.9
-3.0921e-05,0.00026825,-1.2069e+05,2239.6
-3.0937e-05,0.00026546,-1.2082e+05,2209.5
-3.0959e-05,0.0002737,-1.2074e+05,2297.1
-3.0984e-05,0.000274,-1.2083e+05,2299.8
-3.0997e-05,0.00028251,-1.2071e+05,2390.6
-3.0969e-05,0.00028934,-1.2046e+05,2464.2
-3.0913e-05,0.00027333,-1.2056e+05,2294.1
-3.0879e-05,0.00025724,-1.2074e+05,2122.7
-3.0862e-05,0.00025629,-1.2069e+05,2112.9
-3.0857e-05,0.00025398,-1.2072e+05,2088.3
-3.0887e-05,0.00024132,-1.211e+05,1952.4
-3.0963e-05,0.00024626,-1.2131e+05,2003.6
-3.1053e-05,0.00027036,-1.2119e+05,2259.4
-3.1103e-05,0.00027872,-1.2122e+05,2347.8
-3.1084e-05,0.00029019,-1.2091e+05,2470.9
-3.101e-05,0.00026218,-1.2118e+05,2172.9
-3.0991e-05,0.00023875,-1.2158e+05,1922.7
-3.0989e-05,0.00022319,-1.2189e+05,1756.4
-3.0923e-05,0.0002241,-1.216e+05,1767.4
-3.0908e-05,0.00020739,-1.2188e+05,1589
-3.0918e-05,0.00020984,-1.2187e+05,1615.1
-3.0985e-05,0.00021356,-1.2207e+05,1653.5
-3.0949e-05,0.0002114,-1.2196e+05,1631
-3.0984e-05,0.00021369,-1.2206e+05,1654.9
-3.1037e-05,0.00022029,-1.2214e+05,1724.4
-3.107e-05,0.00021955,-1.2229e+05,1715.8
-3.1113e-05,0.00021832,-1.2249e+05,1701.8
-3.1176e-05,0.00025137,-1.2208e+05,2053.8
-3.1239e-05,0.00027548,-1.2184e+05,2310.4
-3.1284e-05,0.00029867,-1.2156e+05,2557.5
-3.1301e-05,0.00031013,-1.2139e+05,2679.7
-3.1307e-05,0.00031078,-1.2140e+05,2686.6
-3.1306e-05,0.00030341,-1.2155e+05,2607.8
-3.1243e-05,0.00028776,-1.2161e+05,2441.7
-3.1149e-05,0.00024898,-1.2202e+05,2028.8
-3.1056e-05,0.00022178,-1.2219e+05,1739.9
-3.0976e-05,0.00018379,-1.2264e+05,1335.3
-3.0913e-05,0.00015996,-1.2286e+05,1081.7
-3.0839e-05,0.00013001,-1.2317e+05,762.99
-3.0768e-05,0.00010373,-1.2342e+05,483.47
-3.0713e-05,7.4145e-05,-1.2379e+05,168.21
-3.0652e-05,5.3123e-05,-1.2397e+05,-55.361
-3.0595e-05,2.0025e-05,-1.2441e+05,-408.15
-3.0571e-05,-1.2888e-06,-1.2474e+05,-635.59
-3.0552e-05,-1.9743e-05,-1.2504e+05,-832.56
-3.0491e-05,-4.021e-05,-1.2521e+05,-1050.2
-3.0419e-05,-7.7657e-05,-1.2568e+05,-1449.2
-3.0419e-05,-9.6117e-05,-1.2606e+05,-1646.6
-3.0295e-05,-0.00012974,-1.2623e+05,-2003.7
-3.0236e-05,-0.0001493,-1.2639e+05,-2211.6
-3.0186e-05,-0.00016951,-1.266e+05,-2426.8
-3.0118e-05,-0.00018963,-1.2673e+05,-2640.6
-3.0048e-05,-0.00021045,-1.2687e+05,-2861.8
-2.9993e-05,-0.00022609,-1.2696e+05,-3027.9
-2.9937e-05,-0.00024899,-1.272e+05,-3271.6
-2.9869e-05,-0.00026288,-1.2721e+05,-3418.9
-2.9858e-05,-0.00027449,-1.274e+05,-3542.8
-2.9876e-05,-0.00027056,-1.2739e+05,-3501.1
-2.9813e-05,-0.00028307,-1.2739e+05,-3633.6
-2.9799e-05,-0.00028847,-1.2744e+05,-3691.1
-2.9771e-05,-0.00029111,-1.2738e+05,-3718.8
-2.9737e-05,-0.00029644,-1.2735e+05,-3775.1
-2.9748e-05,-0.00030601,-1.2759e+05,-3877.6
-2.9674e-05,-0.0003038,-1.2724e+05,-3852.6
-2.9639e-05,-0.00030658,-1.2716e+05,-3881.5
-2.9644e-05,-0.00029575,-1.2696e+05,-3765.8
-2.9578e-05,-0.0002998,-1.2677e+05,-3807.8
-2.9567e-05,-0.00029145,-1.2655e+05,-3718.2
-2.9578e-05,-0.00029005,-1.2657e+05,-3703.4
-2.9578e-05,-0.00028129,-1.2639e+05,-3609.8
-2.9608e-05,-0.00028201,-1.2653e+05,-3618.1
-2.9583e-05,-0.00027697,-1.2632e+05,-3563.7
-2.9652e-05,-0.00027256,-1.2652e+05,-3517.9
-2.9702e-05,-0.00026327,-1.2653e+05,-3419.6
-2.9705e-05,-0.00026413,-1.2656e+05,-3428.9
-2.9671e-05,-0.00027168,-1.2658e+05,-3508.9
-2.9702e-05,-0.00026705,-1.2661e+05,-3460
-2.9723e-05,-0.00027135,-1.2678e+05,-3506.5
-2.9793e-05,-0.0002566,-1.2677e+05,-3350.2
-2.9792e-05,-0.00025572,-1.2675e+05,-3340.8
-2.977e-05,-0.00026367,-1.2682e+05,-3425.3
-2.9817e-05,-0.00025971,-1.2693e+05,-3383.9
-2.9826e-05,-0.00025379,-1.2685e+05,-3320.8
-2.9868e-05,-0.00025536,-1.2705e+05,-3338.3
-2.9924e-05,-0.00024513,-1.2707e+05,-3230.1
-2.9926e-05,-0.00023698,-1.2691e+05,-3143
-2.9937e-05,-0.00023942,-1.27e+05,-3169.3
-2.9922e-05,-0.00024055,-1.2697e+05,-3181.1
-2.9906e-05,-0.00024029,-1.269e+05,-3178
-2.99e-05,-0.00024713,-1.2701e+05,-3251
-2.9933e-05,-0.00024168,-1.2704e+05,-3193.4
-2.9942e-05,-0.00023055,-1.2684e+05,-3074.5
-2.9944e-05,-0.00023582,-1.2696e+05,-3130.9
-2.9951e-05,-0.00022696,-1.2681e+05,-3036.3
-2.9937e-05,-0.00023196,-1.2686e+05,-3089.6
-2.9959e-05,-0.00023018,-1.2691e+05,-3071
-2.9934e-05,-0.00022111,-1.2662e+05,-2973.4
-2.9892e-05,-0.00024041,-1.2684e+05,-3179
-2.9917e-05,-0.00023668,-1.2687e+05,-3139.6
-2.9963e-05,-0.00022301,-1.2678e+05,-2994.4
-2.9969e-05,-0.00021194,-1.2658e+05,-2876.1
-2.9967e-05,-0.00021334,-1.266e+05,-2891
-2.9994e-05,-0.00020049,-1.2644e+05,-2754.2
-3.0049e-05,-0.00018501,-1.2636e+05,-2589.8
-3.0127e-05,-0.00014926,-1.2594e+05,-2209
-3.0199e-05,-0.00012218,-1.2569e+05,-1920.9
-3.0313e-05,-8.1949e-05,-1.2533e+05,-1492.9
-3.0476e-05,-2.3908e-05,-1.2482e+05,-875.55
-3.0663e-05,4.699e-05,-1.2414e+05,-121.17
-3.0871e-05,0.00011857,-1.2353e+05,640.04
-3.1096e-05,0.00020741,-1.2264e+05,1585.5
-3.1245e-05,0.00027939,-1.2179e+05,2352.3
-3.1235e-05,0.00028696,-1.2159e+05,2433.4
-3.1092e-05,0.0002442,-1.2188e+05,1979.1
-3.0902e-05,0.00017526,-1.2251e+05,1245.8
-3.0684e-05,0.00010591,-1.2303e+05,508.65
-3.0437e-05,3.1344e-05,-1.2354e+05,-283.77
-3.0099e-05,-4.9694e-05,-1.2381e+05,-1143.5
-2.9569e-05,-0.0001847,-1.2439e+05,-2576.5
-2.8899e-05,-0.00036691,-1.2536e+05,-4511.6
-2.8141e-05,-0.00055932,-1.2679e+05,-6512.5
-2.7607e-05,-0.00074242,-1.2555e+05,-8655
-2.763e-05,-0.00080235,-1.2486e+05,-9423
-2.8269e-05,-0.00084405,-1.2667e+05,-9965.3
-2.8787e-05,-0.0009254,-1.2973e+05,-10876
-1.4597e-05,-0.00083692,-68070,-9699
-1.6677e-05,6.9001e-05,-66633,398.64
-1.764e-05,0.00052606,-61147,5308.2
-1.7588e-05,0.00048547,-62033,4853.6
-1.7494e-05,0.00047787,-61745,4776.6
-1.7423e-05,0.00047064,-61733,4689
-1.7347e-05,0.00046264,-61420,4608.7
-1.7039e-05,0.00045439,-60010,4539.6
-1.6508e-05,0.00047047,-58189,4678.8
-1.6401e-05,0.0004625,-58490,4554.9
-1.6412e-05,0.00045529,-58617,4481.1
-1.654e-05,0.000439,-59511,4301.4
-1.6498e-05,0.0004291,-59486,4199.4
-1.6407e-05,0.00042844,-59661,4154.8
-1.6499e-05,0.00042014,-60198,4064.8
-1.6553e-05,0.00041444,-60499,4004.9
-1.6742e-05,0.00040396,-61485,3889
-1.6782e-05,0.00039479,-61786,3792.6
-1.6751e-05,0.00039079,-61678,3754.3
-1.6842e-05,0.00038156,-62215,3655.1
-1.6839e-05,0.00037608,-62262,3599.7
-1.6836e-05,0.00037063,-62309,3544.8
-1.6836e-05,0.00036504,-62360,3488.7
-1.6837e-05,0.00035937,-62428,3431.2
-1.6839e-05,0.00035374,-62503,3373.8
-1.6836e-05,0.00034812,-62561,3316.7
-1.6828e-05,0.00034277,-62586,3263
-1.6822e-05,0.00033733,-62604,3209
-1.6815e-05,0.00033194,-62648,3154.1
-1.6813e-05,0.00032647,-62711,3098.3
-1.6802e-05,0.00032107,-62441,3064.5
-1.6787e-05,0.00031595,-62454,3011.9
-1.6772e-05,0.00031078,-62466,2958.9
-1.6758e-05,0.00030566,-62492,2905.8
-1.6744e-05,0.00030055,-62517,2852.6
-1.673e-05,0.00029541,-62539,2799.5
-1.6716e-05,0.00029022,-62740,2733
-1.6703e-05,0.00028509,-62761,2680.2
-1.6689e-05,0.00027996,-62782,2627.3
-1.6675e-05,0.00027482,-62789,2575.3
-1.6661e-05,0.00026964,-62798,2522.8
-1.6648e-05,0.00026451,-62806,2470.9
-1.6634e-05,0.00025938,-62805,2419.7
-1.662e-05,0.00025424,-62805,2368.3
-1.6607e-05,0.00024906,-62815,2315.9
-1.6593e-05,0.00024393,-62818,2264.6
-1.6579e-05,0.0002388,-62832,2212.4
-1.6565e-05,0.00023367,-62854,2159.7
-1.6552e-05,0.00022853,-62875,2107
-1.6538e-05,0.00022335,-62924,2051.9
-1.6524e-05,0.00021822,-62973,1997.3
-1.6511e-05,0.00021309,-63021,1942.8
-1.6497e-05,0.00020795,-63070,1888.1
-1.6483e-05,0.00020277,-63119,1833
-1.6469e-05,0.00019764,-63167,1778.4
-1.6455e-05,0.00019251,-63215,1723.9
-1.6441e-05,0.00018738,-63262,1669.3
-1.6427e-05,0.00018221,-63309,1614.3
-1.6413e-05,0.0001771,-63354,1559.9
-1.6398e-05,0.00017198,-63400,1505.5
-1.6384e-05,0.00016686,-63445,1451
-1.6369e-05,0.00016169,-63491,1396.1
-1.6355e-05,0.00015658,-63536,1341.7
-1.6341e-05,0.00015146,-63582,1287.3
-1.6326e-05,0.00014635,-63627,1232.9
-1.6312e-05,0.00014123,-63672,1178.4
-1.6297e-05,0.00013606,-63718,1123.5
-1.6283e-05,0.00013095,-63764,1069.1
-1.6269e-05,0.00012584,-63809,1014.7
-1.6254e-05,0.00012072,-63854,960.24
-1.624e-05,0.00011555,-63901,905.3
-1.6226e-05,0.00011043,-63947,850.88
-1.6212e-05,0.00010532,-63994,796.46
-1.6198e-05,0.00010019,-64041,741.89
-1.6184e-05,9.5013e-05,-64090,686.83
-1.617e-05,8.9882e-05,-64140,632.24
-1.6157e-05,8.4751e-05,-64189,577.65
-1.6143e-05,7.9614e-05,-64238,523
-1.613e-05,7.4432e-05,-64288,467.86
-1.6116e-05,6.9301e-05,-64337,413.27
-1.6097e-05,6.3706e-05,-64374,353.82
-1.6073e-05,5.4494e-05,-64463,255.81
-1.6048e-05,4.5284e-05,-64547,157.84
-1.6022e-05,3.6112e-05,-64628,60.288
-1.5997e-05,2.6918e-05,-64714,-37.517
-1.5973e-05,1.771e-05,-64801,-135.47
-1.6006e-05,1.3379e-05,-65028,-182.45
-1.605e-05,4.2931e-05,-64606,132.67
-1.5853e-05,2.7462e-05,-64116,-28.758
-1.5024e-05,-0.00016065,-64561,-2023.5
-1.6604e-05,-0.00063987,-76771,-7432.9
-6.641e-07,-0.0017681,-22497,-19472
