-3.3649e-06,-0.0030667,-54736,-18803
-1.4916e-05,-0.0021532,-48905,-15459
-1.7061e-05,-0.0011485,-50983,-8987.3
-1.5658e-05,-0.00041096,-58607,-3011.4
-1.6673e-05,-4.8436e-05,-63471,-361.38
-1.7727e-05,0.00022077,-67169,1538.2
-1.7835e-05,0.00030373,-68019,2086.9
-1.7881e-05,0.00033415,-67760,2331.7
-1.7758e-05,0.000314,-67238,2193.3
-1.7633e-05,0.00027429,-66763,1915.4
-1.758e-05,0.00021349,-66618,1487
-1.7368e-05,0.00014668,-65886,1015.5
-1.7192e-05,7.9245e-05,-65297,539.53
-1.704e-05,2.3306e-05,-64782,144.75
-1.6927e-05,-2.9794e-05,-64415,-230.05
-1.6891e-05,-5.7578e-05,-64308,-426.18
-1.691e-05,-5.7132e-05,-64383,-423.05
-1.6954e-05,-3.7459e-05,-64527,-284.2
-1.6999e-05,-1.9894e-05,-64678,-160.23
-1.7052e-05,4.1538e-06,-64850,9.5038
-1.7108e-05,2.6727e-05,-65037,168.82
-1.7157e-05,5.1198e-05,-65196,341.54
-1.7211e-05,7.1898e-05,-65376,487.64
-1.7316e-05,9.8311e-05,-65743,674.01
-1.7367e-05,0.00011271,-65921,775.62
-1.7378e-05,0.00013978,-65932,966.77
-1.7423e-05,0.00015363,-66089,1064.5
-1.7432e-05,0.00017461,-66100,1212.6
-1.7413e-05,0.00018444,-66013,1282
-1.7418e-05,0.00019908,-66015,1385.3
-1.7426e-05,0.00020385,-66040,1419
-1.7396e-05,0.00021472,-65914,1495.8
-1.7429e-05,0.00022204,-66034,1547.5
-1.7418e-05,0.0002268,-65983,1581.1
-1.7381e-05,0.00022804,-65844,1589.9
-1.7331e-05,0.00023655,-65643,1650.1
-1.7375e-05,0.00022447,-65822,1564.7
-1.7305e-05,0.00022289,-65559,1553.6
-1.7248e-05,0.00021829,-65350,1521.2
-1.7244e-05,0.00022006,-65330,1533.7
-1.7258e-05,0.0002136,-65390,1488.1
-1.7262e-05,0.00021734,-65402,1514.5
-1.7258e-05,0.00021551,-65390,1501.6
-1.7234e-05,0.00021438,-65300,1493.6
-1.7201e-05,0.00020406,-65186,1420.8
-1.7179e-05,0.0002027,-65103,1411.2
-1.7176e-05,0.00019615,-65100,1365
-1.717e-05,0.00019858,-65073,1382.2
-1.7147e-05,0.00019879,-64987,1383.7
-1.7143e-05,0.00019682,-64972,1369.8
-1.7175e-05,0.00019331,-65101,1345
-1.7178e-05,0.00020306,-65099,1413.8
-1.7141e-05,0.00020555,-64954,1431.4
-1.7165e-05,0.00019726,-65056,1372.8
-1.7172e-05,0.00018466,-65098,1283.9
-1.7159e-05,0.00017407,-65061,1209.1
-1.7239e-05,0.00016286,-65378,1129.9
-1.7215e-05,0.00018424,-65262,1280.8
-1.7192e-05,0.00016821,-65193,1167.7
-1.7222e-05,0.00017296,-65302,1201.2
-1.7091e-05,0.00014597,-64836,1010.8
-1.6988e-05,0.00012216,-64469,842.74
-1.6943e-05,0.00011782,-64302,812.21
-1.6825e-05,8.9369e-05,-63889,611.44
-1.6845e-05,5.8191e-05,-63999,391.28
-1.6698e-05,4.7382e-05,-63452,315.13
-1.6761e-05,3.2822e-05,-63711,212.26
-1.6735e-05,5.1534e-05,-63588,344.41
-1.6831e-05,4.1616e-05,-63966,274.26
-1.6929e-05,3.966e-05,-64340,260.35
-1.6914e-05,2.2494e-05,-64305,139.16
-1.6985e-05,4.4738e-05,-64549,296.13
-1.7166e-05,5.0492e-05,-65228,336.55
-1.725e-05,6.4817e-05,-65532,437.6
-1.726e-05,7.294e-05,-65560,494.94
-1.73e-05,7.4846e-05,-65712,508.35
-1.7221e-05,8.2201e-05,-65403,560.37
-1.725e-05,9.4201e-05,-65498,645.07
-1.7277e-05,0.00010747,-65585,738.72
-1.7288e-05,0.00011555,-65620,795.75
-1.7296e-05,0.00011823,-65648,814.66
-1.7289e-05,0.00012092,-65617,833.66
-1.7265e-05,0.0001104,-65536,759.45
-1.7228e-05,9.7998e-05,-65412,671.9
-1.7171e-05,7.525e-05,-65221,511.35
-1.7106e-05,4.892e-05,-65004,325.52
-1.7044e-05,1.7512e-05,-64805,103.83
-1.6972e-05,-7.9758e-06,-64561,-76.046
-1.6899e-05,-4.342e-05,-64322,-326.22
-1.6838e-05,-7.2608e-05,-64125,-532.23
-1.6872e-05,-9.6556e-05,-64283,-701.36
-1.6811e-05,-0.00011918,-64076,-861.04
-1.6711e-05,-0.00014605,-63730,-1050.6
-1.6642e-05,-0.00016064,-63482,-1153.5
-1.6565e-05,-0.00018311,-63218,-1312.1
-1.6495e-05,-0.00019744,-62968,-1413.2
-1.6445e-05,-0.00021551,-62796,-1540.7
-1.6358e-05,-0.00022895,-62481,-1635.6
-1.6343e-05,-0.00024218,-62433,-1729.5
-1.6273e-05,-0.00024973,-62170,-1783.3
-1.6331e-05,-0.0002534,-62388,-1809.7
-1.6268e-05,-0.00025812,-62143,-1843.7
-1.6202e-05,-0.00026752,-61883,-1911.3
-1.6186e-05,-0.00026796,-61819,-1914.8
-1.6165e-05,-0.00027328,-61729,-1953.3
-1.616e-05,-0.000276,-61703,-1973.2
-1.6272e-05,-0.000261,-62148,-1865
-1.6353e-05,-0.00024997,-62462,-1785.8
-1.6335e-05,-0.000241,-62395,-1721.6
-1.6294e-05,-0.00023422,-62237,-1673.2
-1.6378e-05,-0.0002255,-62552,-1611.3
-1.6313e-05,-0.00021261,-62293,-1520.1
-1.6267e-05,-0.00020453,-62110,-1463
-1.6211e-05,-0.0001929,-61880,-1380.8
-1.6188e-05,-0.00018852,-61790,-1349.9
-1.6263e-05,-0.00017681,-62060,-1267.3
-1.6328e-05,-0.0001666,-62295,-1195.3
-1.6319e-05,-0.00015979,-62252,-1147.2
-1.6343e-05,-0.00015983,-62344,-1147.5
-1.6401e-05,-0.00014551,-62549,-1046.5
-1.6475e-05,-0.00014201,-62826,-1021.8
-1.6384e-05,-0.00013582,-62474,-978.05
-1.632e-05,-0.00013621,-62229,-980.72
-1.636e-05,-0.00013325,-62380,-959.83
-1.6429e-05,-0.00012895,-62634,-929.54
-1.6488e-05,-0.00011905,-62848,-859.73
-1.6552e-05,-0.00012065,-63096,-871.09
-1.6494e-05,-0.00011186,-62862,-809
-1.6545e-05,-0.00011032,-63054,-798.15
-1.6589e-05,-0.00010751,-63218,-778.35
-1.6642e-05,-0.00010776,-63420,-780.2
-1.6608e-05,-0.00010295,-63287,-746.21
-1.6607e-05,-0.00010458,-63283,-757.71
-1.6686e-05,-0.00010181,-63580,-738.26
-1.6748e-05,-9.2203e-05,-63806,-670.48
-1.6704e-05,-9.4667e-05,-63642,-687.83
-1.6778e-05,-8.7914e-05,-63917,-640.24
-1.6816e-05,-8.7333e-05,-64059,-636.18
-1.6813e-05,-8.7738e-05,-64049,-639.03
-1.681e-05,-7.9888e-05,-64029,-583.6
-1.6842e-05,-8.656e-05,-64158,-630.75
-1.6881e-05,-8.0704e-05,-64299,-589.45
-1.6923e-05,-7.684e-05,-64455,-562.21
-1.6961e-05,-6.9215e-05,-64589,-508.42
-1.7021e-05,-6.7246e-05,-64816,-494.59
-1.707e-05,-5.117e-05,-64983,-381.14
-1.6964e-05,-4.8319e-05,-64577,-360.89
-1.6971e-05,-3.0254e-05,-64583,-233.34
-1.7019e-05,-1.2499e-05,-64746,-108.04
-1.708e-05,1.2455e-05,-64946,68.08
-1.7166e-05,4.5279e-05,-65234,299.74
-1.7279e-05,9.1543e-05,-65612,626.26
-1.7409e-05,0.00014354,-66045,993.21
-1.7554e-05,0.00021037,-66519,1464.9
-1.7667e-05,0.00026879,-66878,1877.8
-1.7709e-05,0.0002955,-67001,2066.8
-1.7701e-05,0.0002952,-66993,2063.2
-1.7684e-05,0.00028881,-66978,2015.1
-1.7585e-05,0.00027566,-66677,1918.1
-1.7405e-05,0.00020959,-65956,1459.6
-1.724e-05,0.00014481,-65403,1002.3
-1.7109e-05,9.1569e-05,-64967,626.6
-1.6791e-05,3.3427e-05,-63826,216.44
-1.655e-05,-0.00014924,-63120,-1072.9
-1.5782e-05,-0.00033889,-60249,-2423.6
-1.35e-05,-0.00046937,-50026,-3449.9
-1.1054e-05,-0.00059854,-37648,-4547.6
-1.0939e-05,-0.00073776,-34159,-5710.6
-5.6977e-06,-0.00077404,-10721,-6135.5
-1.0318e-05,-0.00028161,-39781,-1991.8
-1.3799e-05,0.00026791,-51756,1903.7
-1.4157e-05,0.0002457,-53340,1733.8
-1.4123e-05,0.00024138,-53236,1701.9
-1.4096e-05,0.00023751,-53190,1670.9
-1.4068e-05,0.00023367,-53142,1640
-1.4031e-05,0.00022933,-53053,1606.1
-1.3954e-05,0.00022825,-53222,1566.4
-1.3925e-05,0.00022448,-53056,1543.8
-1.3933e-05,0.00021958,-53020,1514.1
-1.3932e-05,0.00021464,-52950,1484.2
-1.392e-05,0.00021007,-52856,1455.8
-1.3896e-05,0.0002088,-52756,1447.5
-1.3899e-05,0.00020609,-52744,1430.4
-1.3901e-05,0.00020332,-52722,1413
-1.3902e-05,0.00020066,-52700,1396.2
-1.3905e-05,0.00019802,-52699,1378.7
-1.3905e-05,0.00019508,-52690,1359.2
-1.3897e-05,0.00019281,-52647,1344
-1.3895e-05,0.00019023,-52628,1326.9
-1.3893e-05,0.00018765,-52624,1308.8
-1.3892e-05,0.00018506,-52621,1290.5
-1.3891e-05,0.00018245,-52619,1272
-1.3889e-05,0.00017986,-52617,1253.7
-1.3885e-05,0.00017718,-52603,1234.8
-1.3874e-05,0.00017502,-52565,1219.6
-1.3871e-05,0.00017245,-52557,1201.5
-1.3868e-05,0.0001699,-52549,1183.5
-1.3867e-05,0.00016733,-52547,1165.3
-1.3863e-05,0.00016476,-52536,1147.2
-1.3859e-05,0.00016226,-52523,1129.5
-1.3842e-05,0.00016011,-52462,1114.4
-1.3836e-05,0.00015767,-52442,1097.1
-1.383e-05,0.00015523,-52420,1079.9
-1.3829e-05,0.00015276,-52418,1062.5
-1.3826e-05,0.00015007,-52409,1043.5
-1.382e-05,0.00014759,-52393,1026
-1.3802e-05,0.00014554,-52324,1011.6
-1.3795e-05,0.00014313,-52300,994.5
-1.3788e-05,0.00014069,-52276,977.29
-1.3781e-05,0.00013827,-52252,960.25
-1.3773e-05,0.00013586,-52228,943.21
-1.3766e-05,0.00013344,-52204,926.14
-1.3759e-05,0.000131,-52180,908.93
-1.3752e-05,0.00012859,-52156,891.89
-1.3746e-05,0.00012617,-52132,874.85
-1.3738e-05,0.00012376,-52108,857.81
-1.3731e-05,0.00012134,-52084,840.75
-1.3724e-05,0.0001189,-52060,823.54
-1.3717e-05,0.00011648,-52037,806.5
-1.371e-05,0.00011407,-52013,789.46
-1.3703e-05,0.00011165,-51989,772.39
-1.3696e-05,0.00010921,-51965,755.18
-1.3689e-05,0.0001068,-51941,738.14
-1.3682e-05,0.00010438,-51917,721.1
-1.3676e-05,0.00010196,-51895,704
-1.3669e-05,9.9503e-05,-51874,686.65
-1.3663e-05,9.7066e-05,-51853,669.45
-1.3657e-05,9.4629e-05,-51832,652.25
-1.3651e-05,9.2189e-05,-51811,635.03
-1.3644e-05,8.9727e-05,-51790,617.65
-1.3638e-05,8.729e-05,-51770,600.45
-1.3632e-05,8.4852e-05,-51749,583.25
-1.3626e-05,8.2415e-05,-51728,566.05
-1.362e-05,7.9975e-05,-51707,548.83
-1.3613e-05,7.7513e-05,-51686,531.45
-1.3607e-05,7.5076e-05,-51665,514.25
-1.3601e-05,7.2638e-05,-51644,497.05
-1.3595e-05,7.0198e-05,-51624,479.83
-1.3588e-05,6.7736e-05,-51602,462.46
-1.3582e-05,6.5304e-05,-51581,445.29
-1.3575e-05,6.2872e-05,-51559,428.13
-1.3569e-05,6.0448e-05,-51535,411.02
-1.3561e-05,5.8003e-05,-51512,393.76
-1.3554e-05,5.5595e-05,-51487,376.77
-1.3547e-05,5.3187e-05,-51462,359.77
-1.354e-05,5.0775e-05,-51437,342.76
-1.3532e-05,4.8343e-05,-51412,325.59
-1.3525e-05,4.5934e-05,-51388,308.6
-1.3515e-05,4.3307e-05,-51352,290.06
-1.3502e-05,3.8984e-05,-51308,259.55
-1.349e-05,3.4654e-05,-51268,228.99
-1.3479e-05,3.0265e-05,-51231,198.01
-1.3468e-05,2.5937e-05,-51192,167.47
-1.3471e-05,2.1317e-05,-51209,134.85
-1.3496e-05,1.9179e-05,-51308,119.75
-1.3493e-05,3.4828e-05,-51277,230.24
-1.3267e-05,1.1272e-05,-50448,64.178
-1.2136e-05,-0.00018146,-46494,-1286.3
-1.3549e-05,-0.00064461,-46570,-4910.8
-5.6524e-06,-0.0015708,-3046.6,-12011
