8.3893e-09,7.9905e-07,32.918,5.6555
8.6389e-09,4.8628e-07,33.461,3.4453
9.0155e-09,2.8161e-08,34.329,0.20939
9.9545e-09,-4.2938e-07,37.397,-3.0217
1.0742e-08,-8.1315e-07,40.001,-5.7333
9.713e-09,-3.0958e-07,36.606,-2.1756
9.1166e-09,-9.7116e-09,34.669,-0.057998
8.9213e-09,9.4652e-08,34.049,0.67893
8.896e-09,1.1903e-07,33.982,0.8511
8.9527e-09,1.0629e-07,34.183,0.76116
9.0367e-09,7.5248e-08,34.465,0.54201
9.12e-09,4.4808e-08,34.746,0.3271
9.1799e-09,1.6164e-08,34.94,0.12484
9.2159e-09,2.9477e-09,35.062,0.031535
9.2332e-09,-8.6644e-09,35.114,-0.050467
9.2257e-09,-7.2794e-09,35.087,-0.040692
9.2208e-09,-2.5153e-09,35.074,-0.0070475
9.2164e-09,-2.7708e-09,35.057,-0.0088572
9.2109e-09,1.3282e-09,35.041,0.020089
9.2083e-09,1.7631e-09,35.032,0.023158
9.2067e-09,3.8599e-09,35.028,0.037967
9.205e-09,3.1527e-09,35.021,0.03297
9.2053e-09,4.9685e-09,35.024,0.045796
9.2043e-09,3.4023e-09,35.019,0.034732
9.2031e-09,6.0856e-09,35.017,0.053684
9.2011e-09,4.6433e-09,35.008,0.043494
9.1995e-09,7.7656e-09,35.005,0.065546
9.1964e-09,6.1288e-09,34.991,0.053981
9.1929e-09,1.0034e-08,34.983,0.081558
9.1896e-09,9.024e-09,34.969,0.074424
9.1887e-09,1.2337e-08,34.969,0.097825
9.1935e-09,9.2455e-09,34.984,0.075993
9.1857e-09,1.0103e-08,34.955,0.08204
9.1833e-09,1.5422e-08,34.953,0.11961
9.1959e-09,1.0667e-08,34.995,0.086037
9.2003e-09,4.8647e-09,35.005,0.045057
9.1995e-09,7.7364e-09,35.005,0.06534
9.2018e-09,5.0821e-09,35.011,0.046594
9.2056e-09,5.675e-09,35.026,0.050787
9.2053e-09,2.218e-09,35.021,0.026368
9.2026e-09,5.892e-09,35.015,0.052316
9.2059e-09,3.9039e-09,35.025,0.038277
9.2079e-09,3.508e-09,35.032,0.035483
9.2039e-09,2.8043e-09,35.016,0.030508
9.202e-09,6.0695e-09,35.013,0.053569
9.2014e-09,4.1886e-09,35.008,0.040283
9.1997e-09,6.7094e-09,35.005,0.058086
9.2016e-09,5.4232e-09,35.011,0.049004
9.2026e-09,5.6085e-09,35.014,0.050313
9.1977e-09,5.1941e-09,34.995,0.047381
9.1987e-09,8.4139e-09,35.003,0.070125
9.2e-09,4.8174e-09,35.004,0.044723
9.1837e-09,1.0215e-08,34.948,0.082831
9.177e-09,1.7629e-08,34.931,0.13519
9.1747e-09,1.5738e-08,34.92,0.12183
9.176e-09,1.9329e-08,34.929,0.1472
9.1773e-09,1.4573e-08,34.929,0.11361
9.181e-09,1.7658e-08,34.946,0.1354
9.1974e-09,9.9931e-09,35,0.081278
9.2064e-09,3.9519e-09,35.027,0.038617
9.2111e-09,2.9134e-09,35.044,0.031287
9.2146e-09,-3.7258e-12,35.054,0.010686
9.2177e-09,-2.4733e-10,35.065,0.0089689
9.2166e-09,-2.3215e-09,35.058,-0.0056832
9.2106e-09,8.254e-10,35.039,0.016538
9.216e-09,2.0312e-09,35.061,0.025061
9.2339e-09,-5.0976e-09,35.121,-0.025272
9.2418e-09,-1.3085e-08,35.142,-0.081678
9.2272e-09,-8.7882e-09,35.091,-0.051348
9.2236e-09,-2.2105e-09,35.085,-0.0048912
9.2266e-09,-6.171e-09,35.092,-0.032862
9.2307e-09,-4.4788e-09,35.11,-0.020905
9.2345e-09,-9.6497e-09,35.118,-0.057425
9.2377e-09,-7.5647e-09,35.133,-0.042693
9.2416e-09,-1.2443e-08,35.142,-0.077148
9.2461e-09,-1.1267e-08,35.16,-0.068837
9.242e-09,-1.5474e-08,35.14,-0.098553
9.2367e-09,-8.4287e-09,35.128,-0.048797
9.2302e-09,-1.0618e-08,35.101,-0.064266
9.2236e-09,-2.9923e-09,35.084,-0.010413
9.2205e-09,-5.0174e-09,35.07,-0.02472
9.2147e-09,5.2455e-10,35.055,0.014417
9.209e-09,-1.958e-10,35.032,0.0093227
9.2085e-09,4.6848e-09,35.036,0.043796
9.2073e-09,2.8077e-10,35.026,0.012687
9.2055e-09,5.7649e-09,35.026,0.051422
9.2057e-09,1.774e-09,35.022,0.023233
9.2016e-09,6.5916e-09,35.012,0.057257
9.1969e-09,5.2163e-09,34.992,0.047536
9.1967e-09,9.9627e-09,34.997,0.081062
9.1961e-09,5.4008e-09,34.99,0.048838
9.1949e-09,1.0607e-08,34.991,0.085611
9.1988e-09,6.0824e-09,35.001,0.053657
9.2016e-09,7.9868e-09,35.013,0.067112
9.2033e-09,3.8663e-09,35.015,0.038008
9.2052e-09,6.4954e-09,35.026,0.056581
9.2068e-09,2.2732e-09,35.026,0.02676
9.2088e-09,4.846e-09,35.037,0.044935
9.2202e-09,-5.1481e-10,35.075,0.0070825
9.2257e-09,-5.1963e-09,35.09,-0.025979
9.218e-09,-3.2445e-09,35.063,-0.012201
9.2133e-09,1.5938e-09,35.05,0.021969
9.2191e-09,-4.6368e-10,35.07,0.0074424
9.2174e-09,-3.5907e-09,35.06,-0.014647
9.2063e-09,1.8341e-09,35.024,0.023657
9.2085e-09,5.0817e-09,35.036,0.0466
9.2206e-09,-1.093e-09,35.075,0.0029988
9.2237e-09,-4.3336e-09,35.083,-0.019887
9.224e-09,-3.517e-09,35.085,-0.014119
9.2214e-09,-4.3773e-09,35.074,-0.020198
9.2197e-09,-1.665e-09,35.071,-0.001042
9.2208e-09,-3.2013e-09,35.074,-0.011893
9.2209e-09,-2.1117e-09,35.075,-0.0041961
9.2183e-09,-2.951e-09,35.064,-0.010128
9.2178e-09,-3.5984e-10,35.066,0.0081743
9.2203e-09,-2.7538e-09,35.072,-0.0087325
9.2204e-09,-1.8123e-09,35.074,-0.0020822
9.2133e-09,-2.2473e-09,35.046,-0.0051625
9.2123e-09,2.5551e-09,35.048,0.028757
9.2134e-09,-1.4313e-09,35.047,0.00060076
9.2135e-09,2.1123e-09,35.052,0.025631
9.2163e-09,-1.7172e-09,35.058,-0.0014148
9.2126e-09,6.404e-10,35.047,0.015233
9.2104e-09,9.7837e-10,35.039,0.017618
9.2126e-09,2.0569e-09,35.048,0.025239
9.2102e-09,-1.9451e-10,35.036,0.0093332
9.2084e-09,4.0035e-09,35.035,0.038984
9.2103e-09,1.196e-09,35.039,0.019155
9.2081e-09,3.4109e-09,35.033,0.034797
9.2049e-09,2.9575e-09,35.02,0.031591
9.2031e-09,5.5859e-09,35.016,0.050155
9.2005e-09,4.5064e-09,35.005,0.042526
9.1978e-09,7.6013e-09,34.998,0.064384
9.2023e-09,6.1039e-09,35.014,0.053812
9.2019e-09,4.6169e-09,35.011,0.043309
9.2017e-09,6.3515e-09,35.012,0.055561
9.2022e-09,4.9183e-09,35.012,0.045438
9.1989e-09,6.4117e-09,35.001,0.055983
9.2018e-09,6.9083e-09,35.013,0.059493
9.197e-09,4.8347e-09,34.992,0.044841
9.1951e-09,1.0216e-08,34.991,0.082848
9.1996e-09,6.1325e-09,35.004,0.054011
9.1993e-09,7.1966e-09,35.004,0.061527
9.1906e-09,7.3807e-09,34.971,0.062817
9.179e-09,1.4491e-08,34.935,0.11303
9.1754e-09,1.7757e-08,34.925,0.13609
9.1845e-09,1.5992e-08,34.958,0.12363
9.195e-09,8.7585e-09,34.989,0.072554
9.1975e-09,8.6986e-09,34.998,0.072135
9.2009e-09,6.33e-09,35.009,0.055408
9.211e-09,4.3811e-09,35.045,0.041654
9.2251e-09,-2.9602e-09,35.09,-0.010185
9.2439e-09,-8.1787e-09,35.156,-0.047023
9.2754e-09,-2.1353e-08,35.26,-0.14005
9.3183e-09,-3.6943e-08,35.406,-0.25011
9.3584e-09,-5.45e-08,35.538,-0.37408
9.3918e-09,-6.5812e-08,35.652,-0.45394
9.4284e-09,-7.9278e-08,35.776,-0.54902
9.472e-09,-9.326e-08,35.926,-0.64773
9.5227e-09,-1.119e-07,36.098,-0.77933
9.578e-09,-1.3092e-07,36.287,-0.9136
9.6257e-09,-1.5187e-07,36.446,-1.0616
9.6511e-09,-1.6412e-07,36.529,-1.1481
9.508e-09,-1.6271e-07,35.986,-1.1382
9.068e-09,-8.6135e-08,34.397,-0.59786
8.7906e-09,7.3524e-08,33.527,0.52954
8.6225e-09,2.3193e-07,33.08,1.6482
8.5614e-09,3.8142e-07,33.033,2.7042
6.784e-09,4.3683e-07,26.339,3.0935
1.2317e-08,3.0759e-07,47.233,2.1873
4.6118e-09,-7.1475e-08,17.46,-0.49938
4.637e-09,-7.1873e-08,17.555,-0.50216
4.6649e-09,-7.2306e-08,17.661,-0.50519
4.6953e-09,-7.2745e-08,17.776,-0.50825
4.7258e-09,-7.3184e-08,17.891,-0.51131
4.7562e-09,-7.3622e-08,18.007,-0.51438
4.4031e-09,-6.7998e-08,16.67,-0.47506
7.3353e-09,2.2501e-08,27.929,0.16745
9.8987e-09,-5.1703e-07,37.093,-3.6412
7.3266e-09,1.9834e-08,27.893,0.1486
7.3072e-09,1.8013e-08,27.817,0.13572
7.3059e-09,1.7204e-08,27.811,0.13
7.3078e-09,1.6544e-08,27.818,0.12534
7.3096e-09,1.5883e-08,27.824,0.12067
7.3116e-09,1.5206e-08,27.831,0.1159
7.3148e-09,1.4573e-08,27.842,0.11143
7.3185e-09,1.3958e-08,27.856,0.10709
7.3222e-09,1.3349e-08,27.869,0.10279
7.3258e-09,1.2744e-08,27.882,0.098522
7.3289e-09,1.2126e-08,27.893,0.094161
7.332e-09,1.1504e-08,27.904,0.089772
7.3346e-09,1.0866e-08,27.913,0.085267
7.3372e-09,1.0229e-08,27.922,0.080777
7.3394e-09,9.5859e-09,27.93,0.076235
7.3416e-09,8.9351e-09,27.938,0.071641
7.3436e-09,8.2748e-09,27.944,0.06698
7.3454e-09,7.6122e-09,27.95,0.062302
7.3472e-09,6.9495e-09,27.956,0.057624
7.349e-09,6.2868e-09,27.963,0.052946
7.3508e-09,5.6233e-09,27.969,0.048261
7.3526e-09,4.9539e-09,27.975,0.043536
7.3544e-09,4.2913e-09,27.981,0.038858
7.3558e-09,3.6273e-09,27.985,0.03417
7.356e-09,2.9477e-09,27.985,0.029371
7.3523e-09,2.1573e-09,27.971,0.023783
7.3518e-09,1.3338e-09,27.967,0.017967
7.3537e-09,6.7346e-10,27.974,0.013305
7.3556e-09,1.2264e-11,27.98,0.0086377
7.3574e-09,-6.5472e-10,27.987,0.0039292
7.3593e-09,-1.315e-09,27.993,-0.00073237
7.3612e-09,-1.9754e-09,28,-0.0053941
7.3631e-09,-2.6365e-09,28.006,-0.010061
7.3649e-09,-3.3049e-09,28.012,-0.01478
7.3667e-09,-3.9696e-09,28.018,-0.019472
7.3684e-09,-4.634e-09,28.024,-0.024163
7.3701e-09,-5.3007e-09,28.029,-0.028869
7.3717e-09,-5.9708e-09,28.035,-0.033601
7.3733e-09,-6.6464e-09,28.04,-0.03837
7.3748e-09,-7.3187e-09,28.045,-0.043117
7.3762e-09,-7.993e-09,28.05,-0.047877
7.3777e-09,-8.6678e-09,28.054,-0.052642
7.3789e-09,-9.3536e-09,28.058,-0.057484
7.3802e-09,-1.0034e-08,28.062,-0.062287
7.3814e-09,-1.0714e-08,28.066,-0.067089
7.3833e-09,-1.1391e-08,28.073,-0.071866
7.386e-09,-1.2037e-08,28.082,-0.076426
7.3886e-09,-1.2676e-08,28.091,-0.080939
7.3912e-09,-1.3315e-08,28.1,-0.085445
7.3936e-09,-1.3958e-08,28.109,-0.089985
7.396e-09,-1.4609e-08,28.117,-0.094585
7.3983e-09,-1.5254e-08,28.125,-0.099138
7.4006e-09,-1.5904e-08,28.133,-0.10372
7.4028e-09,-1.6555e-08,28.141,-0.10832
7.4049e-09,-1.7207e-08,28.148,-0.11292
7.407e-09,-1.7868e-08,28.155,-0.11759
7.409e-09,-1.8524e-08,28.162,-0.12222
7.411e-09,-1.9181e-08,28.169,-0.12685
7.4129e-09,-1.9841e-08,28.175,-0.13152
7.4149e-09,-2.0508e-08,28.182,-0.13622
7.4168e-09,-2.1168e-08,28.189,-0.14088
7.4187e-09,-2.1828e-08,28.195,-0.14554
7.4206e-09,-2.249e-08,28.202,-0.15021
7.4225e-09,-2.3157e-08,28.208,-0.15492
7.4244e-09,-2.3818e-08,28.215,-0.15959
7.4261e-09,-2.4482e-08,28.22,-0.16428
7.4278e-09,-2.515e-08,28.226,-0.16899
7.4293e-09,-2.5829e-08,28.231,-0.17379
7.4307e-09,-2.6503e-08,28.235,-0.17855
7.4324e-09,-2.7244e-08,28.241,-0.18377
7.4333e-09,-2.8487e-08,28.243,-0.19255
7.4434e-09,-2.9912e-08,28.28,-0.20261
7.4819e-09,-2.9991e-08,28.426,-0.20312
7.4844e-09,-3.118e-08,28.434,-0.21152
7.4855e-09,-3.2336e-08,28.437,-0.21968
7.484e-09,-3.3704e-08,28.43,-0.22934
7.4845e-09,-3.4917e-08,28.43,-0.23791
7.4869e-09,-3.6077e-08,28.438,-0.2461
7.4824e-09,-3.7592e-08,28.42,-0.25681
7.283e-09,-6.384e-09,27.697,-0.036622
6.6313e-09,2.7958e-07,25.561,1.9823
