-1.0999e-05,-0.00058805,-51141,-6854.5
-1.0983e-05,-0.00052378,-51201,-6084.2
-1.1039e-05,-0.00042947,-51367,-4967.2
-1.1225e-05,-0.00033299,-51612,-3850.9
-1.1592e-05,-0.00023363,-51916,-2742.8
-1.204e-05,-0.00013339,-51830,-1671.3
-1.2348e-05,-5.701e-05,-51532,-860.79
-1.2527e-05,-1.5878e-05,-51426,-424.59
-1.2633e-05,1.1388e-05,-51305,-135.19
-1.269e-05,2.4428e-05,-51271,3.09
-1.2715e-05,3.264e-05,-51205,90.396
-1.2719e-05,3.3467e-05,-51206,99.151
-1.2694e-05,3.2929e-05,-51114,93.912
-1.2639e-05,2.1992e-05,-51114,-21.932
-1.2582e-05,1.0775e-05,-51107,-140.71
-1.2533e-05,-2.022e-06,-51171,-276.56
-1.2503e-05,-1.0064e-05,-51212,-361.94
-1.2478e-05,-1.5621e-05,-51220,-420.85
-1.2455e-05,-2.1131e-05,-51241,-479.31
-1.2459e-05,-2.4276e-05,-51320,-513.01
-1.2465e-05,-1.9404e-05,-51247,-461.05
-1.2456e-05,-2.2263e-05,-51267,-491.43
-1.2456e-05,-2.3138e-05,-51283,-500.78
-1.2454e-05,-2.2854e-05,-51270,-497.71
-1.2454e-05,-2.3959e-05,-51292,-509.51
-1.2461e-05,-2.2539e-05,-51294,-494.49
-1.2469e-05,-2.0626e-05,-51286,-474.18
-1.2464e-05,-1.97e-05,-51247,-464.19
-1.2452e-05,-2.2871e-05,-51263,-497.85
-1.2443e-05,-2.4814e-05,-51265,-518.44
-1.2443e-05,-2.6286e-05,-51295,-534.19
-1.2449e-05,-2.4364e-05,-51282,-513.76
-1.243e-05,-2.5213e-05,-51219,-522.43
-1.2419e-05,-3.2604e-05,-51325,-601.25
-1.2464e-05,-2.7116e-05,-51398,-543.48
-1.2484e-05,-1.3045e-05,-51192,-393.42
-1.2451e-05,-2.1626e-05,-51234,-484.51
-1.2449e-05,-2.6101e-05,-51318,-532.33
-1.2469e-05,-2.1239e-05,-51301,-480.75
-1.248e-05,-1.7791e-05,-51275,-444.1
-1.2479e-05,-1.7094e-05,-51255,-436.62
-1.249e-05,-1.7334e-05,-51304,-439.4
-1.2505e-05,-1.2155e-05,-51259,-384.33
-1.2504e-05,-1.1766e-05,-51247,-380.15
-1.2509e-05,-1.1902e-05,-51272,-381.71
-1.2523e-05,-8.6593e-06,-51264,-347.33
-1.2532e-05,-5.9859e-06,-51247,-318.93
-1.2534e-05,-4.7876e-06,-51229,-306.14
-1.2522e-05,-6.3074e-06,-51212,-322.16
-1.2509e-05,-1.0049e-05,-51235,-361.9
-1.2506e-05,-1.1303e-05,-51250,-375.26
-1.2507e-05,-1.1551e-05,-51257,-377.92
-1.2488e-05,-1.2455e-05,-51198,-387.2
-1.2481e-05,-1.9177e-05,-51307,-458.94
-1.2504e-05,-1.3954e-05,-51294,-403.56
-1.2556e-05,-7.256e-06,-51370,-332.99
-1.2575e-05,7.6183e-06,-51146,-174.33
-1.2567e-05,6.8047e-08,-51263,-254.89
-1.2573e-05,4.4124e-06,-51201,-208.56
-1.2587e-05,3.212e-06,-51281,-221.67
-1.2598e-05,1.037e-05,-51183,-145.37
-1.26e-05,7.8577e-06,-51241,-172.27
-1.2595e-05,1.0825e-05,-51160,-140.44
-1.2595e-05,5.9947e-06,-51261,-192.1
-1.2602e-05,1.1412e-05,-51178,-134.31
-1.261e-05,9.0506e-06,-51259,-159.72
-1.2629e-05,1.542e-05,-51205,-91.991
-1.2645e-05,1.6993e-05,-51238,-75.493
-1.2638e-05,2.113e-05,-51126,-31.12
-1.2636e-05,1.4844e-05,-51245,-98.293
-1.2643e-05,2.0615e-05,-51156,-36.73
-1.2647e-05,1.7508e-05,-51237,-70.036
-1.2655e-05,2.2677e-05,-51165,-14.932
-1.2667e-05,2.1223e-05,-51242,-30.717
-1.2703e-05,2.9144e-05,-51230,53.239
-1.2766e-05,3.926e-05,-51282,160.13
-1.2764e-05,5.3318e-05,-50984,310.51
-1.2715e-05,3.6745e-05,-51122,134.29
-1.2677e-05,3.1768e-05,-51071,81.832
-1.2655e-05,2.116e-05,-51194,-31.137
-1.2644e-05,2.2106e-05,-51132,-20.807
-1.2633e-05,1.6068e-05,-51210,-85.158
-1.2625e-05,1.7464e-05,-51146,-70.047
-1.2629e-05,1.3128e-05,-51255,-116.52
-1.2641e-05,2.0032e-05,-51160,-42.912
-1.2657e-05,1.8322e-05,-51263,-61.539
-1.2695e-05,2.8663e-05,-51206,48.271
-1.2744e-05,3.5733e-05,-51263,122.87
-1.2745e-05,4.7744e-05,-51023,251.29
-1.2713e-05,3.503e-05,-51152,115.98
-1.269e-05,3.3717e-05,-51082,102.42
-1.2676e-05,2.5137e-05,-51200,10.951
-1.2675e-05,2.804e-05,-51138,42.016
-1.2672e-05,2.41e-05,-51205,-0.056912
-1.2666e-05,2.6531e-05,-51132,26.052
-1.2662e-05,2.1469e-05,-51216,-27.975
-1.2655e-05,2.4344e-05,-51131,2.9019
-1.2647e-05,1.8624e-05,-51216,-58.106
-1.264e-05,2.1031e-05,-51136,-32.217
-1.2644e-05,1.6231e-05,-51252,-83.64
-1.2652e-05,2.3097e-05,-51141,-10.358
-1.2643e-05,1.7905e-05,-51213,-65.711
-1.2647e-05,2.0171e-05,-51184,-41.56
-1.2648e-05,2.0145e-05,-51187,-41.859
-1.2624e-05,1.9209e-05,-51107,-51.372
-1.2601e-05,9.1866e-06,-51219,-158.08
-1.2583e-05,9.3667e-06,-51142,-155.79
-1.2574e-05,1.6812e-06,-51262,-237.79
-1.2571e-05,5.6695e-06,-51169,-195.09
-1.2563e-05,7.0178e-08,-51251,-254.8
-1.2557e-05,2.2974e-06,-51179,-230.85
-1.2553e-05,-2.6273e-06,-51261,-283.42
-1.2545e-05,1.1303e-09,-51179,-255.17
-1.2533e-05,-6.2201e-06,-51253,-321.44
-1.2524e-05,-5.4925e-06,-51203,-313.48
-1.2521e-05,-9.8525e-06,-51278,-360.04
-1.2515e-05,-7.2118e-06,-51202,-331.69
-1.2492e-05,-1.3128e-05,-51226,-394.47
-1.2475e-05,-1.6987e-05,-51236,-435.39
-1.2458e-05,-2.1184e-05,-51252,-479.93
-1.2465e-05,-2.3043e-05,-51319,-499.95
-1.2485e-05,-1.7188e-05,-51284,-437.76
-1.2472e-05,-1.5944e-05,-51204,-424.18
-1.246e-05,-2.2428e-05,-51286,-493.27
-1.2464e-05,-2.0705e-05,-51269,-474.93
-1.2464e-05,-2.1289e-05,-51280,-481.18
-1.2468e-05,-2.0541e-05,-51281,-473.26
-1.2492e-05,-1.8453e-05,-51338,-451.43
-1.2505e-05,-1.0388e-05,-51223,-365.43
-1.2499e-05,-1.3842e-05,-51270,-402.25
-1.2499e-05,-1.252e-05,-51242,-388.11
-1.2481e-05,-1.4719e-05,-51214,-411.27
-1.2471e-05,-1.981e-05,-51280,-465.51
-1.2487e-05,-1.7559e-05,-51298,-441.76
-1.2488e-05,-1.368e-05,-51221,-400.29
-1.2486e-05,-1.735e-05,-51291,-439.52
-1.2488e-05,-1.4265e-05,-51232,-406.55
-1.2477e-05,-1.7619e-05,-51259,-442.2
-1.2486e-05,-1.7862e-05,-51299,-444.98
-1.2461e-05,-1.5518e-05,-51149,-419.4
-1.2425e-05,-2.8896e-05,-51274,-561.72
-1.2436e-05,-2.9838e-05,-51337,-572.01
-1.2457e-05,-2.3493e-05,-51297,-504.61
-1.245e-05,-2.2114e-05,-51237,-489.7
-1.2427e-05,-2.7446e-05,-51252,-546.25
-1.2413e-05,-3.2463e-05,-51299,-599.62
-1.242e-05,-3.2129e-05,-51320,-596.19
-1.2422e-05,-2.9393e-05,-51274,-566.98
-1.2418e-05,-3.1832e-05,-51308,-592.98
-1.244e-05,-2.965e-05,-51350,-570.09
-1.2479e-05,-2.1026e-05,-51336,-478.67
-1.2514e-05,-1.2105e-05,-51295,-383.98
-1.2555e-05,-5.508e-06,-51330,-314.28
-1.2625e-05,8.395e-06,-51333,-167.04
-1.2691e-05,2.5765e-05,-51247,17.372
-1.2726e-05,3.4725e-05,-51210,112.45
-1.2736e-05,3.8868e-05,-51166,156.56
-1.2732e-05,3.7972e-05,-51166,147.07
-1.2694e-05,3.5542e-05,-51062,121.85
-1.2624e-05,2.1425e-05,-51062,-27.681
-1.2515e-05,5.5074e-06,-50942,-195.67
-1.2319e-05,-2.6344e-05,-50790,-532.28
-1.2017e-05,-7.8086e-05,-50611,-1079.4
-1.1595e-05,-0.00015355,-50424,-1877.8
-1.1223e-05,-0.00025395,-50692,-2961.4
-1.1036e-05,-0.00035718,-50976,-4127.8
-1.0991e-05,-0.00045764,-51171,-5301.5
-1.1019e-05,-0.00055224,-51240,-6428.9
-2.3733e-06,-0.00053731,-11792,-6286.7
-3.196e-06,5.4646e-05,-11928,519.27
-3.225e-06,6.5852e-05,-11812,639.35
-3.223e-06,6.5855e-05,-11812,638.89
-3.2217e-06,6.586e-05,-11814,638.44
-3.2212e-06,6.5827e-05,-11814,637.98
-3.2206e-06,6.5794e-05,-11814,637.53
-3.22e-06,6.5761e-05,-11814,637.07
-3.2195e-06,6.5728e-05,-11814,636.62
-3.2189e-06,6.5696e-05,-11815,636.17
-3.2187e-06,6.566e-05,-11815,635.71
-3.2187e-06,6.5616e-05,-11816,635.26
-3.219e-06,6.5567e-05,-11816,634.83
-3.2202e-06,6.553e-05,-11818,634.59
-3.2226e-06,6.5464e-05,-11820,634.32
-3.2247e-06,6.5379e-05,-11818,634.03
-3.2247e-06,6.5339e-05,-11815,633.82
-3.2242e-06,6.5322e-05,-11814,633.57
-3.2233e-06,6.5311e-05,-11814,633.32
-3.2223e-06,6.5309e-05,-11814,633.07
-3.2213e-06,6.5308e-05,-11814,632.83
-3.2202e-06,6.5308e-05,-11814,632.58
-3.2192e-06,6.5308e-05,-11814,632.33
-3.2181e-06,6.5308e-05,-11814,632.09
-3.217e-06,6.5308e-05,-11814,631.84
-3.216e-06,6.5309e-05,-11814,631.6
-3.2149e-06,6.531e-05,-11814,631.35
-3.2138e-06,6.5311e-05,-11814,631.11
-3.2127e-06,6.5312e-05,-11814,630.87
-3.2117e-06,6.5313e-05,-11814,630.62
-3.2107e-06,6.5312e-05,-11814,630.38
-3.2096e-06,6.5313e-05,-11814,630.15
-3.2086e-06,6.5315e-05,-11814,629.9
-3.2075e-06,6.5316e-05,-11814,629.67
-3.2073e-06,6.5315e-05,-11816,629.43
-3.2079e-06,6.5275e-05,-11816,629.19
-3.2085e-06,6.5235e-05,-11816,628.96
-3.209e-06,6.5196e-05,-11816,628.72
-3.2096e-06,6.5156e-05,-11816,628.49
-3.2102e-06,6.5117e-05,-11816,628.25
-3.2108e-06,6.5077e-05,-11816,628.02
-3.2114e-06,6.5038e-05,-11816,627.79
-3.212e-06,6.4999e-05,-11816,627.56
-3.2126e-06,6.496e-05,-11816,627.33
-3.2132e-06,6.492e-05,-11816,627.1
-3.2138e-06,6.4882e-05,-11816,626.87
-3.2143e-06,6.4843e-05,-11816,626.65
-3.2149e-06,6.4805e-05,-11816,626.42
-3.2155e-06,6.4766e-05,-11816,626.2
-3.2161e-06,6.4727e-05,-11816,625.97
-3.2167e-06,6.4689e-05,-11816,625.75
-3.2173e-06,6.4651e-05,-11816,625.52
-3.2179e-06,6.4613e-05,-11816,625.3
-3.2185e-06,6.4575e-05,-11816,625.08
-3.2191e-06,6.4537e-05,-11816,624.86
-3.2195e-06,6.45e-05,-11816,624.64
-3.2194e-06,6.447e-05,-11814,624.42
-3.2187e-06,6.4461e-05,-11814,624.2
-3.2179e-06,6.4458e-05,-11814,623.99
-3.2171e-06,6.4455e-05,-11814,623.77
-3.2163e-06,6.4453e-05,-11814,623.56
-3.2155e-06,6.445e-05,-11814,623.34
-3.2147e-06,6.4448e-05,-11814,623.13
-3.2139e-06,6.4445e-05,-11814,622.92
-3.2131e-06,6.4443e-05,-11814,622.71
-3.2123e-06,6.444e-05,-11814,622.49
-3.2115e-06,6.4438e-05,-11814,622.28
-3.2107e-06,6.4435e-05,-11814,622.07
-3.21e-06,6.4433e-05,-11814,621.86
-3.2092e-06,6.443e-05,-11814,621.66
-3.2085e-06,6.4427e-05,-11815,621.45
-3.2081e-06,6.4418e-05,-11815,621.24
-3.2079e-06,6.4407e-05,-11816,621.03
-3.2081e-06,6.438e-05,-11816,620.83
-3.2087e-06,6.4352e-05,-11817,620.62
-3.2097e-06,6.4306e-05,-11817,620.42
-3.2107e-06,6.426e-05,-11817,620.22
-3.2117e-06,6.4214e-05,-11817,620.01
-3.2127e-06,6.4167e-05,-11817,619.81
-3.2136e-06,6.4121e-05,-11817,619.61
-3.215e-06,6.4073e-05,-11818,619.39
-3.2166e-06,6.3988e-05,-11818,619.01
-3.2172e-06,6.3924e-05,-11816,618.66
-3.216e-06,6.3935e-05,-11810,618.85
-3.2176e-06,6.3817e-05,-11815,617.8
-3.219e-06,6.377e-05,-11817,617.59
-3.2198e-06,6.371e-05,-11817,617.23
-3.2193e-06,6.3681e-05,-11811,617.21
-3.2212e-06,6.3595e-05,-11816,616.52
-3.2172e-06,6.3556e-05,-11803,616.1
-3.2209e-06,6.3487e-05,-11811,615.79
-2.3729e-06,-2.1406e-05,-10115,-277.15
