8.3908e-09,6.1337e-07,32.626,4.3457
8.6635e-09,3.1585e-07,33.073,2.2468
9.0612e-09,-1.1811e-07,27.413,-0.46382
9.9072e-09,-5.6366e-07,37.078,-3.9707
1.077e-08,-9.1576e-07,40.008,-6.4588
9.7801e-09,-3.8862e-07,36.777,-2.7339
9.1014e-09,-6.3293e-08,34.552,-0.43639
8.8536e-09,6.3051e-08,32.452,0.53733
8.7906e-09,1.0265e-07,32.985,0.77016
8.8226e-09,1.0119e-07,33.498,0.73809
8.8955e-09,7.5779e-08,33.929,0.54561
8.9733e-09,4.7349e-08,34.191,0.34489
9.0317e-09,2.0391e-08,34.382,0.15453
9.0702e-09,6.2396e-09,34.512,0.054617
9.0905e-09,-6.3529e-09,34.574,-0.034305
9.0855e-09,-6.2574e-09,34.555,-0.033636
9.0823e-09,-2.4057e-09,34.548,-0.0064326
9.0791e-09,-3.2973e-09,34.534,-0.012734
9.0741e-09,5.2411e-10,34.52,0.014254
9.0716e-09,8.1061e-10,34.511,0.016275
9.0694e-09,3.0322e-09,34.505,0.031965
9.0669e-09,2.721e-09,34.495,0.029764
9.0668e-09,4.8748e-09,34.497,0.044977
9.0664e-09,3.2098e-09,34.494,0.033216
9.0656e-09,5.4736e-09,34.493,0.049204
9.0638e-09,4.0506e-09,34.485,0.03915
9.0623e-09,7.0666e-09,34.483,0.060451
9.059e-09,5.4691e-09,34.468,0.049163
9.0553e-09,9.4767e-09,34.459,0.077466
9.0516e-09,8.643e-09,34.444,0.071573
9.0504e-09,1.2059e-08,34.443,0.095703
9.0549e-09,9.1266e-09,34.457,0.074991
9.047e-09,1.0059e-08,34.428,0.08157
9.0445e-09,1.5383e-08,34.424,0.11917
9.0568e-09,1.0782e-08,34.466,0.086684
9.061e-09,5.1215e-09,34.475,0.046708
9.0601e-09,7.9759e-09,34.475,0.066868
9.0624e-09,5.365e-09,34.481,0.048429
9.0661e-09,5.9402e-09,34.496,0.052496
9.066e-09,2.5074e-09,34.491,0.028249
9.0633e-09,6.0943e-09,34.485,0.053581
9.0667e-09,4.0874e-09,34.496,0.03941
9.0689e-09,3.6428e-09,34.504,0.036271
9.065e-09,2.8877e-09,34.488,0.030933
9.0633e-09,6.0467e-09,34.485,0.053244
9.0628e-09,4.1337e-09,34.481,0.039731
9.0613e-09,6.5616e-09,34.478,0.056879
9.0633e-09,5.2326e-09,34.484,0.047493
9.0645e-09,5.3454e-09,34.489,0.048292
9.0599e-09,4.8427e-09,34.471,0.044735
9.0611e-09,7.9322e-09,34.479,0.06656
9.0625e-09,4.2867e-09,34.48,0.040811
9.0466e-09,9.5492e-09,34.426,0.077964
9.0401e-09,1.6808e-08,34.409,0.12923
9.0378e-09,1.4909e-08,34.399,0.11582
9.0391e-09,1.8465e-08,34.407,0.14093
9.0402e-09,1.3809e-08,34.407,0.10804
9.0436e-09,1.6947e-08,34.423,0.13021
9.0596e-09,9.5027e-09,34.475,0.07765
9.0679e-09,3.7146e-09,34.5,0.036775
9.072e-09,2.935e-09,34.515,0.031273
9.0748e-09,3.2499e-10,34.522,0.01284
9.0772e-09,4.0065e-10,34.531,0.013377
9.0752e-09,-1.3203e-09,34.522,0.0012184
9.0686e-09,2.1336e-09,34.501,0.025606
9.0731e-09,3.6689e-09,34.52,0.036456
9.09e-09,-3.0074e-09,34.576,-0.010682
9.0971e-09,-1.0548e-08,34.594,-0.06394
9.0821e-09,-6.0457e-09,34.543,-0.032153
9.0783e-09,5.7366e-10,34.536,0.014598
9.0811e-09,-3.1992e-09,34.542,-0.012048
9.085e-09,-1.4924e-09,34.559,1.2313e-05
9.0892e-09,-6.6014e-09,34.569,-0.036071
9.0934e-09,-4.9939e-09,34.587,-0.024711
9.099e-09,-1.0325e-08,34.602,-0.062359
9.1061e-09,-1.0293e-08,34.629,-0.062126
9.1035e-09,-1.5459e-08,34.613,-0.098615
9.0988e-09,-8.7581e-09,34.603,-0.051292
9.0917e-09,-1.1032e-08,34.574,-0.067364
9.0835e-09,-2.7134e-09,34.552,-0.0086134
9.0782e-09,-3.8649e-09,34.531,-0.016753
9.0698e-09,2.7247e-09,34.506,0.029781
9.0629e-09,3.0293e-09,34.48,0.031924
9.0621e-09,7.9569e-09,34.483,0.066729
9.061e-09,3.7048e-09,34.474,0.036693
9.0596e-09,8.9402e-09,34.475,0.073672
9.0597e-09,4.8846e-09,34.47,0.045026
9.0552e-09,9.8507e-09,34.459,0.080098
9.0505e-09,8.6715e-09,34.44,0.071763
9.0507e-09,1.3174e-08,34.446,0.10357
9.05e-09,8.5626e-09,34.437,0.070993
9.0481e-09,1.4006e-08,34.437,0.10944
9.0513e-09,9.8518e-09,34.444,0.080101
9.0536e-09,1.1934e-08,34.455,0.094812
9.0549e-09,8.075e-09,34.456,0.067554
9.0564e-09,1.0812e-08,34.465,0.086888
9.0572e-09,6.8424e-09,34.463,0.058851
9.0579e-09,9.9082e-09,34.469,0.080507
9.0687e-09,5.09e-09,34.505,0.046485
9.0749e-09,3.4086e-10,34.523,0.012948
9.0684e-09,1.561e-09,34.499,0.02156
9.0639e-09,6.2827e-09,34.488,0.054906
9.0702e-09,4.1572e-09,34.509,0.039899
9.07e-09,5.3626e-10,34.504,0.014323
9.0608e-09,5.1278e-09,34.475,0.046745
9.0649e-09,7.5013e-09,34.493,0.063515
9.0788e-09,5.8963e-10,34.538,0.014712
9.0838e-09,-3.5006e-09,34.552,-0.014173
9.0862e-09,-3.604e-09,34.561,-0.0149
9.0855e-09,-5.3384e-09,34.557,-0.02715
9.0855e-09,-3.4207e-09,34.559,-0.013605
9.0878e-09,-5.5729e-09,34.565,-0.028803
9.0886e-09,-4.889e-09,34.569,-0.023971
9.0864e-09,-5.9552e-09,34.559,-0.031504
9.0857e-09,-3.3466e-09,34.559,-0.013079
9.0875e-09,-5.5235e-09,34.564,-0.028454
9.0866e-09,-4.2055e-09,34.562,-0.019146
9.0785e-09,-4.1803e-09,34.531,-0.018977
9.0764e-09,1.0983e-09,34.529,0.018305
9.0761e-09,-2.2883e-09,34.524,-0.0056167
9.0751e-09,1.7273e-09,34.525,0.022746
9.0769e-09,-1.5857e-09,34.528,-0.00065312
9.0724e-09,1.1377e-09,34.514,0.018578
9.0695e-09,1.8103e-09,34.504,0.023325
9.0711e-09,3.1498e-09,34.512,0.032789
9.0682e-09,1.1515e-09,34.498,0.01867
9.0662e-09,5.438e-09,34.496,0.048946
9.0679e-09,2.7757e-09,34.499,0.030143
9.0656e-09,5.0255e-09,34.493,0.046031
9.0624e-09,4.5972e-09,34.48,0.043003
9.0607e-09,7.1929e-09,34.476,0.061336
9.0582e-09,6.1069e-09,34.466,0.053661
9.0555e-09,9.1375e-09,34.459,0.075065
9.0601e-09,7.6149e-09,34.475,0.064316
9.0598e-09,6.1111e-09,34.472,0.053694
9.0597e-09,7.7804e-09,34.473,0.065485
9.0602e-09,6.3344e-09,34.474,0.055272
9.0571e-09,7.7596e-09,34.464,0.065335
9.0601e-09,8.2005e-09,34.475,0.068453
9.0555e-09,6.0915e-09,34.456,0.053551
9.0538e-09,1.1321e-08,34.455,0.090485
9.0583e-09,7.2254e-09,34.468,0.061564
9.0582e-09,8.2235e-09,34.468,0.068615
9.0498e-09,8.345e-09,34.437,0.069463
9.0385e-09,1.5298e-08,34.401,0.11856
9.0351e-09,1.8459e-08,34.392,0.14089
9.0441e-09,1.6662e-08,34.425,0.1282
9.0547e-09,9.4628e-09,34.456,0.077365
9.0572e-09,9.3461e-09,34.466,0.076544
9.0608e-09,6.9515e-09,34.477,0.059634
9.0708e-09,4.9955e-09,34.512,0.04583
9.0847e-09,-2.2756e-09,34.557,-0.0055133
9.1033e-09,-7.4287e-09,34.622,-0.04189
9.1342e-09,-2.0407e-08,34.724,-0.13352
9.1753e-09,-3.5562e-08,34.863,-0.24053
9.2139e-09,-5.2216e-08,34.991,-0.35812
9.2489e-09,-6.3589e-08,35.111,-0.43841
9.2891e-09,-7.8378e-08,35.247,-0.54282
9.341e-09,-9.4069e-08,35.427,-0.65359
9.4048e-09,-1.1748e-07,35.643,-0.81888
9.4785e-09,-1.4169e-07,35.897,-0.98981
9.5587e-09,-1.7168e-07,36.169,-1.2015
9.6279e-09,-1.9831e-07,36.403,-1.3896
9.5224e-09,-2.1407e-07,35.984,-1.501
9.0568e-09,-1.543e-07,34.279,-1.0793
8.7581e-09,-1.7093e-09,29.775,0.19159
1.1091e-08,1.6411e-07,40.801,1.221
8.495e-09,2.8935e-07,32.419,2.0592
7.7062e-09,3.4915e-07,29.407,2.4795
9.1728e-09,1.6572e-07,35.044,1.1841
8.3067e-09,8.7584e-09,31.605,0.071168
8.3131e-09,7.7424e-09,31.628,0.063998
8.3172e-09,6.6668e-09,31.642,0.056403
8.3206e-09,5.522e-09,31.654,0.048322
8.3235e-09,4.3681e-09,31.663,0.040175
8.3261e-09,3.2056e-09,31.672,0.031967
3.1155e-08,8.6914e-07,119.7,6.1819
8.3319e-09,9.7943e-10,31.696,0.016606
1.1028e-08,1.903e-07,41.197,1.3013
8.3009e-09,-2.0401e-09,31.575,-0.0047566
8.2734e-09,-3.8551e-09,31.468,-0.017608
8.2523e-09,-5.2041e-09,31.386,-0.027159
8.2515e-09,-6.0154e-09,31.382,-0.032891
8.2532e-09,-6.6692e-09,31.388,-0.037506
8.2552e-09,-7.3236e-09,31.395,-0.042126
8.2577e-09,-7.956e-09,31.404,-0.04659
8.2605e-09,-8.5807e-09,31.414,-0.050999
8.2633e-09,-9.2068e-09,31.423,-0.055418
8.2659e-09,-9.8275e-09,31.433,-0.059799
8.2684e-09,-1.0454e-08,31.441,-0.064222
8.2709e-09,-1.1083e-08,31.45,-0.06866
8.2732e-09,-1.1722e-08,31.458,-0.07317
8.2754e-09,-1.2356e-08,31.466,-0.077649
8.2775e-09,-1.2994e-08,31.473,-0.082149
8.2796e-09,-1.3635e-08,31.48,-0.086675
8.2816e-09,-1.4283e-08,31.487,-0.091251
8.2835e-09,-1.4929e-08,31.494,-0.095808
8.2854e-09,-1.5574e-08,31.5,-0.10036
8.2873e-09,-1.622e-08,31.507,-0.10492
8.2893e-09,-1.6866e-08,31.513,-0.10949
8.2912e-09,-1.7518e-08,31.52,-0.11409
8.2931e-09,-1.8164e-08,31.526,-0.11865
8.295e-09,-1.8809e-08,31.533,-0.1232
8.2969e-09,-1.9458e-08,31.539,-0.12778
8.2988e-09,-2.0111e-08,31.546,-0.13239
8.3007e-09,-2.0757e-08,31.552,-0.13696
8.3025e-09,-2.1405e-08,31.558,-0.14153
8.3044e-09,-2.2053e-08,31.565,-0.14611
8.3063e-09,-2.2708e-08,31.571,-0.15073
8.3081e-09,-2.3356e-08,31.577,-0.1553
8.31e-09,-2.4003e-08,31.584,-0.15987
8.3118e-09,-2.4652e-08,31.59,-0.16445
8.3136e-09,-2.5308e-08,31.596,-0.16908
8.3153e-09,-2.5959e-08,31.602,-0.17368
8.3171e-09,-2.6611e-08,31.608,-0.17828
8.3187e-09,-2.7264e-08,31.613,-0.18289
8.3204e-09,-2.7921e-08,31.619,-0.18753
8.322e-09,-2.8583e-08,31.624,-0.1922
8.3235e-09,-2.9241e-08,31.629,-0.19685
8.325e-09,-2.9901e-08,31.634,-0.20151
8.3264e-09,-3.0562e-08,31.639,-0.20618
8.3277e-09,-3.1233e-08,31.643,-0.21092
8.329e-09,-3.1898e-08,31.647,-0.21562
8.3303e-09,-3.2564e-08,31.651,-0.22032
8.3322e-09,-3.3227e-08,31.658,-0.225
8.3347e-09,-3.3863e-08,31.667,-0.22949
8.3372e-09,-3.4493e-08,31.675,-0.23394
8.3397e-09,-3.5123e-08,31.684,-0.23838
8.342e-09,-3.5757e-08,31.692,-0.24285
8.3443e-09,-3.6398e-08,31.7,-0.24738
8.3466e-09,-3.7034e-08,31.708,-0.25187
8.3487e-09,-3.7674e-08,31.715,-0.25638
8.3508e-09,-3.8314e-08,31.723,-0.2609
8.3529e-09,-3.8956e-08,31.73,-0.26543
8.3549e-09,-3.9607e-08,31.737,-0.27003
8.3569e-09,-4.0251e-08,31.744,-0.27458
8.3588e-09,-4.0897e-08,31.75,-0.27914
8.3607e-09,-4.1546e-08,31.757,-0.28372
8.3626e-09,-4.2201e-08,31.763,-0.28835
8.3645e-09,-4.285e-08,31.77,-0.29293
8.3664e-09,-4.3498e-08,31.776,-0.29751
8.3683e-09,-4.4149e-08,31.782,-0.3021
8.3701e-09,-4.4805e-08,31.789,-0.30673
8.372e-09,-4.5454e-08,31.795,-0.31132
8.3737e-09,-4.6107e-08,31.801,-0.31592
8.3754e-09,-4.6762e-08,31.807,-0.32055
8.3769e-09,-4.7428e-08,31.812,-0.32525
8.3784e-09,-4.8089e-08,31.816,-0.32992
8.3801e-09,-4.8815e-08,31.822,-0.33504
8.3813e-09,-5.0031e-08,31.825,-0.34363
8.3919e-09,-5.1441e-08,31.864,-0.35358
8.4294e-09,-5.1555e-08,32.007,-0.35434
8.435e-09,-5.2619e-08,32.027,-0.36185
8.4369e-09,-5.3714e-08,32.033,-0.36958
8.4351e-09,-5.5086e-08,32.024,-0.37927
8.4372e-09,-5.6213e-08,32.031,-0.38723
8.4401e-09,-5.7336e-08,32.041,-0.39516
8.4357e-09,-5.8836e-08,32.022,-0.40576
4.263e-08,5.715e-07,147.07,3.778
7.6627e-09,1.7032e-07,28.388,1.2296
