0.00093164,-0.024888,-4.3713e+05,-80046
-4.4168e-05,-0.0043099,-3.4353e+05,-41977
-5.5371e-05,-0.0018055,-2.5349e+05,-20959
-5.7372e-05,-0.00045812,-2.434e+05,-6067.2
-5.893e-05,0.00016055,-2.3717e+05,518.21
-5.9629e-05,0.00050587,-2.33e+05,4197.2
-5.9996e-05,0.00054717,-2.3366e+05,4631.5
-6.0275e-05,0.00053825,-2.3498e+05,4530.5
-6.023e-05,0.00052712,-2.3502e+05,4412.4
-6.0104e-05,0.00051203,-2.3481e+05,4253.6
-6.004e-05,0.00049373,-2.3492e+05,4059.1
-5.9976e-05,0.00047023,-2.3514e+05,3809.1
-5.9834e-05,0.0004413,-2.3515e+05,3502.5
-5.9614e-05,0.00037154,-2.3567e+05,2760.9
-5.9448e-05,0.00030579,-2.3633e+05,2061.1
-5.9422e-05,0.00027915,-2.3676e+05,1776.8
-5.9535e-05,0.00031978,-2.364e+05,2209
-5.9686e-05,0.00039889,-2.3541e+05,3052
-5.9823e-05,0.00045759,-2.3477e+05,3677
-5.9989e-05,0.00053419,-2.3389e+05,4492.8
-6.0132e-05,0.00059985,-2.3314e+05,5192.1
-6.0229e-05,0.00065583,-2.324e+05,5788.7
-6.0372e-05,0.00070551,-2.3198e+05,6317.1
-6.0536e-05,0.00077497,-2.3123e+05,7056.7
-6.0679e-05,0.00081397,-2.3103e+05,7470.8
-6.0797e-05,0.00086946,-2.3048e+05,8054.4
-6.0893e-05,0.00089021,-2.3046e+05,8274
-6.0902e-05,0.00091999,-2.2994e+05,8588.8
-6.0864e-05,0.00089658,-2.3023e+05,8341.5
-6.0689e-05,0.00088045,-2.298e+05,8175.5
-6.049e-05,0.0007982,-2.3057e+05,7306
-6.0294e-05,0.00072915,-2.3118e+05,6571.6
-6.0064e-05,0.00062984,-2.3225e+05,5514.2
-5.9903e-05,0.00056257,-2.3296e+05,4798.1
-5.9876e-05,0.00050337,-2.3406e+05,4165.5
-5.9896e-05,0.00051791,-2.3384e+05,4320.7
-5.9918e-05,0.00051202,-2.3405e+05,4257.2
-5.9998e-05,0.00055611,-2.3348e+05,4727.1
-6.011e-05,0.00058594,-2.3333e+05,5043.8
-6.021e-05,0.0006424,-2.326e+05,5645.5
-6.0116e-05,0.00062385,-2.3259e+05,5449
-6.0026e-05,0.00070274,-2.3063e+05,6293.9
-6.0314e-05,0.00078514,-2.3014e+05,7168.6
-6.0545e-05,0.00085198,-2.2978e+05,7875.1
-6.0747e-05,0.00088827,-2.2988e+05,8257.7
-6.0966e-05,0.00094155,-2.2972e+05,8821.7
-6.1115e-05,0.00097298,-2.2971e+05,9153.7
-6.1284e-05,0.0010272,-2.292e+05,9737.7
-6.1437e-05,0.0010584,-2.2907e+05,10077
-6.1538e-05,0.0010985,-2.2853e+05,10514
-6.166e-05,0.0011106,-2.2874e+05,10644
-6.1757e-05,0.0011518,-2.2798e+05,11104
-6.1684e-05,0.0011398,-2.2801e+05,10972
-6.1559e-05,0.0011185,-2.2811e+05,10735
-6.1399e-05,0.001075,-2.2853e+05,10259
-6.1186e-05,0.0010338,-2.2867e+05,9810.2
-6.086e-05,0.00095179,-2.2912e+05,8930.6
-6.0511e-05,0.00084082,-2.2982e+05,7759.6
-6.0264e-05,0.00069509,-2.3174e+05,6207.9
-6.0068e-05,0.00058929,-2.3309e+05,5080.5
-5.9927e-05,0.00051526,-2.3402e+05,4291.6
-5.9883e-05,0.00047315,-2.347e+05,3842.2
-5.9919e-05,0.00048071,-2.3469e+05,3922.3
-5.9949e-05,0.00050475,-2.3432e+05,4178.8
-5.9956e-05,0.00050648,-2.3432e+05,4197.2
-5.9918e-05,0.00050251,-2.3425e+05,4155.4
-5.9867e-05,0.00046604,-2.3478e+05,3766.5
-5.9762e-05,0.00043621,-2.3496e+05,3449.6
-5.9566e-05,0.0003621,-2.3566e+05,2661
-5.9398e-05,0.00027553,-2.3674e+05,1738.6
-5.927e-05,0.00020906,-2.3757e+05,1030.3
-5.912e-05,0.00014767,-2.382e+05,376.8
-5.8967e-05,7.4745e-05,-2.3906e+05,-400.06
-5.8815e-05,9.5045e-06,-2.3977e+05,-1094.7
-5.8713e-05,-5.1544e-05,-2.406e+05,-1745.6
-5.8628e-05,-9.2651e-05,-2.4108e+05,-2183.5
-5.8508e-05,-0.00014223,-2.416e+05,-2711.3
-5.8393e-05,-0.00019385,-2.4218e+05,-3261.1
-5.8295e-05,-0.00022644,-2.4245e+05,-3607.7
-5.8222e-05,-0.00026134,-2.4286e+05,-3979.5
-5.8184e-05,-0.00028,-2.4309e+05,-4178.3
-5.8132e-05,-0.00029278,-2.4313e+05,-4314
-5.807e-05,-0.00031864,-2.4340e+05,-4589.3
-5.8016e-05,-0.0003414,-2.4365e+05,-4831.7
-5.7934e-05,-0.00037087,-2.4392e+05,-5145.2
-5.7848e-05,-0.00041381,-2.4444e+05,-5602.6
-5.7803e-05,-0.00045033,-2.45e+05,-5992.4
-5.7763e-05,-0.00047164,-2.4527e+05,-6219.6
-5.768e-05,-0.0005075,-2.4566e+05,-6601.4
-5.7593e-05,-0.00054634,-2.461e+05,-7015.1
-5.7511e-05,-0.00057374,-2.4632e+05,-7306.5
-5.7441e-05,-0.0006085,-2.4674e+05,-7676.9
-5.7411e-05,-0.00063115,-2.4708e+05,-7918.5
-5.7377e-05,-0.00064312,-2.4719e+05,-8045.9
-5.7345e-05,-0.00066404,-2.4748e+05,-8269
-5.7308e-05,-0.00067688,-2.476e+05,-8405.6
-5.7258e-05,-0.00069438,-2.4774e+05,-8591.8
-5.7208e-05,-0.00071023,-2.4786e+05,-8760.2
-5.7174e-05,-0.00072807,-2.4809e+05,-8950.4
-5.7204e-05,-0.00073141,-2.4828e+05,-8986.8
-5.7218e-05,-0.00071917,-2.4809e+05,-8856.1
-5.7194e-05,-0.00072287,-2.4806e+05,-8895.1
-5.7207e-05,-0.00073372,-2.4834e+05,-9011.5
-5.7209e-05,-0.00072731,-2.4822e+05,-8943
-5.7193e-05,-0.0007299,-2.4820e+05,-8970.4
-5.7191e-05,-0.00072759,-2.4815e+05,-8945.7
-5.7157e-05,-0.00072011,-2.4786e+05,-8865
-5.7149e-05,-0.00071437,-2.4771e+05,-8803.3
-5.7172e-05,-0.00069799,-2.4747e+05,-8628.6
-5.7129e-05,-0.00069335,-2.472e+05,-8578.1
-5.7111e-05,-0.00068392,-2.4693e+05,-8476.8
-5.7154e-05,-0.00067145,-2.4685e+05,-8344.4
-5.7211e-05,-0.00065159,-2.4668e+05,-8133.1
-5.724e-05,-0.00064232,-2.4661e+05,-8034.6
-5.7291e-05,-0.0006321,-2.4661e+05,-7926.3
-5.7357e-05,-0.00061208,-2.4647e+05,-7713.4
-5.7405e-05,-0.00059326,-2.4629e+05,-7513.2
-5.7391e-05,-0.00058333,-2.4603e+05,-7406.6
-5.7407e-05,-0.00058936,-2.4621e+05,-7471.5
-5.7436e-05,-0.00055977,-2.4573e+05,-7155.6
-5.7481e-05,-0.00055778,-2.4587e+05,-7135.2
-5.756e-05,-0.00051831,-2.4539e+05,-6714.6
-5.757e-05,-0.00050809,-2.4522e+05,-6605.5
-5.7585e-05,-0.00050155,-2.4515e+05,-6535.9
-5.7651e-05,-0.00048154,-2.4501e+05,-6323.2
-5.7698e-05,-0.0004492,-2.4454e+05,-5978.2
-5.7742e-05,-0.00044389,-2.4462e+05,-5922.4
-5.783e-05,-0.0004073,-2.4423e+05,-5532.7
-5.7872e-05,-0.00038828,-2.4401e+05,-5330.1
-5.7879e-05,-0.0003791,-2.4386e+05,-5232.1
-5.7899e-05,-0.00037444,-2.4385e+05,-5182.6
-5.7897e-05,-0.00036042,-2.4355e+05,-5032.7
-5.7894e-05,-0.00036665,-2.4367e+05,-5099.2
-5.7944e-05,-0.00035372,-2.4360e+05,-4961.9
-5.7955e-05,-0.00033555,-2.4328e+05,-4767.8
-5.7959e-05,-0.00034523,-2.4349e+05,-4871.5
-5.7972e-05,-0.00032882,-2.4321e+05,-4696.3
-5.7943e-05,-0.00033873,-2.433e+05,-4801.6
-5.7953e-05,-0.0003447,-2.4346e+05,-4865.7
-5.7902e-05,-0.00034065,-2.4317e+05,-4821.4
-5.7849e-05,-0.00037348,-2.4362e+05,-5171.3
-5.7883e-05,-0.00036425,-2.4357e+05,-5073.3
-5.794e-05,-0.00034964,-2.4351e+05,-4918.3
-5.7949e-05,-0.00033104,-2.4316e+05,-4719.5
-5.796e-05,-0.00033582,-2.4331e+05,-4770.8
-5.8008e-05,-0.00030629,-2.429e+05,-4456
-5.8094e-05,-0.00028878,-2.429e+05,-4270.4
-5.8249e-05,-0.00022146,-2.4216e+05,-3553.6
-5.8417e-05,-0.00016014,-2.416e+05,-2901.1
-5.8663e-05,-6.7967e-05,-2.4072e+05,-1920.3
-5.9017e-05,6.4421e-05,-2.3948e+05,-511.52
-5.9464e-05,0.00023781,-2.3777e+05,1333.8
-5.9967e-05,0.00043207,-2.3588e+05,3401.1
-6.0557e-05,0.00067569,-2.3334e+05,5994.6
-6.1166e-05,0.00089843,-2.3138e+05,8358.6
-6.1573e-05,0.001032,-2.3017e+05,9790.8
-6.1744e-05,0.0010875,-2.2953e+05,10396
-6.1876e-05,0.0011236,-2.2927e+05,10785
-6.1889e-05,0.001137,-2.2907e+05,10926
-6.1737e-05,0.0011221,-2.2898e+05,10755
-6.1394e-05,0.0010771,-2.2876e+05,10261
-6.0736e-05,0.00097936,-2.2834e+05,9208.5
-5.9863e-05,0.00078708,-2.2825e+05,7199.5
-5.8584e-05,0.00051815,-2.2849e+05,4349.4
-5.7191e-05,3.7034e-05,-2.3259e+05,-767.62
-5.5428e-05,-0.00054128,-2.3716e+05,-6917
-5.4115e-05,-0.0012136,-2.4708e+05,-13963
-5.4664e-05,-0.0017743,-2.4737e+05,-20798
-0.00010165,2.4311e-05,-4.1428e+05,-1809
-5.2603e-05,-0.001313,-2.3678e+05,-15422
-5.4236e-05,-0.00063354,-2.3418e+05,-7879.1
-5.5669e-05,-0.00010819,-2.2933e+05,-2289.3
-5.6591e-05,0.00037458,-2.2327e+05,2855.1
-5.7005e-05,0.00052643,-2.2187e+05,4470.5
-5.7195e-05,0.0006596,-2.1994e+05,5890.8
-5.7161e-05,0.00064753,-2.2005e+05,5762.4
-5.7128e-05,0.00063546,-2.2016e+05,5634
-5.7095e-05,0.00062339,-2.2027e+05,5505.6
-5.7063e-05,0.00061131,-2.2038e+05,5377.1
-5.703e-05,0.00059924,-2.205e+05,5248.6
-5.7006e-05,0.00058776,-2.2063e+05,5126.4
-5.6988e-05,0.00058102,-2.207e+05,5054.6
-5.6972e-05,0.00057426,-2.2076e+05,4982.7
-5.6954e-05,0.00056745,-2.2083e+05,4910.2
-5.6936e-05,0.00056072,-2.209e+05,4838.6
-5.6917e-05,0.000554,-2.2096e+05,4767.1
-5.6899e-05,0.00054727,-2.2102e+05,4695.5
-5.688e-05,0.00054049,-2.2108e+05,4623.4
-5.6861e-05,0.00053378,-2.2114e+05,4552
-5.6842e-05,0.00052706,-2.212e+05,4480.6
-5.6823e-05,0.00052034,-2.2126e+05,4409.1
-5.6804e-05,0.00051356,-2.2132e+05,4336.9
-5.6786e-05,0.00050685,-2.2138e+05,4265.5
-5.6767e-05,0.00050014,-2.2144e+05,4194.1
-5.6748e-05,0.00049342,-2.2149e+05,4122.6
-5.6729e-05,0.00048664,-2.2156e+05,4050.5
-5.671e-05,0.00047992,-2.2161e+05,3979.1
-5.6691e-05,0.00047321,-2.2167e+05,3907.7
-5.6672e-05,0.0004665,-2.2173e+05,3836.3
-5.6654e-05,0.00045978,-2.2179e+05,3764.9
-5.6635e-05,0.000453,-2.2185e+05,3692.7
-5.6616e-05,0.00044629,-2.2191e+05,3621.4
-5.6597e-05,0.00043958,-2.2198e+05,3550
-5.6579e-05,0.00043285,-2.2204e+05,3478.3
-5.6561e-05,0.00042605,-2.221e+05,3406
-5.6543e-05,0.00041933,-2.2216e+05,3334.4
-5.6525e-05,0.0004126,-2.2223e+05,3262.9
-5.6507e-05,0.00040586,-2.2229e+05,3191.2
-5.6489e-05,0.00039907,-2.2236e+05,3118.9
-5.6471e-05,0.00039235,-2.2242e+05,3047.4
-5.6453e-05,0.00038562,-2.2248e+05,2975.8
-5.6435e-05,0.00037889,-2.2254e+05,2904.2
-5.6417e-05,0.0003721,-2.2261e+05,2831.9
-5.6398e-05,0.00036537,-2.2267e+05,2760.4
-5.6381e-05,0.00035865,-2.2274e+05,2688.8
-5.6363e-05,0.00035192,-2.228e+05,2617.3
-5.6344e-05,0.00034519,-2.2286e+05,2545.6
-5.6326e-05,0.0003384,-2.2292e+05,2473.4
-5.6308e-05,0.00033168,-2.2299e+05,2401.8
-5.629e-05,0.00032495,-2.2305e+05,2330.3
-5.6272e-05,0.00031822,-2.2311e+05,2258.7
-5.6254e-05,0.00031143,-2.2318e+05,2186.4
-5.6236e-05,0.00030471,-2.2324e+05,2114.9
-5.6218e-05,0.00029799,-2.233e+05,2043.4
-5.6199e-05,0.00029126,-2.2337e+05,1971.8
-5.6181e-05,0.00028448,-2.2343e+05,1899.7
-5.6162e-05,0.00027777,-2.2349e+05,1828.3
-5.6143e-05,0.00027106,-2.2355e+05,1757
-5.6125e-05,0.00026435,-2.2361e+05,1685.5
-5.6106e-05,0.00025757,-2.2367e+05,1613.4
-5.6087e-05,0.00025086,-2.2373e+05,1542.1
-5.6068e-05,0.00024416,-2.2379e+05,1470.7
-5.605e-05,0.00023745,-2.2385e+05,1399.4
-5.6031e-05,0.00023073,-2.2391e+05,1327.9
-5.6012e-05,0.00022396,-2.2397e+05,1255.9
-5.5993e-05,0.00021725,-2.2403e+05,1184.5
-5.5975e-05,0.00021055,-2.2409e+05,1113.2
-5.5956e-05,0.00020383,-2.2415e+05,1041.7
-5.5937e-05,0.00019706,-2.2421e+05,969.68
-5.5919e-05,0.00019035,-2.2427e+05,898.3
-5.59e-05,0.00018364,-2.2433e+05,826.93
-5.5882e-05,0.00017692,-2.244e+05,755.38
-5.5864e-05,0.00017013,-2.2446e+05,683.21
-5.5846e-05,0.00016341,-2.2452e+05,611.66
-5.5828e-05,0.00015669,-2.2459e+05,540.12
-5.581e-05,0.00014996,-2.2465e+05,468.49
-5.5792e-05,0.00014317,-2.2472e+05,396.23
-5.5774e-05,0.00013644,-2.2478e+05,324.7
-5.575e-05,0.00012911,-2.2483e+05,246.79
-5.5718e-05,0.00011704,-2.2494e+05,118.35
-5.5685e-05,0.00010497,-2.2505e+05,-10.049
-5.5651e-05,9.2941e-05,-2.2516e+05,-138.03
-5.5618e-05,8.0889e-05,-2.2527e+05,-266.27
-5.5586e-05,6.8823e-05,-2.2539e+05,-394.65
-5.5554e-05,5.6758e-05,-2.255e+05,-523.03
-5.5521e-05,4.4694e-05,-2.2561e+05,-651.41
-5.5292e-05,1.6175e-05,-2.2526e+05,-951.76
-5.4151e-05,-0.00020155,-2.2503e+05,-3257.2
-5.3336e-05,-0.00096053,-2.3579e+05,-11454
0.00017651,-0.0064919,-47182,-35349
