0.00094456,-0.024191,-2.1319e+05,-25251
-3.1301e-05,-0.0036884,-1.7172e+05,-22694
-4.2486e-05,-0.0012954,-1.5493e+05,-9688.3
-4.4317e-05,-6.1672e-05,-1.6864e+05,-487.13
-4.5476e-05,0.0004397,-1.7247e+05,3052.1
-4.5644e-05,0.00066546,-1.7305e+05,4632.2
-4.5638e-05,0.00061536,-1.7288e+05,4292.4
-4.5701e-05,0.00055542,-1.7319e+05,3869
-4.5532e-05,0.00051309,-1.726e+05,3570.3
-4.5337e-05,0.0004819,-1.7189e+05,3350.3
-4.5247e-05,0.00045427,-1.7158e+05,3155.3
-4.5182e-05,0.00043054,-1.7136e+05,2987.8
-4.5072e-05,0.00040295,-1.7098e+05,2793.1
-4.4919e-05,0.00034656,-1.7046e+05,2395
-4.4821e-05,0.00029437,-1.7014e+05,2026.6
-4.4849e-05,0.00028215,-1.7026e+05,1940.3
-4.4997e-05,0.00033222,-1.7077e+05,2293.7
-4.5177e-05,0.00041758,-1.7136e+05,2896.2
-4.5334e-05,0.00048196,-1.7188e+05,3350.7
-4.5494e-05,0.00056056,-1.724e+05,3905.6
-4.5633e-05,0.00062166,-1.7286e+05,4336.9
-4.5742e-05,0.00068142,-1.7333e+05,4750.2
-4.5887e-05,0.00073231,-1.7378e+05,5112.2
-4.6051e-05,0.00080128,-1.7412e+05,5614.1
-4.6192e-05,0.00084121,-1.7438e+05,5912.1
-4.6304e-05,0.00089435,-1.7434e+05,6315.1
-4.6397e-05,0.00091513,-1.7447e+05,6475.6
-4.6409e-05,0.0009439,-1.7418e+05,6699.1
-4.6386e-05,0.00092326,-1.743e+05,6541
-4.6228e-05,0.00091096,-1.738e+05,6448.1
-4.6035e-05,0.00083167,-1.7376e+05,5846.6
-4.5833e-05,0.00076161,-1.7327e+05,5338.3
-4.5624e-05,0.00066278,-1.7275e+05,4629.2
-4.5472e-05,0.00060341,-1.7226e+05,4208.2
-4.5391e-05,0.00053708,-1.7203e+05,3739.9
-4.5385e-05,0.00053515,-1.7201e+05,3726.3
-4.5436e-05,0.00053748,-1.722e+05,3742.7
-4.5519e-05,0.00058517,-1.7246e+05,4079.4
-4.5609e-05,0.00061132,-1.7278e+05,4263.9
-4.5694e-05,0.00066244,-1.7303e+05,4625.6
-4.5606e-05,0.00064377,-1.7273e+05,4493.4
-4.551e-05,0.00072429,-1.7223e+05,5064.7
-4.5788e-05,0.00080216,-1.7323e+05,5612.6
-4.6021e-05,0.00087002,-1.7402e+05,6093.3
-4.6217e-05,0.00090557,-1.7462e+05,6352.2
-4.6422e-05,0.00095579,-1.7501e+05,6729.8
-4.6559e-05,0.00098427,-1.7522e+05,6948.9
-4.6727e-05,0.0010368,-1.7528e+05,7354
-4.6895e-05,0.0010704,-1.7552e+05,7614.8
-4.7012e-05,0.0011147,-1.7536e+05,7963.5
-4.7138e-05,0.0011289,-1.7558e+05,8079.1
-4.7232e-05,0.0011696,-1.7524e+05,8407
-4.7178e-05,0.0011585,-1.7524e+05,8316.4
-4.7054e-05,0.0011436,-1.7491e+05,8204
-4.6864e-05,0.0010928,-1.7482e+05,7809
-4.6591e-05,0.0010439,-1.7434e+05,7431.4
-4.624e-05,0.00094447,-1.7413e+05,6663.2
-4.5897e-05,0.0008412,-1.7364e+05,5886.3
-4.5639e-05,0.00068943,-1.7308e+05,4796
-4.5427e-05,0.00058482,-1.7211e+05,4077
-4.5272e-05,0.00050234,-1.7162e+05,3494.7
-4.5222e-05,0.00046292,-1.7147e+05,3216.4
-4.526e-05,0.00046528,-1.7162e+05,3233.1
-4.5289e-05,0.000495,-1.7169e+05,3442.8
-4.5288e-05,0.00049068,-1.717e+05,3412.1
-4.5239e-05,0.00048888,-1.7151e+05,3399.6
-4.5164e-05,0.00044448,-1.7128e+05,3086.2
-4.5045e-05,0.00041289,-1.7086e+05,2863.3
-4.4855e-05,0.0003358,-1.7023e+05,2319.2
-4.4676e-05,0.00025326,-1.6964e+05,1736.5
-4.453e-05,0.00017708,-1.6917e+05,1198.7
-4.437e-05,0.00011835,-1.6863e+05,784.18
-4.4212e-05,3.8902e-05,-1.6812e+05,223.33
-4.4059e-05,-2.1855e-05,-1.6761e+05,-205.53
-4.3933e-05,-8.8992e-05,-1.6721e+05,-679.48
-4.38e-05,-0.00013632,-1.6676e+05,-1013.6
-4.3687e-05,-0.00019777,-1.664e+05,-1447.4
-4.3613e-05,-0.00023364,-1.6616e+05,-1700.5
-4.3548e-05,-0.00026373,-1.6595e+05,-1913
-4.3493e-05,-0.000288,-1.6577e+05,-2084.3
-4.3465e-05,-0.0003092,-1.6569e+05,-2234
-4.3428e-05,-0.00031451,-1.6555e+05,-2271.4
-4.338e-05,-0.0003414,-1.654e+05,-2461.3
-4.3327e-05,-0.00035765,-1.6522e+05,-2575.9
-4.3238e-05,-0.0003937,-1.6492e+05,-2830.4
-4.3138e-05,-0.00043334,-1.6459e+05,-3110.2
-4.3056e-05,-0.00048057,-1.6433e+05,-3443.6
-4.2964e-05,-0.00050883,-1.6401e+05,-3643.1
-4.2871e-05,-0.0005581,-1.6372e+05,-3990.9
-4.28e-05,-0.00058712,-1.6353e+05,-4192.5
-4.2732e-05,-0.00061745,-1.6334e+05,-4404.5
-4.2676e-05,-0.00064284,-1.6313e+05,-4585.6
-4.2648e-05,-0.00066925,-1.6299e+05,-4776.8
-4.2622e-05,-0.00067547,-1.6286e+05,-4823.2
-4.2599e-05,-0.00069883,-1.6271e+05,-4994.5
-4.2571e-05,-0.000705,-1.6258e+05,-5040.3
-4.2535e-05,-0.00072486,-1.625e+05,-5178
-4.2506e-05,-0.00073154,-1.6238e+05,-5226.9
-4.248e-05,-0.00075024,-1.6225e+05,-5363.6
-4.2496e-05,-0.00075035,-1.6225e+05,-5368.4
-4.2496e-05,-0.00074783,-1.6232e+05,-5346.1
-4.2478e-05,-0.00074614,-1.623e+05,-5331.5
-4.2487e-05,-0.00076011,-1.6214e+05,-5444
-4.2491e-05,-0.00075293,-1.6214e+05,-5393.4
-4.2508e-05,-0.00075383,-1.622e+05,-5399.9
-4.2539e-05,-0.00073829,-1.6229e+05,-5289.9
-4.2524e-05,-0.00072994,-1.6253e+05,-5211.6
-4.2519e-05,-0.00071766,-1.6246e+05,-5126.6
-4.2546e-05,-0.0007062,-1.6289e+05,-5023
-4.2514e-05,-0.00069472,-1.6314e+05,-4914.9
-4.2508e-05,-0.00068702,-1.6305e+05,-4864.1
-4.256e-05,-0.00066788,-1.6353e+05,-4705.1
-4.2631e-05,-0.00064991,-1.6358e+05,-4591.9
-4.2678e-05,-0.00063219,-1.6356e+05,-4479.3
-4.2736e-05,-0.00062318,-1.6367e+05,-4422.9
-4.2806e-05,-0.00059865,-1.6369e+05,-4264.8
-4.2856e-05,-0.00058287,-1.6379e+05,-4158.7
-4.2866e-05,-0.00056782,-1.6377e+05,-4055.7
-4.2904e-05,-0.00056875,-1.6391e+05,-4062.2
-4.2957e-05,-0.00053341,-1.6403e+05,-3816
-4.2995e-05,-0.00052877,-1.6416e+05,-3783.4
-4.3049e-05,-0.00049624,-1.6432e+05,-3554.3
-4.3074e-05,-0.00048765,-1.6441e+05,-3493.7
-4.3103e-05,-0.0004736,-1.645e+05,-3394.5
-4.3165e-05,-0.00045544,-1.6472e+05,-3266.3
-4.321e-05,-0.00042248,-1.6485e+05,-3033.6
-4.3248e-05,-0.00041866,-1.6499e+05,-3006.7
-4.3306e-05,-0.00038473,-1.6517e+05,-2767.1
-4.3333e-05,-0.00037522,-1.6526e+05,-2700
-4.3348e-05,-0.00036234,-1.653e+05,-2609.1
-4.3371e-05,-0.00035847,-1.6539e+05,-2581.8
-4.339e-05,-0.00034155,-1.6544e+05,-2462.3
-4.3397e-05,-0.00034177,-1.6547e+05,-2463.9
-4.3428e-05,-0.0003321,-1.6557e+05,-2395.6
-4.344e-05,-0.00031797,-1.656e+05,-2295.8
-4.3448e-05,-0.00032284,-1.6564e+05,-2330.3
-4.3464e-05,-0.00030932,-1.6568e+05,-2234.8
-4.3447e-05,-0.00031494,-1.6562e+05,-2274.5
-4.3446e-05,-0.00032086,-1.6563e+05,-2316.3
-4.3423e-05,-0.00031987,-1.6554e+05,-2309.3
-4.3411e-05,-0.00033734,-1.6551e+05,-2432.7
-4.343e-05,-0.00032727,-1.6558e+05,-2361.6
-4.3461e-05,-0.00032047,-1.6568e+05,-2313.6
-4.3477e-05,-0.00030381,-1.6573e+05,-2195.9
-4.3513e-05,-0.00030243,-1.6586e+05,-2186.2
-4.3572e-05,-0.00026815,-1.6605e+05,-1944.2
-4.3647e-05,-0.00025202,-1.6631e+05,-1830.4
-4.38e-05,-0.0001881,-1.6682e+05,-1379.2
-4.3975e-05,-0.00012332,-1.6741e+05,-921.97
-4.4199e-05,-3.3213e-05,-1.6816e+05,-285.92
-4.4511e-05,9.0047e-05,-1.692e+05,584.13
-4.4914e-05,0.00025351,-1.7054e+05,1738
-4.5362e-05,0.00043795,-1.7204e+05,3039.9
-4.5867e-05,0.00066432,-1.7376e+05,4633.2
-4.6395e-05,0.00086623,-1.7473e+05,6114.9
-4.6755e-05,0.00098822,-1.7482e+05,7052.5
-4.6916e-05,0.0010381,-1.7534e+05,7406.7
-4.7061e-05,0.0010768,-1.7566e+05,7689
-4.7123e-05,0.0010944,-1.7542e+05,7845.9
-4.7057e-05,0.0010967,-1.7507e+05,7870
-4.6846e-05,0.0010712,-1.7479e+05,7659
-4.6426e-05,0.0010121,-1.7421e+05,7181.1
-4.5913e-05,0.00088208,-1.7373e+05,6172.7
-4.5131e-05,0.0007025,-1.7127e+05,4879.3
-4.4143e-05,0.00034075,-1.6751e+05,2354.7
-4.2554e-05,-0.00011619,-1.6199e+05,-870
-4.1253e-05,-0.00067035,-1.5714e+05,-4820
-4.1745e-05,-0.0011193,-1.5466e+05,-8302.4
-9.8913e-05,0.00066156,-3.7554e+05,4557.1
-4.8999e-05,-0.001368,-1.8150e+05,-10140
-5.0568e-05,-0.00071258,-1.9329e+05,-5082.8
-5.2003e-05,-0.00018723,-1.9802e+05,-1382.5
-5.2927e-05,0.00029552,-2.0098e+05,2025.5
-5.3341e-05,0.00044742,-2.0238e+05,3097.6
-5.3532e-05,0.00058062,-2.0295e+05,4038.1
-5.3499e-05,0.00056859,-2.0284e+05,3953.2
-5.3466e-05,0.00055656,-2.0273e+05,3868.3
-5.3434e-05,0.00054454,-2.0262e+05,3783.4
-5.34e-05,0.00053253,-2.0251e+05,3698.6
-5.3367e-05,0.00052052,-2.0239e+05,3613.8
-5.3341e-05,0.00050913,-2.0231e+05,3533.4
-5.3321e-05,0.00050246,-2.0224e+05,3486.4
-5.3301e-05,0.0004958,-2.0217e+05,3439.4
-5.3281e-05,0.00048908,-2.021e+05,3391.9
-5.3263e-05,0.0004824,-2.0204e+05,3344.8
-5.3245e-05,0.0004757,-2.0198e+05,3297.5
-5.3227e-05,0.00046899,-2.0192e+05,3250.1
-5.3209e-05,0.00046221,-2.0186e+05,3202.3
-5.3191e-05,0.0004555,-2.018e+05,3154.9
-5.3174e-05,0.0004488,-2.0174e+05,3107.6
-5.3156e-05,0.00044208,-2.0168e+05,3060.1
-5.3138e-05,0.0004353,-2.0162e+05,3012.3
-5.312e-05,0.00042859,-2.0156e+05,2964.9
-5.3103e-05,0.00042189,-2.015e+05,2917.6
-5.3085e-05,0.00041517,-2.0144e+05,2870.2
-5.3067e-05,0.00040839,-2.0138e+05,2822.3
-5.3049e-05,0.00040168,-2.0132e+05,2775
-5.3032e-05,0.00039498,-2.0126e+05,2727.6
-5.3014e-05,0.00038827,-2.012e+05,2680.3
-5.2996e-05,0.00038155,-2.0114e+05,2632.9
-5.2979e-05,0.00037478,-2.0108e+05,2585.1
-5.2961e-05,0.00036807,-2.0102e+05,2537.7
-5.2943e-05,0.00036136,-2.0096e+05,2490.4
-5.2924e-05,0.00035467,-2.009e+05,2443.1
-5.2905e-05,0.00034792,-2.0084e+05,2395.5
-5.2887e-05,0.00034124,-2.0077e+05,2348.3
-5.2868e-05,0.00033456,-2.0071e+05,2301.2
-5.2849e-05,0.00032787,-2.0064e+05,2254
-5.2831e-05,0.00032112,-2.0058e+05,2206.3
-5.2812e-05,0.00031444,-2.0052e+05,2159.2
-5.2793e-05,0.00030776,-2.0046e+05,2112
-5.2775e-05,0.00030107,-2.0039e+05,2064.8
-5.2756e-05,0.00029433,-2.0033e+05,2017.2
-5.2737e-05,0.00028765,-2.0026e+05,1970
-5.2719e-05,0.00028096,-2.002e+05,1922.9
-5.27e-05,0.00027428,-2.0014e+05,1875.7
-5.2681e-05,0.0002676,-2.0008e+05,1828.5
-5.2663e-05,0.00026085,-2.0001e+05,1780.9
-5.2644e-05,0.00025417,-1.9995e+05,1733.7
-5.2625e-05,0.00024749,-1.9989e+05,1686.6
-5.2607e-05,0.0002408,-1.9982e+05,1639.4
-5.2588e-05,0.00023405,-1.9976e+05,1591.7
-5.2569e-05,0.00022738,-1.997e+05,1544.6
-5.2551e-05,0.0002207,-1.9963e+05,1497.4
-5.2532e-05,0.000214,-1.9957e+05,1450.2
-5.2514e-05,0.00020724,-1.9951e+05,1402.4
-5.2497e-05,0.00020054,-1.9945e+05,1355.1
-5.2479e-05,0.00019384,-1.9939e+05,1307.8
-5.2461e-05,0.00018713,-1.9933e+05,1260.5
-5.2443e-05,0.00018036,-1.9927e+05,1212.7
-5.2425e-05,0.00017365,-1.9921e+05,1165.4
-5.2407e-05,0.00016695,-1.9915e+05,1118.1
-5.2389e-05,0.00016025,-1.9909e+05,1070.8
-5.2371e-05,0.00015354,-1.9903e+05,1023.4
-5.2354e-05,0.00014678,-1.9897e+05,975.64
-5.2336e-05,0.00014007,-1.9891e+05,928.34
-5.2318e-05,0.00013337,-1.9885e+05,881.04
-5.23e-05,0.00012666,-1.9879e+05,833.68
-5.2282e-05,0.0001199,-1.9873e+05,785.91
-5.2264e-05,0.0001132,-1.9867e+05,738.65
-5.2246e-05,0.0001065,-1.9860e+05,691.39
-5.2227e-05,9.9812e-05,-1.9854e+05,644.14
-5.2209e-05,9.3062e-05,-1.9848e+05,596.49
-5.219e-05,8.639e-05,-1.9842e+05,549.4
-5.2171e-05,7.9719e-05,-1.9835e+05,502.31
-5.2152e-05,7.3039e-05,-1.9829e+05,455.16
-5.2133e-05,6.6301e-05,-1.9822e+05,407.6
-5.2114e-05,5.963e-05,-1.9816e+05,360.51
-5.2088e-05,5.2353e-05,-1.9807e+05,309.15
-5.2054e-05,4.0377e-05,-1.9795e+05,224.62
-5.2021e-05,2.8393e-05,-1.9784e+05,140.03
-5.1989e-05,1.6352e-05,-1.9773e+05,55.032
-5.1956e-05,4.3464e-06,-1.9762e+05,-29.713
-5.1923e-05,-7.6381e-06,-1.9751e+05,-114.31
-5.1889e-05,-1.9623e-05,-1.9739e+05,-198.91
-5.1856e-05,-3.1609e-05,-1.9728e+05,-283.51
-5.1625e-05,-6.005e-05,-1.9644e+05,-484.09
-5.0483e-05,-0.0002777,-1.9235e+05,-2019.8
-4.9714e-05,-0.0010355,-1.8734e+05,-7567.4
0.00017925,-0.0064563,46526,-15616
