0.000873,-0.0285,-7.5221e+05,-99626
-8.9335e-05,-0.0049196,-5.3142e+05,-49950
-9.6555e-05,-0.0018043,-4.272e+05,-21512
-9.517e-05,3.6672e-05,-3.8758e+05,-1543.8
-9.4065e-05,0.00090677,-3.6539e+05,7785.4
-8.7931e-05,0.0013608,-3.3116e+05,12764
-8.6283e-05,0.0014119,-3.2317e+05,13361
-8.1533e-05,0.00135,-3.0507e+05,12793
-7.9706e-05,0.0011926,-3.0106e+05,11128
-7.5821e-05,0.001027,-2.8853e+05,9438.3
-7.3281e-05,0.0008637,-2.8144e+05,7746.9
-6.9193e-05,0.00072039,-2.6767e+05,6297.3
-6.6729e-05,0.00057848,-2.605e+05,4829.6
-6.3396e-05,0.00043188,-2.4988e+05,3329.5
-6.0052e-05,0.00028824,-2.3915e+05,1861.3
-5.574e-05,0.00019627,-2.2342e+05,965.29
-5.3744e-05,0.00017158,-2.1578e+05,741.74
-4.9649e-05,0.00017042,-1.9909e+05,812.61
-4.7464e-05,0.00015011,-1.9059e+05,639.9
-4.4853e-05,0.00014251,-1.8009e+05,611.65
-4.2281e-05,0.00015832,-1.6928e+05,833.04
-3.7946e-05,0.00014123,-1.5194e+05,738.45
-3.7177e-05,0.00013575,-1.4891e+05,695.43
-3.3507e-05,0.00018703,-1.329e+05,1318.4
-3.2346e-05,0.00021431,-1.276e+05,1633.8
-2.8816e-05,0.00026829,-1.1211e+05,2282.8
-2.8285e-05,0.00031265,-1.0904e+05,2767.9
-2.4892e-05,0.0003703,-94164,3443.3
-2.3575e-05,0.00039144,-88559,3683
-2.1734e-05,0.0004298,-80432,4122.9
-2.2955e-05,0.00043217,-85259,4129.3
-2.2033e-05,0.00047747,-80456,4643.3
-2.1319e-05,0.00053365,-76001,5288.1
-2.0612e-05,0.00058784,-71373,5924.8
-2.0059e-05,0.00065153,-66839,6680.4
-1.8596e-05,0.00070593,-58301,7381.1
-1.9498e-05,0.00074772,-60684,7837.1
-1.9416e-05,0.00079559,-58424,8406.7
-1.9467e-05,0.00085282,-56260,9087.9
-1.8095e-05,0.00090882,-47730,9814
-1.8925e-05,0.00097034,-48918,10510
-1.6669e-05,0.0010209,-36638,11201
-1.5989e-05,0.0010338,-33038,11382
-1.522e-05,0.0010308,-29706,11379
-1.3868e-05,0.0010232,-23895,11345
-1.3443e-05,0.00099991,-22894,11091
-1.2136e-05,0.00097283,-18067,10827
-1.2165e-05,0.0009488,-19150,10545
-1.0885e-05,0.00091777,-14677,10232
-1.1363e-05,0.00088501,-18206,9824.7
-1.0085e-05,0.00084541,-14041,9412
-1.0831e-05,0.00079974,-19257,8842.1
-1.005e-05,0.00074586,-17922,8239.8
-1.1102e-05,0.00069111,-24932,7545.1
-1.0972e-05,0.00063437,-26457,6887.8
-1.2328e-05,0.0005805,-34284,6214.5
-1.214e-05,0.0005255,-35225,5594.6
-1.3495e-05,0.00046437,-43248,4839.7
-1.409e-05,0.00040999,-47595,4197.2
-1.5754e-05,0.00035897,-56243,3566.8
-1.647e-05,0.0003158,-60449,3064.2
-1.8805e-05,0.00028005,-71001,2614
-1.9655e-05,0.00025546,-74994,2331.7
-2.2466e-05,0.00022572,-87061,1956.8
-2.3385e-05,0.00020887,-91152,1757.9
-2.6621e-05,0.00018434,-1.0485e+05,1429.8
-2.7769e-05,0.0001694,-1.0984e+05,1246.7
-3.1261e-05,0.00015363,-1.2441e+05,1007
-3.2366e-05,0.00013367,-1.2932e+05,771.14
-3.5848e-05,9.8543e-05,-1.4425e+05,324.63
-3.7118e-05,7.5424e-05,-1.499e+05,51.567
-4.0847e-05,4.8583e-05,-1.6566e+05,-311.33
-4.2122e-05,1.6543e-05,-1.7151e+05,-679.9
-4.5973e-05,-8.2987e-06,-1.8773e+05,-1023.9
-4.7325e-05,-4.3067e-05,-1.9396e+05,-1423.3
-5.123e-05,-5.7488e-05,-2.1018e+05,-1657
-5.2569e-05,-8.2311e-05,-2.1615e+05,-1949.7
-5.6765e-05,-0.00011608,-2.3396e+05,-2396.2
-5.8227e-05,-0.00015292,-2.4067e+05,-2820
-6.2127e-05,-0.00018693,-2.5728e+05,-3263.2
-6.3709e-05,-0.00021953,-2.644e+05,-3644.1
-6.7681e-05,-0.0002406,-2.8104e+05,-3950.2
-6.938e-05,-0.00028248,-2.8882e+05,-4432.8
-7.3293e-05,-0.00030386,-3.0523e+05,-4741.1
-7.5048e-05,-0.0003228,-3.1277e+05,-4979.4
-7.8831e-05,-0.00034528,-3.2867e+05,-5296.9
-8.0508e-05,-0.00036519,-3.3592e+05,-5544.1
-8.4318e-05,-0.00035778,-3.5132e+05,-5542.5
-8.6052e-05,-0.0003802,-3.5885e+05,-5817.5
-8.9918e-05,-0.00039667,-3.7496e+05,-6072.5
-9.1526e-05,-0.00041649,-3.8193e+05,-6317.2
-9.4928e-05,-0.00043733,-3.9624e+05,-6609.5
-9.6593e-05,-0.00045692,-4.0343e+05,-6853
-9.9735e-05,-0.0004454,-4.1602e+05,-6793.7
-0.00010143,-0.00046699,-4.234e+05,-7059.4
-0.00010441,-0.00044894,-4.3516e+05,-6926.7
-0.00010601,-0.00045632,-4.4184e+05,-7038.2
-0.00010869,-0.0004385,-4.5242e+05,-6902.2
-0.00011015,-0.00044766,-4.5857e+05,-7030
-0.00011267,-0.00041327,-4.6816e+05,-6713.4
-0.00011407,-0.00037955,-4.7321e+05,-6381.3
-0.00011618,-0.00035005,-4.8122e+05,-6108.6
-0.00011738,-0.00037347,-4.8658e+05,-6383.6
-0.00011946,-0.00033565,-4.9429e+05,-6021.1
-0.00012072,-0.00034809,-4.9968e+05,-6180
-0.00012231,-0.00033008,-5.0581e+05,-6019.6
-0.00012328,-0.00033196,-5.0981e+05,-6059.6
-0.00012461,-0.00032687,-5.1512e+05,-6032.1
-0.00012552,-0.00032376,-5.1878e+05,-6017.4
-0.00012657,-0.00031789,-5.2295e+05,-5975.9
-0.00012736,-0.00033229,-5.2646e+05,-6146.1
-0.00012814,-0.00031408,-5.2927e+05,-5967.2
-0.00012874,-0.00030815,-5.316e+05,-5915.9
-0.0001292,-0.00029951,-5.3333e+05,-5833
-0.00012969,-0.00031961,-5.3574e+05,-6058
-0.00012989,-0.00029762,-5.3608e+05,-5826.7
-0.00013016,-0.00029865,-5.3722e+05,-5843.2
-0.00013008,-0.00030028,-5.3691e+05,-5859
-0.0001301,-0.00035391,-5.3809e+05,-6433.2
-0.00012969,-0.000311,-5.3556e+05,-5965.8
-0.00012963,-0.00035177,-5.3613e+05,-6400.7
-0.00012882,-0.00030876,-5.3194e+05,-5924.1
-0.00012849,-0.00033501,-5.3114e+05,-6198.2
-0.00012738,-0.00035078,-5.2692e+05,-6344.3
-0.00012709,-0.00034852,-5.2571e+05,-6314.4
-0.00012561,-0.00031534,-5.19e+05,-5929.3
-0.00012541,-0.0003499,-5.1888e+05,-6294.9
-0.00012315,-0.0003062,-5.0877e+05,-5781.4
-0.00012287,-0.00030554,-5.0759e+05,-5768.5
-0.00012095,-0.00030213,-4.9971e+05,-5693.1
-0.00012035,-0.00031498,-4.9749e+05,-5818.1
-0.00011814,-0.00030009,-4.8817e+05,-5613.8
-0.0001169,-0.00032016,-4.8355e+05,-5803.5
-0.00011505,-0.0002987,-4.7555e+05,-5536.2
-0.00011428,-0.0002629,-4.7168e+05,-5137.5
-0.00011239,-0.00027494,-4.642e+05,-5227.8
-0.00011155,-0.00023867,-4.6001e+05,-4822.6
-0.00010934,-0.00024878,-4.5122e+05,-4885.8
-0.0001079,-0.00023897,-4.4515e+05,-4751.6
-0.00010678,-0.00020147,-4.3981e+05,-4327.6
-0.00010461,-0.00023923,-4.3173e+05,-4687.4
-0.00010124,-0.00022698,-4.177e+05,-4487.6
-9.9889e-05,-0.0002154,-4.1197e+05,-4336.3
-9.6554e-05,-0.00020361,-3.9812e+05,-4142.3
-9.6178e-05,-0.00023629,-3.9724e+05,-4484.2
-9.1538e-05,-0.00023417,-3.7827e+05,-4367.1
-8.9777e-05,-0.00029773,-3.7238e+05,-5011.2
-8.6036e-05,-0.00030123,-3.5718e+05,-4972.5
-8.4362e-05,-0.00035032,-3.5134e+05,-5463.5
-8.068e-05,-0.00039605,-3.3725e+05,-5877.7
-7.846e-05,-0.00043969,-3.2908e+05,-6299.3
-7.4878e-05,-0.00045957,-3.1487e+05,-6439
-7.2786e-05,-0.0005047,-3.0724e+05,-6879.2
-6.9275e-05,-0.00050624,-2.9295e+05,-6824.1
-6.7893e-05,-0.0004691,-2.8656e+05,-6398.7
-6.4409e-05,-0.00042051,-2.7135e+05,-5808
-6.1727e-05,-0.00037257,-2.5943e+05,-5240.6
-5.8729e-05,-0.00032774,-2.4628e+05,-4700.1
-5.5444e-05,-0.00028411,-2.3199e+05,-4166.6
-5.3208e-05,-0.00023844,-2.2193e+05,-3632.6
-4.9838e-05,-0.00019802,-2.0736e+05,-3131.7
-4.6015e-05,-0.00016189,-1.9103e+05,-2667.4
-4.2653e-05,-0.00012865,-1.7663e+05,-2243.6
-3.7114e-05,-0.00010215,-1.535e+05,-1847.4
-3.609e-05,-7.4132e-05,-1.4875e+05,-1526.9
-2.8308e-05,-7.9495e-05,-1.171e+05,-1426
-2.6776e-05,-9.2142e-05,-1.1111e+05,-1530
-1.9501e-05,-0.00013833,-82373,-1876
-2.8833e-06,-9.2167e-05,-16455,-886.88
-9.6776e-07,0.00060519,18460,6996.3
-3.2661e-07,0.00066071,24812,7729.4
-1.1039e-06,0.00065468,20972,7623.1
-7.4267e-07,0.00064442,22223,7517.5
-2.1994e-06,0.00063741,15176,7368.8
-2.2832e-06,0.00062562,14289,7224.8
-4.1331e-06,0.00061977,5493.8,7072.5
-4.7725e-06,0.00060976,2122.1,6924.9
-6.644e-06,0.00060361,-6700.9,6770.4
-7.5803e-06,0.00059435,-11368,6619.5
-9.8014e-06,0.00058845,-21598,6459.5
-1.0708e-05,0.00057974,-26098,6315.4
-1.1727e-05,0.00057569,-30829,6226.1
-1.2557e-05,0.00056925,-34458,6135.3
-1.3946e-05,0.00056783,-41018,6045.3
-1.4741e-05,0.0005623,-44651,5955.2
-1.6021e-05,0.00055911,-50532,5862
-1.6935e-05,0.0005541,-54714,5770.3
-1.8275e-05,0.00055008,-60698,5675.5
-1.9223e-05,0.000545,-65004,5582.7
-2.0843e-05,0.00054118,-72116,5484
-2.2139e-05,0.00053664,-77830,5389.1
-2.3233e-05,0.00053132,-82672,5293.6
-2.4485e-05,0.00052619,-88153,5196.7
-2.6076e-05,0.00052166,-95011,5098.8
-2.714e-05,0.00051577,-99650,5002.7
-2.8768e-05,0.00051085,-1.0659e+05,4904.3
-2.9772e-05,0.00050487,-1.1092e+05,4812.1
-3.1521e-05,0.00050005,-1.1829e+05,4716.1
-3.2644e-05,0.00049419,-1.2306e+05,4625.9
-3.4374e-05,0.00048868,-1.3028e+05,4527.8
-3.5288e-05,0.00048194,-1.3417e+05,4436
-3.711e-05,0.00047626,-1.4172e+05,4338.2
-3.8316e-05,0.0004699,-1.4677e+05,4245.6
-4.0033e-05,0.00046417,-1.5389e+05,4149.5
-4.1205e-05,0.00045774,-1.588e+05,4057
-4.2619e-05,0.00045157,-1.647e+05,3962.2
-4.3805e-05,0.00044524,-1.6966e+05,3870.4
-4.5545e-05,0.00043956,-1.7688e+05,3774.4
-4.6818e-05,0.00043324,-1.822e+05,3680.9
-4.8404e-05,0.00042735,-1.8879e+05,3585.7
-4.9946e-05,0.00042154,-1.952e+05,3492.2
-5.1626e-05,0.00041578,-2.0217e+05,3396.5
-5.3141e-05,0.00040987,-2.0847e+05,3302.5
-5.4879e-05,0.00040423,-2.1568e+05,3206.9
-5.6282e-05,0.00039818,-2.2153e+05,3113.6
-5.7857e-05,0.00039224,-2.2808e+05,3018
-5.9317e-05,0.00038624,-2.3416e+05,2924.2
-6.0926e-05,0.00038033,-2.4084e+05,2828.3
-6.2157e-05,0.0003741,-2.4599e+05,2736.7
-6.3769e-05,0.00036823,-2.5269e+05,2641.1
-6.4956e-05,0.00036191,-2.5766e+05,2549.4
-6.6773e-05,0.00035619,-2.6519e+05,2451.3
-6.7989e-05,0.00034975,-2.7029e+05,2357.7
-6.9688e-05,0.00034415,-2.7733e+05,2263.3
-7.1142e-05,0.00033816,-2.8339e+05,2169.7
-7.2632e-05,0.00033207,-2.8959e+05,2074.2
-7.4169e-05,0.00032633,-2.9598e+05,1981.6
-7.5992e-05,0.00032087,-3.0353e+05,1886.2
-7.7331e-05,0.00031473,-3.0912e+05,1793.2
-7.8827e-05,0.00030861,-3.1535e+05,1697.4
-8.0416e-05,0.00030289,-3.2195e+05,1603.9
-8.2228e-05,0.00029747,-3.2946e+05,1509
-8.3505e-05,0.00029124,-3.3479e+05,1416.5
-8.483e-05,0.00028496,-3.4033e+05,1322.4
-8.6289e-05,0.00027903,-3.464e+05,1229.2
-8.819e-05,0.00027375,-3.5427e+05,1134.2
-8.9466e-05,0.00026761,-3.596e+05,1042.5
-9.0975e-05,0.00026167,-3.6588e+05,948.31
-9.222e-05,0.0002554,-3.7109e+05,855.93
-9.3792e-05,0.00024955,-3.7762e+05,761.42
-9.5173e-05,0.00024366,-3.8338e+05,670.31
-9.6576e-05,0.00023758,-3.8923e+05,576.69
-9.7607e-05,0.00023105,-3.9357e+05,485.94
-9.9341e-05,0.00022551,-4.0076e+05,391.4
-0.00010038,0.00021919,-4.0514e+05,302.57
-0.0001017,0.00021292,-4.1064e+05,208.75
-0.00010264,0.00020637,-4.1462e+05,119.5
-0.00010434,0.00020082,-4.2165e+05,25.665
-0.00010541,0.00019386,-4.2617e+05,-70.573
-0.00010818,0.00018344,-4.3768e+05,-238.26
-0.00010946,0.0001713,-4.4317e+05,-394.38
-0.00011209,0.00016106,-4.541e+05,-557.29
-0.00011356,0.0001495,-4.6035e+05,-710.86
-0.00011525,0.00013782,-4.6747e+05,-870.26
-0.00011684,0.00012663,-4.7418e+05,-1022.2
-0.00011859,0.00011517,-4.8159e+05,-1180.6
-0.00012067,0.00010029,-4.9034e+05,-1381.9
-0.00012175,-2.4e-05,-4.9728e+05,-2733.5
-0.00012021,-0.00089886,-5.0884e+05,-12063
4.7414e-05,-0.0053776,-1.988e+05,-40702
