-2.0854e-05,-0.0046818,-3.0703e+05,-42561
-4.2915e-05,-0.0024693,-2.1577e+05,-27620
-4.2531e-05,-0.0012373,-1.9119e+05,-14580
-4.5436e-05,-0.00036478,-1.928e+05,-4825.5
-4.5672e-05,0.000124,-1.8381e+05,397.04
-4.1822e-05,0.00041006,-1.6228e+05,3534.6
-4.1376e-05,0.00049032,-1.5884e+05,4401.9
-4.0036e-05,0.00049983,-1.5318e+05,4530.8
-3.9238e-05,0.00045508,-1.5083e+05,4068.4
-3.8026e-05,0.00039735,-1.4706e+05,3475.8
-3.6948e-05,0.00033919,-1.4384e+05,2875.7
-3.5957e-05,0.00027935,-1.4101e+05,2256
-3.4316e-05,0.0002174,-1.3558e+05,1626.9
-3.4571e-05,0.000155,-1.3789e+05,954.38
-3.1454e-05,8.6057e-05,-1.2657e+05,280.48
-3.055e-05,2.5188e-05,-1.2412e+05,-352.08
-2.9902e-05,-8.7953e-06,-1.2217e+05,-702.3
-2.8609e-05,-2.5362e-05,-1.1723e+05,-853.17
-2.7516e-05,-3.642e-05,-1.13e+05,-949.18
-2.8104e-05,-3.4814e-05,-1.1536e+05,-943.97
-2.5137e-05,-2.5513e-05,-1.0307e+05,-784.15
-2.4625e-05,-3.063e-05,-1.0108e+05,-828.45
-2.3917e-05,-2.9049e-05,-98161,-797.13
-2.3008e-05,-2.1511e-05,-94300,-698.04
-2.2433e-05,-2.3047e-05,-91985,-702.76
-2.1745e-05,-1.8053e-05,-89076,-635.36
-2.0906e-05,-1.0015e-05,-85491,-532.36
-1.9912e-05,-4.156e-06,-81319,-449.49
-1.8893e-05,-1.9656e-05,-77475,-594.5
-1.8125e-05,-3.8377e-05,-74722,-779.05
-1.7398e-05,-5.2093e-05,-72037,-910.94
-1.6414e-05,-5.8113e-05,-68146,-955.29
-1.5479e-05,-5.3224e-05,-64233,-883.99
-1.5073e-05,-4.066e-05,-62319,-741.39
-1.4891e-05,-1.7331e-05,-61105,-488.24
-1.2983e-05,1.221e-05,-52717,-133.52
-1.2414e-05,3.2943e-05,-49976,99.714
-1.237e-05,6.0272e-05,-49240,392.84
-1.1367e-05,9.2014e-05,-44502,752.65
-1.0991e-05,0.00012462,-42305,1109
-1.0419e-05,0.00015279,-39450,1418.1
-1.04e-05,0.00018186,-39056,1711
-9.5859e-06,0.00021308,-35351,2048.6
-9.6982e-06,0.00023859,-35318,2319.7
-8.8755e-06,0.00025993,-31482,2571.3
-9.2741e-06,0.00028098,-32587,2795
-8.476e-06,0.00029734,-28818,3000.2
-8.7944e-06,0.00031468,-29623,3188
-8.074e-06,0.00032645,-26234,3343.4
-8.5447e-06,0.00034112,-27767,3496.1
-7.7358e-06,0.00035109,-23975,3638.2
-7.901e-06,0.00036334,-24234,3775.7
-7.3648e-06,0.00037036,-21624,3878.2
-7.6109e-06,0.00037216,-22649,3889.2
-7.1991e-06,0.00037363,-20760,3923.9
-7.5433e-06,0.00037331,-22227,3909.6
-6.6768e-06,0.00037061,-18432,3916.7
-6.8632e-06,0.00035615,-19776,3740.7
-6.6508e-06,0.00034279,-19272,3596.1
-6.7735e-06,0.00032374,-20440,3372.6
-6.5459e-06,0.00030505,-20021,3168.9
-6.7921e-06,0.00028002,-21854,2875.5
-6.6375e-06,0.00025625,-21860,2614.1
-6.9857e-06,0.00022661,-24126,2272.7
-6.8543e-06,0.0001986,-24236,1969.1
-7.3245e-06,0.00016675,-26838,1613.5
-7.3664e-06,0.0001372,-27494,1302
-7.9561e-06,0.0001074,-30273,986.52
-8.099e-06,8.1001e-05,-31393,701.38
-8.6591e-06,5.0399e-05,-34300,362.78
-8.9431e-06,2.717e-05,-35931,108.62
-9.8597e-06,3.974e-06,-40141,-158.05
-1.0134e-05,-1.2568e-05,-41596,-340.51
-1.1284e-05,-2.4456e-05,-46530,-491.03
-1.1637e-05,-2.7904e-05,-48040,-535.08
-1.2995e-05,-1.8843e-05,-53396,-465.82
-1.317e-05,-6.5197e-06,-53861,-337.6
-1.4851e-05,-1.6671e-05,-60925,-480.36
-1.5346e-05,-1.4621e-05,-62899,-468.49
-1.6748e-05,-1.6097e-05,-68650,-512.8
-1.7298e-05,-9.4291e-06,-70760,-452.69
-1.8864e-05,-1.3202e-05,-77227,-524.9
-1.9526e-05,-1.4845e-05,-79958,-555.92
-2.1065e-05,-2.1812e-05,-86378,-661.73
-2.1805e-05,-1.8787e-05,-89335,-644.43
-2.3304e-05,-2.6243e-05,-95603,-754.66
-2.3968e-05,-2.3968e-05,-98269,-743.86
-2.5641e-05,-2.0757e-05,-1.0503e+05,-743.55
-2.6358e-05,-1.7127e-05,-1.0788e+05,-719.31
-2.8147e-05,-3.8184e-05,-1.1561e+05,-980.89
-2.884e-05,-4.9037e-05,-1.1865e+05,-1111
-3.0341e-05,-6.9021e-05,-1.2519e+05,-1355.3
-3.1163e-05,-7.9664e-05,-1.2876e+05,-1485.8
-3.2534e-05,-9.2631e-05,-1.3461e+05,-1652.4
-3.3435e-05,-0.00010584,-1.3856e+05,-1812
-3.4852e-05,-0.00011775,-1.4458e+05,-1968.2
-3.5763e-05,-0.00012749,-1.485e+05,-2090.8
-3.7134e-05,-0.00014241,-1.5439e+05,-2278.3
-3.8e-05,-0.00015365,-1.5816e+05,-2416.1
-3.932e-05,-0.00015961,-1.6366e+05,-2506.8
-4.0188e-05,-0.00015292,-1.6707e+05,-2452.9
-4.1373e-05,-0.00015747,-1.72e+05,-2525.7
-4.2168e-05,-0.00016719,-1.7544e+05,-2645.9
-4.3494e-05,-0.0001614,-1.8073e+05,-2610.9
-4.4419e-05,-0.00016579,-1.8459e+05,-2676.7
-4.5431e-05,-0.00017465,-1.889e+05,-2792
-4.6187e-05,-0.00017569,-1.9201e+05,-2818.5
-4.7133e-05,-0.00018157,-1.9599e+05,-2900.7
-4.7893e-05,-0.0001739,-1.9894e+05,-2834.1
-4.8759e-05,-0.00017295,-2.0245e+05,-2841.6
-4.9502e-05,-0.00016941,-2.0541e+05,-2818.8
-5.0245e-05,-0.00016209,-2.0829e+05,-2755.7
-5.0906e-05,-0.00015046,-2.1075e+05,-2644.7
-5.1538e-05,-0.0001444,-2.1321e+05,-2592.7
-5.2163e-05,-0.00014273,-2.1572e+05,-2587.6
-5.2646e-05,-0.00013238,-2.1748e+05,-2486.8
-5.3151e-05,-0.00012476,-2.1939e+05,-2415.6
-5.3539e-05,-0.00012325,-2.2094e+05,-2407.3
-5.3916e-05,-0.00014001,-2.2282e+05,-2594.2
-5.4132e-05,-0.00012534,-2.234e+05,-2441.7
-5.4429e-05,-0.00013839,-2.2488e+05,-2587.3
-5.4455e-05,-0.00011804,-2.2457e+05,-2370.2
-5.4635e-05,-0.00012624,-2.2547e+05,-2461.6
-5.4566e-05,-0.00013552,-2.2538e+05,-2559.4
-5.4824e-05,-0.00013205,-2.2636e+05,-2527.6
-5.4595e-05,-0.00012001,-2.2518e+05,-2394.1
-5.4978e-05,-0.00013178,-2.2699e+05,-2527.8
-5.4151e-05,-0.00011604,-2.2329e+05,-2342.6
-5.4459e-05,-0.00011042,-2.2444e+05,-2288.8
-5.4139e-05,-0.00011214,-2.2316e+05,-2300.7
-5.4237e-05,-0.00011693,-2.2366e+05,-2353.8
-5.3734e-05,-0.00011465,-2.2156e+05,-2319.2
-5.307e-05,-0.00012768,-2.1912e+05,-2445.2
-5.3031e-05,-0.00011926,-2.1879e+05,-2354.2
-5.2849e-05,-0.00010495,-2.1775e+05,-2197.5
-5.2436e-05,-0.00011286,-2.1623e+05,-2273.7
-5.2255e-05,-9.8188e-05,-2.1519e+05,-2113.1
-5.1599e-05,-0.00010558,-2.1267e+05,-2178.8
-5.0985e-05,-0.00010189,-2.1009e+05,-2126.8
-5.1829e-05,-8.2221e-05,-2.1313e+05,-1933.7
-5.0468e-05,-0.00010516,-2.0804e+05,-2151.3
-4.9163e-05,-0.00010213,-2.0266e+05,-2092.4
-4.8885e-05,-9.3021e-05,-2.0134e+05,-1989.3
-4.7807e-05,-8.5008e-05,-1.9678e+05,-1881.7
-4.8781e-05,-9.4766e-05,-2.0095e+05,-2005.8
-4.5918e-05,-9.809e-05,-1.8933e+05,-1983.1
-4.5081e-05,-0.0001241,-1.8645e+05,-2244.3
-4.4012e-05,-0.00012322,-1.8207e+05,-2213.1
-4.3364e-05,-0.00014643,-1.7989e+05,-2448.1
-4.1897e-05,-0.00016876,-1.7436e+05,-2657.1
-4.092e-05,-0.00019455,-1.709e+05,-2913.1
-3.9604e-05,-0.00021259,-1.659e+05,-3079.2
-3.8633e-05,-0.00024632,-1.6262e+05,-3420.2
-3.7259e-05,-0.00025746,-1.5724e+05,-3511.3
-3.6534e-05,-0.00024011,-1.5393e+05,-3311
-3.5408e-05,-0.00020005,-1.4852e+05,-2859.7
-3.4646e-05,-0.00016119,-1.4462e+05,-2428.6
-3.3405e-05,-0.00012561,-1.3884e+05,-2022.8
-3.1332e-05,-9.1845e-05,-1.2969e+05,-1619.5
-3.2107e-05,-5.3922e-05,-1.3208e+05,-1229.8
-2.8645e-05,-2.5017e-05,-1.1737e+05,-850.22
-2.8972e-05,4.7474e-06,-1.181e+05,-538.58
-2.6102e-05,2.7176e-05,-1.0593e+05,-240.35
-2.3954e-05,4.6389e-05,-96779,8.7847
-2.4156e-05,6.4496e-05,-97235,198.29
-1.9324e-05,5.1379e-05,-77791,156.28
-1.9033e-05,2.1292e-05,-77217,-159.59
-1.5977e-05,-2.76e-05,-65743,-620.33
-2.1163e-06,-3.8564e-05,-9356.4,-460.01
2.8983e-06,0.00022527,19251,2615.5
4.4436e-06,0.00020902,26395,2522.9
4.7177e-06,0.00020839,27638,2527
5.731e-06,0.00020497,32235,2529.4
6.0164e-06,0.000201,33430,2494.6
6.6746e-06,0.00019579,36340,2460.5
6.4854e-06,0.00019333,35380,2424.1
6.7237e-06,0.00018948,36369,2388.4
6.5981e-06,0.00018674,35704,2351.7
6.6443e-06,0.00018348,35807,2315
6.2435e-06,0.00018159,33867,2276.7
6.2388e-06,0.00017868,33740,2242
6.092e-06,0.0001773,33008,2219.9
6.0689e-06,0.00017556,32847,2198.7
5.7096e-06,0.00017482,31141,2175.6
5.6149e-06,0.00017323,30653,2153.3
5.2928e-06,0.00017223,29118,2128.7
5.2081e-06,0.00017059,28680,2106.4
4.9309e-06,0.00016953,27359,2083.1
4.7259e-06,0.00016818,26369,2059.4
4.4761e-06,0.00016694,25177,2035.3
4.1459e-06,0.00016604,23630,2012.1
3.8984e-06,0.00016473,22455,1987.4
3.527e-06,0.00016378,20728,1962.3
3.2078e-06,0.00016282,19242,1939.1
2.8579e-06,0.00016166,17625,1913
2.4734e-06,0.00016087,15861,1889.7
2.0963e-06,0.00015999,14144,1866.1
1.69e-06,0.00015948,12303,1845.4
1.2563e-06,0.00015886,10355,1823.1
9.9195e-07,0.00015733,9138.8,1796.8
5.4958e-07,0.00015634,7152.4,1770.3
2.4552e-07,0.00015487,5775.1,1743.7
-1.0995e-07,0.00015344,4174.4,1715.9
-5.0457e-07,0.00015195,2408.3,1686.4
-9.8793e-07,0.00015128,283.51,1663.2
-1.1698e-06,0.00014889,-568.53,1631
-1.7583e-06,0.00014813,-3138.8,1604
-2.1766e-06,0.00014686,-4977.6,1576.9
-2.6292e-06,0.00014545,-6961.9,1547.2
-3.0019e-06,0.00014423,-8593,1522.4
-3.6411e-06,0.00014471,-11310,1508.5
-4.0716e-06,0.00014355,-13173,1482.9
-4.8098e-06,0.000143,-16315,1455.5
-5.1918e-06,0.00014177,-17961,1431.1
-5.819e-06,0.00014091,-20619,1404.5
-6.0825e-06,0.00013939,-21763,1380.5
-6.7147e-06,0.00013846,-24426,1353.8
-7.0867e-06,0.00013713,-26007,1329.8
-7.8129e-06,0.00013632,-29037,1303
-8.0758e-06,0.00013478,-30158,1280.1
-8.7213e-06,0.00013375,-32840,1254
-9.0718e-06,0.00013227,-34311,1230.3
-9.4998e-06,0.00013072,-36095,1204.5
-1.0072e-05,0.00012963,-38453,1181.3
-1.0713e-05,0.00012852,-41090,1156.3
-1.1159e-05,0.00012699,-42940,1130.9
-1.1939e-05,0.00012611,-46141,1105.6
-1.257e-05,0.00012506,-48736,1081.6
-1.3163e-05,0.00012387,-51180,1056.8
-1.3524e-05,0.00012229,-52683,1032.6
-1.4242e-05,0.00012136,-55630,1008.1
-1.4962e-05,0.00012047,-58589,983.87
-1.5466e-05,0.00011916,-60670,959.57
-1.5835e-05,0.00011758,-62207,935.23
-1.6578e-05,0.00011669,-65256,910.55
-1.7295e-05,0.00011583,-68199,886.78
-1.7914e-05,0.00011474,-70748,862.58
-1.8362e-05,0.00011337,-72603,838.83
-1.8915e-05,0.00011217,-74885,814.76
-1.9499e-05,0.00011098,-77290,790.11
-2.018e-05,0.00011009,-80085,766.74
-2.0715e-05,0.00010881,-82296,742.16
-2.1239e-05,0.00010758,-84458,718.34
-2.1867e-05,0.00010654,-87041,694.53
-2.2504e-05,0.00010558,-89659,671.25
-2.2885e-05,0.00010403,-91243,646.98
-2.3414e-05,0.00010289,-93427,623.97
-2.419e-05,0.00010207,-96611,599.47
-2.4844e-05,0.00010098,-99300,574.48
-2.6151e-05,9.9295e-05,-1.0467e+05,529.89
-2.6992e-05,9.7106e-05,-1.0814e+05,489.37
-2.8542e-05,9.6065e-05,-1.1449e+05,446.71
-2.9655e-05,9.4569e-05,-1.1906e+05,408.1
-3.0868e-05,9.2801e-05,-1.2404e+05,364.52
-3.2249e-05,9.1858e-05,-1.297e+05,326.35
-3.403e-05,9.0924e-05,-1.3698e+05,280.12
-3.5757e-05,7.3854e-05,-1.4437e+05,62.471
-3.6629e-05,-0.00011097,-1.5169e+05,-1931.8
-3.735e-05,-0.00064875,-1.6532e+05,-7716.7
-2.4148e-05,-0.0018552,-1.1912e+05,-21165
