0.00097363,-0.030922,-7.8073e+05,-1.0315e+05
-9.2427e-05,-0.005063,-5.5220e+05,-51230
-0.00010005,-0.0018337,-4.4235e+05,-21880
-9.8075e-05,4.869e-05,-3.9919e+05,-1474.3
-9.6684e-05,0.00092325,-3.7574e+05,7908.5
-9.018e-05,0.0013779,-3.3999e+05,12902
-8.8377e-05,0.0014318,-3.3132e+05,13530
-8.3391e-05,0.0013808,-3.1201e+05,13086
-8.1428e-05,0.001245,-3.0699e+05,11656
-7.7124e-05,0.0011009,-2.9238e+05,10201
-7.457e-05,0.00096037,-2.8474e+05,8754.4
-6.9827e-05,0.00081299,-2.6838e+05,7274.6
-6.7281e-05,0.00066564,-2.6098e+05,5750.5
-6.3318e-05,0.00051459,-2.4788e+05,4215.5
-6.1295e-05,0.00036877,-2.4258e+05,2697.1
-5.6448e-05,0.00026757,-2.2486e+05,1713.4
-5.4213e-05,0.00020141,-2.1708e+05,1051.3
-4.9722e-05,0.00016873,-1.9943e+05,793.13
-4.6968e-05,0.00012171,-1.8915e+05,346.28
-4.4008e-05,8.0229e-05,-1.7791e+05,-37.12
-4.2275e-05,0.00010534,-1.7033e+05,266.65
-3.9266e-05,0.0001412,-1.5732e+05,711.27
-3.7492e-05,0.0001824,-1.4925e+05,1187.9
-3.3441e-05,0.0002387,-1.3158e+05,1872.3
-3.2326e-05,0.00027625,-1.2626e+05,2296.6
-2.9124e-05,0.00033387,-1.1203e+05,2977.7
-2.8666e-05,0.00038768,-1.0907e+05,3562.5
-2.5703e-05,0.00045617,-95989,4328.8
-2.4596e-05,0.00048811,-90822,4695
-2.2837e-05,0.00053306,-82515,5229.7
-2.4024e-05,0.00053718,-87221,5252.1
-2.315e-05,0.00058439,-82228,5807.3
-2.2723e-05,0.00064302,-78549,6492.1
-2.2359e-05,0.00069311,-75303,7083.1
-2.1487e-05,0.00075284,-69304,7815.4
-1.9968e-05,0.00080005,-60615,8441.7
-2.0752e-05,0.00083466,-62737,8818.2
-2.0668e-05,0.00087632,-60663,9316
-2.027e-05,0.00092678,-56789,9934.4
-1.8989e-05,0.00097838,-48850,10602
-1.9329e-05,0.0010338,-48098,11244
-1.7898e-05,0.001085,-39566,11904
-1.7255e-05,0.0011135,-35541,12264
-1.6659e-05,0.0011129,-32908,12280
-1.537e-05,0.0011074,-27321,12266
-1.5045e-05,0.0010804,-26885,11966
-1.3718e-05,0.0010486,-22144,11650
-1.3802e-05,0.0010103,-24017,11201
-1.2499e-05,0.00096568,-19969,10731
-1.3086e-05,0.00091903,-24509,10157
-1.1815e-05,0.00086624,-20843,9591.2
-1.2772e-05,0.00080799,-27403,8869.5
-1.2053e-05,0.00074285,-26702,8135.8
-1.3325e-05,0.00067913,-34897,7333.9
-1.3308e-05,0.00061589,-37087,6600
-1.4883e-05,0.00055882,-45903,5885.9
-1.4819e-05,0.00050342,-47396,5257.1
-1.6449e-05,0.00044472,-56408,4526.8
-1.7195e-05,0.00039624,-61117,3951.3
-1.9258e-05,0.00035537,-70994,3432
-2.0032e-05,0.00032376,-75025,3062.5
-2.2718e-05,0.00028825,-86819,2620.2
-2.3608e-05,0.00026726,-90875,2377.7
-2.6765e-05,0.00023432,-1.0442e+05,1961.4
-2.7777e-05,0.00021798,-1.0889e+05,1766
-3.1304e-05,0.00019324,-1.2378e+05,1429.7
-3.2549e-05,0.00017347,-1.2926e+05,1193
-3.6268e-05,0.00015556,-1.448e+05,925.87
-3.7464e-05,0.00012957,-1.5021e+05,623.61
-4.1174e-05,8.9345e-05,-1.6616e+05,117.95
-4.2547e-05,6.0093e-05,-1.7236e+05,-222.82
-4.6509e-05,3.0098e-05,-1.8914e+05,-624.18
-4.7886e-05,-7.4897e-06,-1.9552e+05,-1054.2
-5.197e-05,-3.4863e-05,-2.1274e+05,-1430
-5.3422e-05,-7.4638e-05,-2.1947e+05,-1885
-5.754e-05,-9.0897e-05,-2.3661e+05,-2142.7
-5.8987e-05,-0.00012062,-2.4312e+05,-2490
-6.3407e-05,-0.00015519,-2.6186e+05,-2949.7
-6.4964e-05,-0.00019407,-2.69e+05,-3397.2
-6.9078e-05,-0.00022896,-2.865e+05,-3854.2
-7.0756e-05,-0.00026345,-2.9405e+05,-4257.2
-7.4928e-05,-0.00028289,-3.1147e+05,-4550.1
-7.6719e-05,-0.0003268,-3.1967e+05,-5056.3
-8.0823e-05,-0.00034633,-3.3682e+05,-5348.7
-8.2662e-05,-0.00036502,-3.4470e+05,-5586.1
-8.6628e-05,-0.00038661,-3.6133e+05,-5897.8
-8.8387e-05,-0.0004073,-3.6893e+05,-6154.9
-9.2348e-05,-0.0003963,-3.8487e+05,-6118
-9.415e-05,-0.00041923,-3.9269e+05,-6399.9
-9.8119e-05,-0.00043218,-4.0916e+05,-6619.3
-9.9758e-05,-0.00044773,-4.1616e+05,-6819.1
-0.00010331,-0.00046253,-4.3094e+05,-7049.7
-0.00010506,-0.00048238,-4.3850e+05,-7297.8
-0.00010828,-0.00046857,-4.5136e+05,-7215.5
-0.00010998,-0.00049083,-4.5877e+05,-7488.5
-0.00011299,-0.0004678,-4.7056e+05,-7303.2
-0.00011461,-0.00047401,-4.7733e+05,-7402.8
-0.00011733,-0.00045254,-4.8798e+05,-7228.4
-0.0001188,-0.00046301,-4.9421e+05,-7370.5
-0.00012134,-0.0004258,-5.0383e+05,-7024.1
-0.00012275,-0.00039096,-5.0887e+05,-6680.1
-0.00012486,-0.00035968,-5.1682e+05,-6388.2
-0.00012605,-0.00038665,-5.2222e+05,-6701.1
-0.0001281,-0.00034705,-5.2981e+05,-6319.3
-0.00012935,-0.00036203,-5.3519e+05,-6504.8
-0.00013091,-0.0003425,-5.4118e+05,-6327.8
-0.00013187,-0.00034591,-5.4518e+05,-6383.8
-0.00013315,-0.0003408,-5.5028e+05,-6355.1
-0.00013403,-0.0003386,-5.5383e+05,-6349.5
-0.000135,-0.00033243,-5.5768e+05,-6303.3
-0.00013575,-0.00034864,-5.6104e+05,-6491.9
-0.00013644,-0.00032922,-5.6346e+05,-6298.1
-0.00013699,-0.00032377,-5.6559e+05,-6251
-0.00013735,-0.00031506,-5.6691e+05,-6165.3
-0.00013777,-0.0003373,-5.6909e+05,-6411.9
-0.00013785,-0.00031411,-5.6891e+05,-6165.2
-0.00013805,-0.00031596,-5.6978e+05,-6189.1
-0.00013783,-0.00031817,-5.6893e+05,-6208.3
-0.00013777,-0.00037538,-5.6983e+05,-6819.2
-0.00013719,-0.00032959,-5.6656e+05,-6317.4
-0.00013704,-0.00037335,-5.6683e+05,-6782.6
-0.00013606,-0.00032856,-5.619e+05,-6283.3
-0.00013563,-0.00035694,-5.6076e+05,-6578.4
-0.00013431,-0.00037346,-5.5568e+05,-6728.2
-0.00013392,-0.00037168,-5.5408e+05,-6701.3
-0.00013222,-0.00033715,-5.464e+05,-6297.1
-0.00013193,-0.00037434,-5.4598e+05,-6689.1
-0.00012943,-0.00032786,-5.3484e+05,-6141
-0.00012904,-0.00032717,-5.3323e+05,-6125.6
-0.00012687,-0.00032303,-5.243e+05,-6037.1
-0.00012616,-0.00033611,-5.2164e+05,-6162.4
-0.00012367,-0.00031956,-5.1115e+05,-5934.8
-0.0001224,-0.0003396,-5.064e+05,-6123.5
-0.00012024,-0.00031606,-4.9707e+05,-5827.5
-0.00011941,-0.00027758,-4.929e+05,-5398.9
-0.0001173,-0.00028894,-4.8453e+05,-5477.5
-0.00011637,-0.00024979,-4.7995e+05,-5039.8
-0.00011395,-0.00025907,-4.7025e+05,-5089.8
-0.00011242,-0.00024742,-4.6377e+05,-4933.9
-0.000111,-0.00020693,-4.5714e+05,-4471.9
-0.00010874,-0.00024385,-4.4868e+05,-4820.9
-0.00010506,-0.00022942,-4.3338e+05,-4591.6
-0.0001036,-0.00021715,-4.2714e+05,-4430.6
-9.9944e-05,-0.00020506,-4.1198e+05,-4226.9
-9.9394e-05,-0.00023971,-4.1044e+05,-4586.3
-9.4482e-05,-0.000237,-3.9034e+05,-4457.3
-9.2624e-05,-0.00029976,-3.8403e+05,-5090.9
-8.8574e-05,-0.00029979,-3.6751e+05,-5008.7
-8.6796e-05,-0.00034478,-3.6116e+05,-5453.7
-8.2795e-05,-0.00038525,-3.4566e+05,-5805.3
-8.0559e-05,-0.00042805,-3.3741e+05,-6217.6
-7.6686e-05,-0.00044194,-3.2189e+05,-6287.3
-7.4656e-05,-0.00047699,-3.1431e+05,-6620.8
-7.1079e-05,-0.00046409,-2.9946e+05,-6410
-6.9457e-05,-0.0004272,-2.9208e+05,-5982.3
-6.5918e-05,-0.00038478,-2.7678e+05,-5456.5
-6.332e-05,-0.00034285,-2.6532e+05,-4955.1
-6.019e-05,-0.00030428,-2.5176e+05,-4478.8
-5.7013e-05,-0.00026659,-2.3804e+05,-4011.1
-5.4633e-05,-0.0002272,-2.2752e+05,-3541.3
-5.1237e-05,-0.00019292,-2.1296e+05,-3105.6
-4.7066e-05,-0.00016332,-1.9534e+05,-2704.1
-4.387e-05,-0.00013599,-1.8174e+05,-2346.8
-3.8441e-05,-0.00011546,-1.5918e+05,-2016.7
-3.7134e-05,-9.389e-05,-1.5341e+05,-1759.5
-2.9574e-05,-0.00010506,-1.2279e+05,-1725
-2.8083e-05,-0.00012354,-1.1708e+05,-1892.4
-2.0857e-05,-0.00017286,-88608,-2272.9
-2.8949e-06,-0.00012838,-18445,-1209.7
-2.2792e-06,0.00063061,13596,7243.2
-1.762e-06,0.00068592,19336,7967.9
-2.8284e-06,0.00068033,14210,7855.2
-2.5552e-06,0.00066986,15050,7743.6
-4.25e-06,0.00066311,6956.4,7588.7
-4.4124e-06,0.00065105,5706.6,7438.6
-6.4566e-06,0.00064521,-3925.6,7279.4
-7.2057e-06,0.00063495,-7782.3,7125.1
-9.2312e-06,0.00062861,-17258,6963.3
-1.0243e-05,0.00061893,-22252,6805.4
-1.2621e-05,0.00061277,-33131,6637.9
-1.3621e-05,0.00060369,-38024,6487.3
-1.4699e-05,0.00059942,-42989,6394.3
-1.5559e-05,0.00059288,-46767,6300.2
-1.7025e-05,0.00059102,-53598,6205.8
-1.7853e-05,0.00058524,-57371,6111.9
-1.9347e-05,0.000582,-64124,6013.2
-2.0373e-05,0.00057684,-68763,5917.4
-2.179e-05,0.00057252,-75046,5818.3
-2.283e-05,0.00056717,-79710,5721.4
-2.4494e-05,0.00056292,-86974,5618.7
-2.5786e-05,0.00055786,-92648,5519.9
-2.7006e-05,0.00055228,-97989,5419.9
-2.8264e-05,0.00054668,-1.0346e+05,5320
-3.0039e-05,0.0005419,-1.1104e+05,5217.3
-3.1159e-05,0.00053555,-1.1589e+05,5116.7
-3.291e-05,0.00053021,-1.2329e+05,5013.8
-3.4003e-05,0.00052388,-1.2797e+05,4917.9
-3.5912e-05,0.00051877,-1.3594e+05,4819.2
-3.7059e-05,0.00051251,-1.4077e+05,4726.9
-3.8807e-05,0.00050648,-1.4803e+05,4626.9
-3.9746e-05,0.00049943,-1.52e+05,4532.5
-4.1743e-05,0.0004937,-1.6026e+05,4430.6
-4.2936e-05,0.00048703,-1.6527e+05,4335
-4.4819e-05,0.00048121,-1.7307e+05,4234.5
-4.594e-05,0.00047442,-1.7778e+05,4139.2
-4.7709e-05,0.00046839,-1.8512e+05,4038.7
-4.8886e-05,0.00046176,-1.9006e+05,3943.8
-5.0786e-05,0.00045598,-1.9793e+05,3843.5
-5.2042e-05,0.00044934,-2.0319e+05,3747
-5.3731e-05,0.00044329,-2.102e+05,3647.8
-5.5309e-05,0.00043723,-2.1676e+05,3551
-5.7127e-05,0.00043134,-2.243e+05,3451.1
-5.8661e-05,0.00042516,-2.3069e+05,3353.8
-6.0584e-05,0.00041945,-2.3865e+05,3253.7
-6.1996e-05,0.00041312,-2.4454e+05,3157.3
-6.3794e-05,0.00040715,-2.52e+05,3056.9
-6.5252e-05,0.00040087,-2.5808e+05,2960
-6.6982e-05,0.0003948,-2.6526e+05,2860
-6.8187e-05,0.00038825,-2.7031e+05,2765.4
-6.9909e-05,0.00038222,-2.7746e+05,2666
-7.1075e-05,0.00037558,-2.8235e+05,2571.3
-7.2951e-05,0.00036965,-2.9013e+05,2469.6
-7.4271e-05,0.00036303,-2.9565e+05,2372.1
-7.5991e-05,0.00035717,-3.0279e+05,2274.4
-7.7551e-05,0.00035102,-3.0928e+05,2176.9
-7.9103e-05,0.00034471,-3.1574e+05,2077.8
-8.066e-05,0.0003387,-3.2222e+05,1981.9
-8.2553e-05,0.00033304,-3.3006e+05,1882.9
-8.3973e-05,0.0003267,-3.3598e+05,1786.2
-8.5539e-05,0.00032037,-3.425e+05,1686.7
-8.7241e-05,0.00031449,-3.4957e+05,1589.2
-8.9072e-05,0.0003088,-3.5716e+05,1491.1
-9.0406e-05,0.00030235,-3.6273e+05,1395
-9.1855e-05,0.00029593,-3.6877e+05,1296.9
-9.3322e-05,0.00028971,-3.7489e+05,1200.5
-9.5345e-05,0.00028429,-3.8325e+05,1101.4
-9.6639e-05,0.00027788,-3.8867e+05,1006.5
-9.8289e-05,0.00027182,-3.9552e+05,908.15
-9.9572e-05,0.0002653,-4.0089e+05,812.34
-0.00010128,0.00025933,-4.0798e+05,713.71
-0.00010267,0.00025316,-4.1379e+05,619.4
-0.00010421,0.00024694,-4.2018e+05,521.67
-0.00010523,0.00024011,-4.2451e+05,427.81
-0.00010711,0.00023445,-4.3227e+05,329.11
-0.00010814,0.00022782,-4.3662e+05,237.24
-0.00010956,0.00022139,-4.4255e+05,139.52
-0.00011051,0.00021456,-4.4659e+05,47.029
-0.00011231,0.00020884,-4.5404e+05,-50.686
-0.0001134,0.00020159,-4.5864e+05,-150.47
-0.00011632,0.00019083,-4.7077e+05,-324.86
-0.00011765,0.00017821,-4.7644e+05,-486.88
-0.0001204,0.00016761,-4.879e+05,-656.35
-0.00012191,0.00015557,-4.9428e+05,-815.76
-0.00012368,0.00014346,-5.0178e+05,-981.41
-0.00012529,0.00013177,-5.0857e+05,-1139.1
-0.000127,0.00011973,-5.1582e+05,-1302.8
-0.00012901,0.00010543,-5.2431e+05,-1496.7
-0.0001299,-1.1717e-05,-5.3033e+05,-2768.1
-0.00012811,-0.00090435,-5.4121e+05,-12282
5.2533e-05,-0.0056326,-2.1229e+05,-41897
