4.8508e-09,3.1959e-07,18.384,2.2404
5.284e-09,2.6923e-07,20.124,1.8926
5.5773e-09,1.9603e-07,21.338,1.3852
6.0544e-09,1.2035e-07,23.171,0.85688
6.2837e-09,6.7359e-08,23.981,0.48302
6.4813e-09,2.6737e-08,24.685,0.19636
6.504e-09,5.3976e-09,24.747,0.045682
6.6272e-09,-7.0921e-09,25.201,-0.042383
6.6873e-09,-1.868e-08,25.416,-0.12415
6.7883e-09,-2.382e-08,25.794,-0.16034
6.8264e-09,-2.8214e-08,25.934,-0.19132
6.8834e-09,-2.7348e-08,26.152,-0.18515
6.897e-09,-2.5659e-08,26.206,-0.1732
7.0008e-09,-1.806e-08,26.61,-0.11941
6.9697e-09,-1.055e-08,26.5,-0.066408
7.1058e-09,-5.0252e-09,27.024,-0.02723
7.2032e-09,1.3982e-09,27.402,0.018249
7.3139e-09,3.0113e-09,27.825,0.02977
7.3629e-09,7.6551e-09,28.017,0.062626
7.4788e-09,7.9943e-09,28.458,0.065157
7.5178e-09,9.9568e-09,28.609,0.079062
7.6005e-09,9.6355e-09,28.923,0.07689
7.6346e-09,1.0416e-08,29.054,0.082442
7.6981e-09,7.3288e-09,29.292,0.060711
7.7273e-09,8.8073e-09,29.405,0.071189
7.7768e-09,6.2026e-09,29.59,0.052849
7.7993e-09,7.7159e-09,29.678,0.063564
7.8363e-09,5.9653e-09,29.816,0.051242
7.8548e-09,8.2136e-09,29.889,0.067144
7.8854e-09,6.4018e-09,30.004,0.054383
7.9005e-09,8.6929e-09,30.064,0.070582
7.9278e-09,6.4527e-09,30.165,0.054791
7.9419e-09,5.8524e-09,30.218,0.050568
7.9616e-09,5.3312e-09,30.292,0.04691
7.9756e-09,6.9653e-09,30.348,0.058468
7.9948e-09,3.3463e-09,30.416,0.032929
8.0044e-09,6.1934e-09,30.456,0.053049
8.0263e-09,4.3321e-09,30.537,0.039928
8.0383e-09,4.9092e-09,30.584,0.044019
8.0591e-09,1.8956e-09,30.66,0.022758
8.0657e-09,4.8194e-09,30.688,0.043416
8.0872e-09,2.8671e-09,30.767,0.029652
8.0968e-09,2.1794e-09,30.803,0.024806
8.108e-09,1.2597e-09,30.845,0.018323
8.1116e-09,3.6251e-09,30.861,0.035034
8.1198e-09,1.6571e-09,30.89,0.021144
8.1219e-09,3.3976e-09,30.9,0.033439
8.1284e-09,1.887e-09,30.923,0.022778
8.1304e-09,1.7837e-09,30.93,0.02205
8.1271e-09,1.1753e-09,30.917,0.017749
8.1282e-09,3.3032e-09,30.924,0.03278
8.1312e-09,-9.167e-10,30.93,0.0029781
8.1277e-09,5.3571e-10,30.919,0.013233
8.1091e-09,7.7141e-10,30.848,0.014876
8.0601e-09,5.4391e-09,30.667,0.047786
8.0743e-09,9.4716e-09,30.726,0.076285
8.0352e-09,6.1773e-09,30.573,0.052971
8.0748e-09,9.0173e-09,30.727,0.073077
8.0894e-09,2.5109e-09,30.775,0.027139
8.104e-09,-2.375e-09,30.825,-0.0073539
8.1033e-09,-2.4665e-09,30.823,-0.0080008
8.094e-09,-3.2883e-09,30.786,-0.013815
8.031e-09,6.8682e-10,30.551,0.014189
8.0514e-09,6.7283e-09,30.636,0.056883
8.0016e-09,5.084e-09,30.444,0.045212
8.0383e-09,7.9915e-09,30.587,0.065791
7.9954e-09,4.6556e-09,30.421,0.042179
8.033e-09,5.6397e-09,30.565,0.049174
7.9902e-09,2.1652e-09,30.398,0.024584
8.0123e-09,6.8246e-09,30.487,0.057519
7.9831e-09,2.5197e-09,30.371,0.02708
7.9988e-09,4.1108e-09,30.433,0.038336
7.9779e-09,-1.3922e-10,30.348,0.0082937
7.9816e-09,2.4681e-09,30.366,0.026714
7.9702e-09,-8.3389e-10,30.318,0.0033786
7.9617e-09,1.9227e-09,30.289,0.022839
7.9578e-09,-4.9165e-10,30.271,0.0057817
7.9412e-09,2.9606e-09,30.212,0.030147
7.9423e-09,-1.547e-09,30.211,-0.0016895
7.9207e-09,2.6569e-09,30.134,0.027979
7.9257e-09,-1.452e-09,30.148,-0.001037
7.9096e-09,1.1555e-09,30.09,0.017361
7.9106e-09,-1.4819e-09,30.091,-0.0012656
7.8946e-09,1.9394e-09,30.034,0.022881
7.89e-09,-2.5166e-09,30.011,-0.0085987
7.8874e-09,2.23e-09,30.007,0.024925
7.8675e-09,-1.2592e-09,29.927,0.00025664
7.8811e-09,1.5855e-09,29.982,0.020365
7.8456e-09,-6.579e-10,29.845,0.004478
7.8701e-09,3.4122e-09,29.943,0.033255
7.8483e-09,-3.7123e-10,29.855,0.0065058
7.8523e-09,4.3959e-09,29.876,0.040182
7.8425e-09,9.3188e-10,29.835,0.015703
7.8407e-09,3.2472e-09,29.831,0.032055
7.84e-09,4.2881e-10,29.825,0.012147
7.8394e-09,3.3173e-09,29.826,0.032548
7.8481e-09,5.0433e-10,29.855,0.01269
7.8529e-09,4.6063e-09,29.878,0.041669
7.8654e-09,2.7124e-09,29.924,0.028306
7.8367e-09,5.6265e-09,29.818,0.048855
7.8652e-09,-1.5483e-10,29.92,0.0080535
7.8465e-09,1.889e-09,29.851,0.022467
7.8944e-09,-1.8273e-09,30.029,-0.003726
7.8785e-09,-4.6085e-09,29.965,-0.023388
7.847e-09,1.3768e-09,29.852,0.01885
7.7944e-09,6.5307e-09,29.658,0.055192
7.8261e-09,4.2372e-09,29.776,0.039029
7.7945e-09,8.0612e-09,29.66,0.066002
7.8432e-09,2.7135e-09,29.839,0.028286
7.8475e-09,9.8157e-10,29.854,0.016059
7.8402e-09,3.1741e-09,29.829,0.031537
7.8518e-09,1.7929e-09,29.871,0.021795
7.8274e-09,1.6359e-09,29.778,0.020658
7.8725e-09,-7.9859e-10,29.947,0.0035153
7.8296e-09,-8.1936e-10,29.783,0.0033191
7.9294e-09,-6.4036e-09,30.157,-0.036007
7.8973e-09,-7.4594e-09,30.033,-0.043501
8.0315e-09,-1.0233e-08,30.541,-0.062932
8.0478e-09,-6.7467e-09,30.607,-0.038292
8.147e-09,-1.0815e-08,30.979,-0.066907
8.182e-09,-8.2572e-09,31.115,-0.048803
8.3384e-09,-1.2009e-08,31.706,-0.075122
8.3954e-09,-9.7069e-09,31.925,-0.058795
8.613e-09,-9.789e-09,32.753,-0.059123
8.7082e-09,-1.0167e-08,33.115,-0.061687
8.992e-09,-1.3668e-08,34.191,-0.086088
8.9692e-09,-7.015e-09,34.112,-0.03912
9.0856e-09,-3.7015e-09,34.559,-0.015582
9.0922e-09,4.8137e-09,34.593,0.044571
9.1925e-09,9.0815e-09,34.98,0.074833
9.2281e-09,1.2953e-08,35.12,0.10222
9.3907e-09,1.1293e-08,35.737,0.090686
9.4503e-09,8.0322e-09,35.96,0.067722
9.7677e-09,-4.135e-09,37.154,-0.017853
9.9898e-09,-2.3584e-08,37.976,-0.15498
1.0717e-08,-4.1043e-08,40.723,-0.27747
1.1068e-08,-5.8163e-08,42.038,-0.398
1.1215e-08,-5.36e-08,42.605,-0.3656
1.1708e-08,-1.7761e-08,44.522,-0.11186
1.0486e-08,-2.9195e-08,39.859,-0.19404
1.0521e-08,-5.4898e-09,40.02,-0.026548
1.0387e-08,8.2266e-09,39.525,0.070187
1.04e-08,1.7232e-08,39.586,0.13381
1.0484e-08,2.1674e-08,39.91,0.16529
1.0531e-08,2.7227e-08,40.096,0.20458
1.0699e-08,2.3494e-08,40.73,0.1784
1.0725e-08,2.764e-08,40.832,0.20771
1.0908e-08,1.8133e-08,41.52,0.14077
1.0976e-08,1.6431e-08,41.775,0.12883
1.1153e-08,1.1643e-08,42.443,0.095211
1.1226e-08,7.1002e-09,42.717,0.063207
1.1423e-08,-4.2609e-09,43.452,-0.01682
1.1527e-08,-1.3284e-08,43.836,-0.080442
1.1582e-08,-3.274e-08,44.023,-0.21782
1.1833e-08,-5.6935e-08,44.951,-0.38845
1.2307e-08,-8.6343e-08,46.722,-0.59566
1.245e-08,-1.0421e-07,47.247,-0.72171
1.2835e-08,-1.1876e-07,48.694,-0.82408
1.2964e-08,-1.3192e-07,49.171,-0.9169
1.3393e-08,-1.3761e-07,50.796,-0.95666
1.3479e-08,-1.4153e-07,51.12,-0.98421
1.3765e-08,-1.3492e-07,52.214,-0.93723
1.3884e-08,-1.2546e-07,52.679,-0.87022
1.3916e-08,-8.7633e-08,52.846,-0.60296
1.3689e-08,1.2423e-08,52.097,0.10368
1.2955e-08,1.6293e-07,49.483,1.1661
1.193e-08,4.4542e-07,45.934,3.1608
9.6284e-09,8.1228e-07,37.653,5.7507
8.9422e-09,9.4642e-07,35.218,6.6981
5.6831e-09,2.5778e-07,21.923,1.8273
5.353e-09,6.3311e-09,20.358,0.051778
6.8632e-08,1.7881e-06,264.01,12.745
4.9177e-09,-1.8921e-07,18.491,-1.3305
4.7756e-09,-1.8505e-07,17.955,-1.3013
4.8605e-09,-1.8313e-07,18.28,-1.2876
5.3673e-09,-1.7819e-07,20.214,-1.2522
5.5645e-09,-1.7449e-07,20.969,-1.2258
6.1586e-09,-1.704e-07,23.234,-1.1963
6.3377e-09,-1.669e-07,23.919,-1.1713
6.8167e-09,-1.6384e-07,25.746,-1.1493
6.7711e-09,-1.5904e-07,25.578,-1.1154
6.5764e-09,-1.5613e-07,24.84,-1.095
6.1545e-09,-1.5283e-07,23.239,-1.0722
6.1008e-09,-1.5042e-07,23.038,-1.0552
5.9936e-09,-1.4777e-07,22.633,-1.0367
5.4264e-09,-1.4523e-07,20.479,-1.0194
5.2549e-09,-1.4202e-07,19.83,-0.99692
4.5143e-09,-1.3797e-07,17.017,-0.96917
4.3618e-09,-1.3579e-07,16.439,-0.95396
3.3714e-09,-1.3221e-07,12.675,-0.92978
3.1083e-09,-1.2973e-07,11.677,-0.91254
2.0752e-09,-1.26e-07,7.7513,-0.88739
1.5889e-09,-1.2334e-07,5.9042,-0.86913
4.3246e-10,-1.2007e-07,1.5089,-0.84739
2.2137e-10,-1.175e-07,0.7088,-0.82948
-9.9004e-10,-1.1394e-07,-3.8953,-0.80569
-1.1735e-09,-1.1179e-07,-4.5909,-0.79074
-2.4126e-09,-1.1005e-07,-9.3019,-0.77987
-1.2732e-08,-9.395e-08,-48.532,-0.67809
3.0077e-08,-1.4887e-07,114.35,-1.0176
-8.4314e-09,-9.6478e-08,-32.178,-0.69093
-3.7844e-09,-9.7776e-08,-14.506,-0.69474
-3.7813e-09,-9.5605e-08,-14.492,-0.6794
-5.1433e-09,-9.1808e-08,-19.668,-0.65416
-2.8204e-08,-5.9123e-08,-107.33,-0.4502
5.3169e-08,-1.6025e-07,202.38,-1.0725
-1.5602e-08,-7.2044e-08,-59.422,-0.52677
-6.2392e-09,-8.2337e-08,-23.825,-0.58855
-6.0274e-09,-7.9563e-08,-23.016,-0.56872
-5.8464e-09,-7.7926e-08,-22.326,-0.55696
-5.9812e-09,-7.5853e-08,-22.836,-0.54248
-6.4147e-09,-7.3911e-08,-24.482,-0.52927
-6.6139e-09,-7.1527e-08,-25.237,-0.51267
-7.1053e-09,-6.8495e-08,-27.103,-0.49183
-7.2455e-09,-6.6734e-08,-27.634,-0.47957
-7.4553e-09,-6.417e-08,-28.428,-0.4617
-7.5038e-09,-6.327e-08,-28.612,-0.45541
-7.8555e-09,-5.9227e-08,-29.945,-0.42727
-7.8856e-09,-5.7972e-08,-30.058,-0.41845
-7.9071e-09,-5.4845e-08,-30.136,-0.3964
-8.0057e-09,-5.3566e-08,-30.51,-0.38748
-8.0317e-09,-5.2856e-08,-30.608,-0.3825
-8.1243e-09,-4.9279e-08,-30.956,-0.35736
-7.9068e-09,-4.4006e-08,-30.122,-0.31987
-8.0076e-09,-4.4048e-08,-30.506,-0.32029
-8.0852e-09,-4.3624e-08,-30.8,-0.31738
-8.0211e-09,-4.2939e-08,-30.556,-0.31248
-8.032e-09,-3.9133e-08,-30.593,-0.28562
-7.9455e-09,-3.8533e-08,-30.263,-0.28128
-7.7679e-09,-3.5606e-08,-29.584,-0.26041
-7.7798e-09,-3.3862e-08,-29.628,-0.24811
-7.5466e-09,-3.2639e-08,-28.739,-0.23921
-7.3306e-09,-3.0526e-08,-27.915,-0.22404
-7.2034e-09,-2.879e-08,-27.429,-0.21163
-7.1076e-09,-2.635e-08,-27.062,-0.1943
-7.0016e-09,-2.5355e-08,-26.658,-0.18715
-6.6308e-09,-2.3749e-08,-25.246,-0.17538
-6.1299e-09,-2.3096e-08,-23.34,-0.17019
-5.7432e-09,-2.4064e-08,-21.87,-0.17657
-5.7811e-09,-2.1054e-08,-22.011,-0.15536
-5.4027e-09,-1.7222e-08,-20.568,-0.12787
-5.3464e-09,-1.8826e-08,-20.355,-0.13912
-5.0228e-09,-1.631e-08,-19.122,-0.12098
-5.3938e-09,-1.168e-08,-20.527,-0.088734
-5.2027e-09,-9.8563e-09,-19.799,-0.075634
-5.2144e-09,-8.49e-09,-19.841,-0.066001
-5.1353e-09,-6.3604e-09,-19.538,-0.050875
-5.0027e-09,-4.6204e-09,-19.032,-0.038436
-4.9591e-09,-2.3841e-09,-18.863,-0.022597
-4.6345e-09,1.0633e-09,-17.625,0.002119
-4.4686e-09,4.5954e-09,-16.99,0.027248
-4.1585e-09,7.9969e-09,-15.807,0.051624
-4.1443e-09,1.1627e-08,-15.748,0.07727
-3.7955e-09,1.4819e-08,-14.418,0.10021
-3.236e-09,1.7687e-08,-12.287,0.12111
-2.4483e-09,2.0228e-08,-9.2878,0.13996
-2.1723e-09,2.394e-08,-8.2339,0.16649
-1.2335e-09,2.8866e-08,-4.6579,0.20236
-6.2357e-10,4.5639e-08,-2.462,0.31447
9.8711e-10,1.3738e-07,3.5848,0.95576
