9.1359e-05,-0.0079705,-2.1967e+05,-27446
-4.4344e-05,-0.0028253,-1.7108e+05,-19729
-4.5427e-05,-0.001252,-1.6754e+05,-9322.3
-4.3706e-05,-0.00024891,-1.6653e+05,-1808.5
-4.3197e-05,0.00029651,-1.6396e+05,2043.6
-4.0317e-05,0.00064118,-1.5264e+05,4479.6
-3.8702e-05,0.0007236,-1.4584e+05,5102.3
-3.5473e-05,0.00073192,-1.3302e+05,5199
-3.3773e-05,0.00066657,-1.2698e+05,4716.1
-3.0902e-05,0.00058469,-1.165e+05,4119
-2.9175e-05,0.00050335,-1.1036e+05,3523.4
-2.6889e-05,0.00041506,-1.0192e+05,2891.1
-2.461e-05,0.00032606,-93226,2273.7
-2.2742e-05,0.00023879,-86220,1659.6
-2.1487e-05,0.00015303,-81547,1055.5
-1.9439e-05,7.6512e-05,-73847,517.63
-1.787e-05,3.4711e-05,-67927,224.31
-1.5379e-05,5.7482e-06,-58485,22.706
-1.424e-05,-2.6432e-05,-54192,-203.18
-1.2277e-05,-4.6719e-05,-46746,-344.13
-1.1213e-05,-5.0244e-05,-42706,-367.78
-8.8251e-06,-6.2334e-05,-33637,-450.36
-8.5368e-06,-6.7269e-05,-32546,-484.87
-6.091e-06,-5.5691e-05,-23230,-400.27
-6.0155e-06,-4.4029e-05,-22930,-317.85
-4.0112e-06,-2.0403e-05,-15280,-148.71
-3.8297e-06,1.1827e-06,-14564,3.8976
-1.9785e-06,2.7703e-05,-7496.3,193
-7.0185e-07,4.2755e-05,-4128.4,219.32
6.1242e-07,7.587e-05,-1533.8,334.35
1.2043e-06,6.8162e-05,5435.4,518.24
1.9295e-06,6.3971e-05,8373,494.4
3.6117e-06,7.1109e-05,15432,564.4
4.8207e-06,8.9116e-05,20730,716.96
5.3058e-06,0.00010706,23111,868.74
6.2209e-06,0.00012616,27468,1039.9
6.8522e-06,0.00016146,30978,1344.1
7.4958e-06,0.00019624,34636,1648.9
8.256e-06,0.00022915,38898,1944.5
8.821e-06,0.00026303,42354,2246.4
9.1766e-06,0.00030163,45039,2584.5
9.4189e-06,0.00033683,47127,2891.7
9.8794e-06,0.00036696,50114,3161.7
9.8285e-06,0.00039763,50745,3421.6
1.0482e-05,0.00042421,54521,3666.2
1.0001e-05,0.00044503,52885,3829.1
1.0781e-05,0.00046134,56939,3989
1.0054e-05,0.00047916,54087,4119.2
1.0959e-05,0.00049144,58587,4247.6
1.022e-05,0.00050994,55700,4382.7
1.0907e-05,0.00051873,59082,4475
1.0324e-05,0.00052518,56584,4513.1
1.0646e-05,0.00052464,58041,4517.4
1.0267e-05,0.00052852,56407,4539.6
1.0298e-05,0.00051672,56231,4441.8
9.9328e-06,0.00050081,54118,4298.2
9.7435e-06,0.00047108,52417,4042.4
9.2662e-06,0.000456,49352,3903.4
8.9374e-06,0.00042588,47506,3639.9
8.3819e-06,0.00039661,44183,3377.9
7.9754e-06,0.0003563,41234,3026.3
7.3089e-06,0.00032197,37301,2719
6.8189e-06,0.0002771,33907,2328.7
6.0089e-06,0.00023913,29347,1990.9
5.3803e-06,0.00019232,25456,1587.8
4.3571e-06,0.00015158,20122,1232.6
3.6043e-06,0.0001047,16015,841.21
2.3894e-06,6.1975e-05,10319,490.2
1.5512e-06,1.6554e-05,6237.4,146.12
8.7264e-08,-1.3379e-05,370.3,-96.779
-8.5504e-07,-4.5992e-05,-3211,-331.04
-2.6006e-06,-6.2816e-05,-10004,-443.48
-3.5884e-06,-7.6645e-05,-13748,-544.42
-5.6079e-06,-7.6029e-05,-21417,-543.3
-6.5592e-06,-7.2381e-05,-25031,-518.65
-8.5791e-06,-6.7017e-05,-32707,-483.13
-9.6274e-06,-5.7154e-05,-36683,-414.72
-1.1718e-05,-4.8125e-05,-44624,-353.41
-1.2592e-05,-4.3837e-05,-47943,-324.15
-1.4758e-05,-4.3583e-05,-56179,-324.88
-1.5672e-05,-4.6304e-05,-59661,-345.15
-1.7749e-05,-4.904e-05,-67563,-366.89
-1.8664e-05,-5.9195e-05,-71056,-439.66
-2.0714e-05,-6.8051e-05,-78863,-504.57
-2.161e-05,-7.6849e-05,-82283,-567.74
-2.3616e-05,-9.1784e-05,-89927,-675.53
-2.4472e-05,-0.00010732,-93204,-786.23
-2.6386e-05,-0.00012037,-1.005e+05,-880.57
-2.7256e-05,-0.00014006,-1.0383e+05,-1020.7
-2.916e-05,-0.00015016,-1.1108e+05,-1094.2
-2.9939e-05,-0.00016052,-1.1406e+05,-1168.3
-3.1803e-05,-0.00017323,-1.2117e+05,-1260.2
-3.2574e-05,-0.00018694,-1.2411e+05,-1357.9
-3.4306e-05,-0.00019037,-1.3071e+05,-1384.2
-3.507e-05,-0.0002063,-1.3363e+05,-1497.5
-3.6646e-05,-0.000211,-1.3963e+05,-1532.6
-3.7371e-05,-0.0002257,-1.4241e+05,-1637.2
-3.8838e-05,-0.00023139,-1.48e+05,-1679.1
-3.9532e-05,-0.00024695,-1.5065e+05,-1789.8
-4.0907e-05,-0.00024548,-1.5588e+05,-1781
-4.1548e-05,-0.00024348,-1.5832e+05,-1767.6
-4.2739e-05,-0.00023898,-1.6284e+05,-1737.3
-4.3322e-05,-0.00025363,-1.6508e+05,-1841.4
-4.4352e-05,-0.00024276,-1.6898e+05,-1765.9
-4.4887e-05,-0.00024741,-1.7102e+05,-1799.3
-4.582e-05,-0.00023403,-1.7456e+05,-1705.9
-4.6267e-05,-0.00022985,-1.7625e+05,-1676.9
-4.7065e-05,-0.00022033,-1.7928e+05,-1610.6
-4.7463e-05,-0.00021484,-1.8078e+05,-1572.3
-4.8086e-05,-0.00020523,-1.8314e+05,-1505.2
-4.8409e-05,-0.00020528,-1.8437e+05,-1505.9
-4.8907e-05,-0.00018864,-1.8625e+05,-1389
-4.9138e-05,-0.00017988,-1.8712e+05,-1327.4
-4.9482e-05,-0.00016619,-1.8841e+05,-1231.1
-4.962e-05,-0.00016852,-1.8894e+05,-1247.7
-4.983e-05,-0.00015002,-1.8971e+05,-1117.3
-4.9883e-05,-0.00014692,-1.8991e+05,-1095.5
-4.9922e-05,-0.00014137,-1.9006e+05,-1056.4
-4.9895e-05,-0.00016016,-1.8997e+05,-1189
-4.9829e-05,-0.00013636,-1.8969e+05,-1020.9
-4.9758e-05,-0.00015106,-1.8944e+05,-1124.6
-4.954e-05,-0.00013392,-1.8859e+05,-1003.3
-4.939e-05,-0.00014539,-1.8803e+05,-1084.2
-4.9003e-05,-0.00014895,-1.8657e+05,-1108.8
-4.8828e-05,-0.00014913,-1.859e+05,-1109.9
-4.834e-05,-0.00013402,-1.8403e+05,-1002.6
-4.8094e-05,-0.00014993,-1.8311e+05,-1114.7
-4.7459e-05,-0.00013178,-1.8067e+05,-985.77
-4.7164e-05,-0.00013581,-1.7955e+05,-1013.9
-4.6385e-05,-0.000134,-1.7659e+05,-1000.2
-4.6014e-05,-0.00014105,-1.7518e+05,-1049.5
-4.5173e-05,-0.0001337,-1.7198e+05,-996.63
-4.4753e-05,-0.00013953,-1.7039e+05,-1037.4
-4.3871e-05,-0.00013225,-1.6702e+05,-984.91
-4.3493e-05,-0.00011914,-1.6557e+05,-891.89
-4.2648e-05,-0.00012369,-1.6236e+05,-923.06
-4.2257e-05,-0.0001098,-1.6086e+05,-824.52
-4.1342e-05,-0.00011304,-1.5738e+05,-846.28
-4.0825e-05,-0.00010974,-1.5541e+05,-822.42
-3.9744e-05,-9.7175e-05,-1.5128e+05,-732.4
-3.9121e-05,-0.00010742,-1.4893e+05,-804
-3.7821e-05,-9.9503e-05,-1.4397e+05,-746.6
-3.7168e-05,-9.6107e-05,-1.4148e+05,-721.86
-3.5731e-05,-9.108e-05,-1.3601e+05,-684.68
-3.5005e-05,-0.00010488,-1.3327e+05,-781.26
-3.3508e-05,-9.7311e-05,-1.2756e+05,-726.09
-3.2671e-05,-0.00012322,-1.2441e+05,-908.03
-3.1086e-05,-0.00012747,-1.1838e+05,-936.21
-3.0263e-05,-0.00015421,-1.1529e+05,-1124.1
-2.8577e-05,-0.00018307,-1.089e+05,-1325.9
-2.77e-05,-0.00022075,-1.0561e+05,-1590.9
-2.6008e-05,-0.00025038,-99214,-1798.2
-2.525e-05,-0.00029301,-96381,-2098.3
-2.3684e-05,-0.00031803,-90464,-2272.2
-2.2599e-05,-0.00031426,-86344,-2243.5
-2.1268e-05,-0.00028883,-81238,-2063.3
-2.0208e-05,-0.00026056,-77164,-1863.2
-1.9471e-05,-0.00022805,-74323,-1632.8
-1.7616e-05,-0.00019683,-67229,-1410.2
-1.6304e-05,-0.0001628,-62198,-1168.4
-1.5055e-05,-0.00012737,-57407,-916.78
-1.3085e-05,-8.2456e-05,-49862,-597.38
-1.2447e-05,-3.4995e-05,-47382,-261.54
-9.9025e-06,1.8139e-05,-37641,116.57
-8.6195e-06,8.1281e-05,-32696,563.4
-7.472e-06,0.00017575,-27950,1249.6
-3.9386e-06,0.00028871,-12174,2180.5
-2.4524e-06,0.00041569,-3108,3258.7
1.0714e-06,0.00045096,13560,3664.2
3.3025e-06,0.00031852,20222,2629.9
3.6415e-06,0.00027502,19392,2212.4
3.6821e-06,0.00026472,19307,2127.6
3.3281e-06,0.00025585,17542,2045.1
2.8553e-06,0.00025209,15404,2002.5
2.5027e-06,0.00024766,13778,1957.7
1.9346e-06,0.0002444,11259,1917.7
1.5097e-06,0.00024037,9355.9,1875.3
8.0547e-07,0.00023738,6293.8,1835.5
2.5566e-07,0.00023375,3904.3,1794.9
-5.1498e-07,0.00023093,611.53,1756.8
-1.0453e-06,0.00022753,-1684.5,1718.2
-1.403e-06,0.0002256,-3181.7,1697.5
-1.9089e-06,0.00022406,-5291.2,1676.6
-2.3076e-06,0.00022238,-6955.3,1656.7
-2.8687e-06,0.00022107,-9273.7,1637.3
-3.2754e-06,0.00021958,-10950,1619.5
-3.8651e-06,0.00021824,-13358,1600.6
-4.2679e-06,0.00021639,-15009,1580.6
-4.8575e-06,0.00021508,-17392,1563
-5.2507e-06,0.00021331,-18987,1544.6
-5.8896e-06,0.00021193,-21542,1527.1
-6.2516e-06,0.00020994,-22998,1508.1
-6.907e-06,0.00020867,-25596,1492.3
-7.4084e-06,0.00020678,-27581,1473.9
-8.0777e-06,0.00020535,-30207,1458.2
-8.5227e-06,0.0002029,-31957,1437.1
-9.15e-06,0.00020094,-34401,1419
-9.6999e-06,0.00019878,-36538,1400.4
-1.0347e-05,0.0001963,-39040,1379.7
-1.0871e-05,0.00019429,-41063,1363.2
-1.1564e-05,0.00019226,-43725,1346.3
-1.2172e-05,0.00018973,-46060,1326.5
-1.2835e-05,0.00018756,-48593,1309.7
-1.3444e-05,0.00018538,-50918,1293.3
-1.4135e-05,0.00018378,-53547,1281.1
-1.4666e-05,0.00018139,-55572,1263.7
-1.541e-05,0.00017981,-58402,1251.7
-1.6044e-05,0.00017763,-60814,1235.5
-1.679e-05,0.00017557,-63655,1220.1
-1.7399e-05,0.0001733,-65973,1203.4
-1.8224e-05,0.00017135,-69115,1188.6
-1.8787e-05,0.00016894,-71258,1171
-1.9654e-05,0.00016691,-74559,1155.6
-2.0225e-05,0.00016444,-76732,1137.6
-2.1096e-05,0.00016234,-80048,1121.7
-2.1647e-05,0.00015978,-82150,1103
-2.2514e-05,0.00015755,-85446,1086.2
-2.3082e-05,0.00015488,-87610,1066.7
-2.3962e-05,0.00015268,-90962,1050.2
-2.4508e-05,0.00015011,-93042,1031.4
-2.5299e-05,0.00014781,-96052,1014.3
-2.6011e-05,0.00014542,-98765,996.57
-2.6894e-05,0.00014328,-1.0212e+05,980.45
-2.7417e-05,0.00014064,-1.0412e+05,961.15
-2.8315e-05,0.00013847,-1.0754e+05,944.82
-2.8946e-05,0.00013597,-1.0994e+05,926.47
-2.9766e-05,0.00013368,-1.1306e+05,909.34
-3.0445e-05,0.00013123,-1.1565e+05,891.27
-3.1262e-05,0.00012897,-1.1875e+05,874.35
-3.183e-05,0.00012641,-1.2092e+05,855.58
-3.2654e-05,0.00012413,-1.2406e+05,838.55
-3.3375e-05,0.00012172,-1.268e+05,820.69
-3.4116e-05,0.00011938,-1.2962e+05,803.3
-3.4747e-05,0.00011692,-1.3202e+05,785.24
-3.5513e-05,0.00011454,-1.3494e+05,767.5
-3.6246e-05,0.00011213,-1.3774e+05,749.66
-3.6953e-05,0.00010972,-1.4043e+05,731.83
-3.7537e-05,0.00010718,-1.4265e+05,713.21
-3.818e-05,0.00010467,-1.451e+05,694.71
-3.8986e-05,0.0001024,-1.4817e+05,677.76
-3.9585e-05,9.9822e-05,-1.5045e+05,658.86
-4.0311e-05,9.7457e-05,-1.5321e+05,641.32
-4.0879e-05,9.4851e-05,-1.5538e+05,622.27
-4.1581e-05,9.2426e-05,-1.5805e+05,604.33
-4.2108e-05,8.9766e-05,-1.6006e+05,584.93
-4.2802e-05,8.7392e-05,-1.627e+05,567.36
-4.3258e-05,8.4621e-05,-1.6444e+05,547.27
-4.4041e-05,8.2277e-05,-1.6742e+05,529.81
-4.458e-05,7.9333e-05,-1.6948e+05,508.39
-4.5933e-05,7.5155e-05,-1.7463e+05,477.31
-4.6604e-05,7.0104e-05,-1.7718e+05,440.87
-4.7835e-05,6.556e-05,-1.8187e+05,407.35
-4.8468e-05,6.0202e-05,-1.8428e+05,368.78
-4.961e-05,5.5671e-05,-1.8864e+05,335.46
-5.0232e-05,5.0223e-05,-1.9101e+05,296.26
-5.1797e-05,4.6155e-05,-1.9697e+05,265.72
-5.2628e-05,2.6009e-05,-2.0015e+05,122.49
-5.295e-05,-0.00015772,-2.0159e+05,-1175.3
-5.2771e-05,-0.00079341,-2.0154e+05,-5672.8
-5.5223e-06,-0.0024179,-27454,-16352
