-2.6717e-05,-0.001857,-1.2963e+05,-21258
-2.3848e-05,-0.0012482,-1.0807e+05,-14684
-2.3411e-05,-0.00067285,-1.0626e+05,-7863.4
-2.7009e-05,-0.00022442,-1.1475e+05,-2949.4
-2.7365e-05,2.4549e-05,-1.1114e+05,-294.12
-2.4643e-05,0.00015857,-97308,1194.5
-2.4771e-05,0.00020333,-96922,1670.4
-2.477e-05,0.00020873,-96808,1728.2
-2.4405e-05,0.00019327,-95630,1570.3
-2.4195e-05,0.00016934,-95260,1318.8
-2.3679e-05,0.00014458,-93659,1064.4
-2.3397e-05,0.00011928,-93024,799.59
-2.2779e-05,9.2382e-05,-91049,524.54
-2.353e-05,6.3159e-05,-94708,196.77
-2.1139e-05,2.7121e-05,-85688,-139.98
-2.1098e-05,-5.2991e-06,-86178,-485.82
-2.0678e-05,-1.614e-05,-84684,-593.21
-1.9981e-05,-1.7539e-05,-81869,-593.99
-1.9422e-05,-1.8803e-05,-79616,-596.15
-2.0697e-05,-1.2851e-05,-84697,-558.44
-1.8122e-05,-6.0029e-06,-74053,-432.83
-1.8504e-05,-9.9709e-06,-75690,-483.02
-1.8044e-05,-7.0543e-06,-73755,-442.48
-1.803e-05,-2.1266e-06,-73598,-389.5
-1.7629e-05,-1.9135e-06,-71956,-379.06
-1.7378e-05,6.4675e-07,-70884,-346.59
-1.6998e-05,2.4163e-06,-69295,-319.93
-1.6856e-05,5.598e-06,-68650,-283.01
-1.6322e-05,4.3942e-06,-66497,-285.03
-1.6298e-05,4.2766e-06,-66402,-285.8
-1.6e-05,6.0048e-06,-65153,-261.27
-1.5741e-05,1.1759e-05,-63980,-194.47
-1.5361e-05,1.8352e-05,-62295,-116.24
-1.5397e-05,1.9872e-05,-62409,-100.71
-1.5389e-05,3.1213e-05,-62147,20.716
-1.3817e-05,4.4654e-05,-55461,196.41
-1.3509e-05,3.7867e-05,-54342,130.1
-1.3531e-05,3.8466e-05,-54419,136.06
-1.2874e-05,4.4504e-05,-51615,214
-1.2548e-05,4.9114e-05,-50193,269.91
-1.2019e-05,5.0171e-05,-48013,291.97
-1.1839e-05,5.1396e-05,-47253,308.74
-1.1302e-05,5.5024e-05,-44990,358.44
-1.1224e-05,5.5368e-05,-44664,363.71
-1.0743e-05,5.5515e-05,-42700,375.07
-1.0675e-05,5.785e-05,-42374,401.42
-1.0274e-05,5.9109e-05,-40711,423.05
-1.0074e-05,5.9178e-05,-39894,427.86
-9.7852e-06,5.8214e-05,-38736,423.41
-9.7852e-06,5.7005e-05,-38761,410.49
-9.2988e-06,5.6523e-05,-36786,415.23
-9.1752e-06,6.025e-05,-36207,457.59
-8.7529e-06,6.2962e-05,-34428,495.18
-8.8701e-06,6.1785e-05,-34930,480.21
-8.4719e-06,6.5044e-05,-33240,523.16
-8.6576e-06,6.9117e-05,-33914,562.94
-7.7711e-06,7.5717e-05,-30164,651.55
-7.836e-06,7.0441e-05,-30536,593.81
-7.592e-06,7.0501e-05,-29538,599.42
-7.5683e-06,6.6983e-05,-29513,562.29
-7.3233e-06,6.7666e-05,-28500,574.58
-7.4381e-06,6.5416e-05,-29014,548.18
-7.2571e-06,6.7618e-05,-28231,575.41
-7.4569e-06,6.4787e-05,-29103,541.07
-7.257e-06,6.6052e-05,-28262,558.67
-7.522e-06,6.2937e-05,-29406,519.96
-7.4509e-06,6.39e-05,-29096,531.71
-7.787e-06,6.5879e-05,-30427,546.04
-7.7692e-06,7.0088e-05,-30269,591.41
-7.9451e-06,6.5833e-05,-31073,542.33
-7.9585e-06,6.7574e-05,-31092,560.67
-8.391e-06,6.196e-05,-32970,491.84
-8.3793e-06,6.0851e-05,-32945,480.23
-8.8874e-06,5.9718e-05,-35041,457.78
-8.9391e-06,6.4428e-05,-35156,507.08
-9.5892e-06,7.696e-05,-37553,627.88
-9.385e-06,8.9399e-05,-36467,765.04
-1.023e-05,7.1971e-05,-40267,561.5
-1.0382e-05,6.25e-05,-41079,457.15
-1.0889e-05,5.2058e-05,-43363,335.16
-1.1093e-05,5.045e-05,-44226,313.83
-1.1807e-05,4.0126e-05,-47351,188.91
-1.2129e-05,3.6179e-05,-48745,140.15
-1.2832e-05,2.7606e-05,-51786,34.185
-1.3236e-05,3.0262e-05,-53380,54.366
-1.3923e-05,2.418e-05,-56307,-24.644
-1.428e-05,3.1391e-05,-57619,45.196
-1.5185e-05,3.7507e-05,-61186,92.188
-1.5554e-05,4.8829e-05,-62459,205.76
-1.6595e-05,2.9324e-05,-67104,-23.991
-1.6995e-05,2.4286e-05,-68837,-85.995
-1.7756e-05,9.1041e-06,-72250,-263.81
-1.8288e-05,4.3348e-06,-74520,-325.65
-1.8959e-05,-7.7353e-06,-77502,-468.37
-1.9577e-05,-1.426e-05,-80153,-550.7
-2.0351e-05,-2.5606e-05,-83543,-687.78
-2.0992e-05,-2.9029e-05,-86230,-737.43
-2.1769e-05,-4.2992e-05,-89682,-902.55
-2.2378e-05,-4.7158e-05,-92253,-959.49
-2.3138e-05,-5.4444e-05,-95500,-1052.9
-2.3768e-05,-4.7836e-05,-97938,-995.02
-2.4457e-05,-5.4547e-05,-1.0088e+05,-1080.8
-2.5039e-05,-5.6887e-05,-1.0331e+05,-1117.7
-2.5923e-05,-5.5388e-05,-1.0688e+05,-1119.6
-2.6643e-05,-5.6414e-05,-1.0984e+05,-1145.2
-2.7264e-05,-7.1235e-05,-1.1267e+05,-1316.4
-2.785e-05,-7.2865e-05,-1.151e+05,-1345.7
-2.8458e-05,-8.3279e-05,-1.1779e+05,-1469.5
-2.9068e-05,-7.828e-05,-1.2018e+05,-1428.4
-2.9665e-05,-8.3254e-05,-1.2272e+05,-1493.8
-3.0272e-05,-8.2466e-05,-1.2518e+05,-1497.7
-3.0784e-05,-8.5174e-05,-1.2732e+05,-1537
-3.1344e-05,-8.0078e-05,-1.295e+05,-1493.9
-3.1786e-05,-8.2232e-05,-1.3135e+05,-1526
-3.2342e-05,-8.0677e-05,-1.3359e+05,-1520.7
-3.2699e-05,-7.8489e-05,-1.35e+05,-1504.5
-3.3162e-05,-7.2315e-05,-1.3676e+05,-1447.9
-3.3501e-05,-7.3278e-05,-1.3816e+05,-1465.1
-3.3871e-05,-8.2659e-05,-1.3986e+05,-1573
-3.4082e-05,-7.7641e-05,-1.4062e+05,-1523.6
-3.4401e-05,-8.4406e-05,-1.4206e+05,-1602.4
-3.4462e-05,-7.0029e-05,-1.4202e+05,-1449.9
-3.4676e-05,-7.1897e-05,-1.4293e+05,-1474.2
-3.4706e-05,-7.8078e-05,-1.4318e+05,-1541
-3.4993e-05,-7.2631e-05,-1.4424e+05,-1488.6
-3.4896e-05,-6.5136e-05,-1.4369e+05,-1406.4
-3.5341e-05,-6.9138e-05,-1.4559e+05,-1458.3
-3.4701e-05,-5.9867e-05,-1.4279e+05,-1346.1
-3.5098e-05,-5.2067e-05,-1.4425e+05,-1270.8
-3.5034e-05,-5.4126e-05,-1.4403e+05,-1291.5
-3.5256e-05,-5.5802e-05,-1.4497e+05,-1313.9
-3.5036e-05,-5.6338e-05,-1.4408e+05,-1315.2
-3.4515e-05,-6.6731e-05,-1.4217e+05,-1415.7
-3.4778e-05,-6.1386e-05,-1.4313e+05,-1363.9
-3.4727e-05,-5.2717e-05,-1.4275e+05,-1270.2
-3.4617e-05,-5.8987e-05,-1.4243e+05,-1335
-3.4573e-05,-5.033e-05,-1.4207e+05,-1241.5
-3.4249e-05,-5.665e-05,-1.4088e+05,-1302.5
-3.3821e-05,-5.4602e-05,-1.3909e+05,-1271.9
-3.5063e-05,-4.0702e-05,-1.4387e+05,-1148.5
-3.3936e-05,-5.9614e-05,-1.3966e+05,-1327.8
-3.3117e-05,-6.0122e-05,-1.3633e+05,-1316.6
-3.3086e-05,-5.2168e-05,-1.3604e+05,-1230.9
-3.2549e-05,-4.5681e-05,-1.3372e+05,-1150.6
-3.3791e-05,-4.8207e-05,-1.3884e+05,-1202.9
-3.1522e-05,-5.2792e-05,-1.2967e+05,-1205.8
-3.1001e-05,-6.4725e-05,-1.2779e+05,-1322.8
-3.0562e-05,-5.8721e-05,-1.2588e+05,-1249.6
-3.0256e-05,-6.5632e-05,-1.2477e+05,-1317.3
-2.9484e-05,-6.9857e-05,-1.2171e+05,-1346.8
-2.8887e-05,-7.2164e-05,-1.1932e+05,-1359.3
-2.8284e-05,-6.9571e-05,-1.168e+05,-1319.3
-2.7743e-05,-7.7022e-05,-1.1475e+05,-1388
-2.6774e-05,-7.2021e-05,-1.1069e+05,-1314.8
-2.6506e-05,-6.0501e-05,-1.0937e+05,-1186.2
-2.5879e-05,-5.5035e-05,-1.067e+05,-1115
-2.5456e-05,-4.7936e-05,-1.0483e+05,-1030.4
-2.4889e-05,-4.3694e-05,-1.0242e+05,-973.51
-2.3504e-05,-4.1069e-05,-96721,-917.28
-2.4978e-05,-3.4461e-05,-1.026e+05,-876.61
-2.1869e-05,-3.7286e-05,-89974,-843.55
-2.3298e-05,-3.8377e-05,-95827,-884.3
-2.0826e-05,-4.7675e-05,-85929,-933.44
-1.9806e-05,-5.9265e-05,-82006,-1036.6
-2.0862e-05,-7.2276e-05,-86579,-1197.3
-1.6349e-05,-0.00011686,-69073,-1582.2
-1.724e-05,-0.0001721,-73835,-2191.2
-1.4116e-05,-0.00024759,-62357,-2953.6
-1.7162e-06,-0.00025576,-8265.9,-2992.1
2.2786e-06,5.646e-05,10444,648.18
3.4411e-06,0.0001288,18631,1543.8
3.9422e-06,0.00012889,20886,1563.8
5.0401e-06,0.00012672,25811,1580.6
5.518e-06,0.00012362,27902,1562.6
6.3001e-06,0.00011954,31412,1544.1
6.3588e-06,0.00011773,31638,1524.4
6.7651e-06,0.00011489,33470,1505
6.9461e-06,0.00011261,34244,1484.7
7.1862e-06,0.00011021,35308,1464.6
7.1101e-06,0.00010874,34902,1444
7.2945e-06,0.00010666,35708,1425.7
7.3115e-06,0.00010555,35747,1413.5
7.4614e-06,0.00010416,36416,1402.2
7.2998e-06,0.00010357,35618,1390.1
7.4113e-06,0.00010217,36078,1378.5
7.2692e-06,0.00010116,35299,1366
7.4197e-06,9.9651e-05,35947,1354.7
7.3314e-06,9.8829e-05,35497,1342.4
7.324e-06,9.7632e-05,35393,1330.2
7.2885e-06,9.6473e-05,35138,1318.1
7.1729e-06,9.5833e-05,34600,1305.1
7.1353e-06,9.4845e-05,34366,1293.9
7.0096e-06,9.4009e-05,33738,1280.2
6.8587e-06,9.3782e-05,33099,1267.4
6.7838e-06,9.2841e-05,32715,1254
6.5697e-06,9.3062e-05,31845,1241.1
6.433e-06,9.2744e-05,31244,1229.8
6.2104e-06,9.243e-05,30190,1218.8
6.0071e-06,9.2192e-05,29240,1209.5
5.9878e-06,9.1239e-05,29125,1197.7
5.7689e-06,9.0748e-05,28103,1185
5.696e-06,8.9906e-05,27752,1173
5.5642e-06,8.9188e-05,27130,1160.5
5.4392e-06,8.8472e-05,26533,1148.1
5.2209e-06,8.7917e-05,25517,1134.7
5.2554e-06,8.6786e-05,25659,1122.9
4.9577e-06,8.6419e-05,24282,1109.1
4.7853e-06,8.5789e-05,23481,1096.4
4.5784e-06,8.5155e-05,22529,1082.7
4.4584e-06,8.434e-05,21964,1069.5
4.0847e-06,8.4096e-05,20266,1054.9
3.897e-06,8.337e-05,19402,1040.7
3.4816e-06,8.3176e-05,17535,1025.5
3.2779e-06,8.2527e-05,16604,1011.7
2.9944e-06,8.1966e-05,15335,996.83
2.8887e-06,8.0991e-05,14849,982.86
2.6037e-06,8.0441e-05,13580,968.28
2.425e-06,7.9846e-05,12783,956.48
2.0849e-06,7.9473e-05,11285,942.54
1.9663e-06,7.8608e-05,10752,929.88
1.639e-06,7.8158e-05,9315.7,915.58
1.534e-06,7.7235e-05,8842.5,902.68
1.4182e-06,7.6242e-05,8327.4,888.98
1.0904e-06,7.5913e-05,6887,875.54
7.6638e-07,7.548e-05,5471,861.34
5.9624e-07,7.4698e-05,4718.4,847.95
9.4856e-08,7.4711e-05,2549,833.16
-2.3419e-07,7.4375e-05,1121.9,819.69
-5.3091e-07,7.3875e-05,-161.75,805.65
-6.4119e-07,7.2956e-05,-655.04,792.5
-1.0768e-06,7.2802e-05,-2520.6,778.15
-1.4898e-06,7.2637e-05,-4283.2,764.43
-1.7494e-06,7.2044e-05,-5397.5,750.65
-1.8399e-06,7.108e-05,-5803.5,737.62
-2.2872e-06,7.0925e-05,-7696.1,723.47
-2.7582e-06,7.0855e-05,-9676.6,709.94
-3.1309e-06,7.0495e-05,-11243,696.24
-3.3325e-06,6.9793e-05,-12100,683.39
-3.6339e-06,6.9286e-05,-13364,670.35
-3.9342e-06,6.8729e-05,-14621,656.95
-4.3994e-06,6.8551e-05,-16542,644.25
-4.6391e-06,6.7845e-05,-17541,631.33
-4.9722e-06,6.7335e-05,-18914,618.86
-5.3258e-06,6.6833e-05,-20366,606.3
-5.7473e-06,6.6447e-05,-22094,593.6
-5.897e-06,6.5513e-05,-22724,580.57
-6.2695e-06,6.5038e-05,-24253,567.92
-6.7182e-06,6.4719e-05,-26090,555.38
-7.1827e-06,6.4368e-05,-27992,542.18
-7.9488e-06,6.3631e-05,-31132,518.72
-8.5453e-06,6.2747e-05,-33584,497.13
-9.5776e-06,6.2681e-05,-37796,475.43
-1.0434e-05,6.2476e-05,-41294,455.83
-1.115e-05,6.1708e-05,-44232,433.05
-1.2309e-05,6.2097e-05,-48950,413.65
-1.3424e-05,6.1959e-05,-53504,389.47
-1.4839e-05,5.1765e-05,-59481,251.7
-1.5615e-05,-5.8864e-05,-64900,-947.09
-1.6236e-05,-0.00030965,-72468,-3646.7
-1.7917e-05,-0.0009301,-81351,-10945
