0.00022996,-0.011624,-2.65e+05,-29210
-5.3124e-05,-0.0032965,-2.1788e+05,-22241
-5.5894e-05,-0.0013819,-2.0816e+05,-10217
-5.3735e-05,-0.00020058,-2.0463e+05,-1478.9
-5.3129e-05,0.00042717,-2.016e+05,2954.9
-4.9825e-05,0.00082005,-1.8861e+05,5732.3
-4.7945e-05,0.00091043,-1.8046e+05,6434.2
-4.409e-05,0.00090806,-1.6514e+05,6464.1
-4.2394e-05,0.00081357,-1.5951e+05,5752.2
-3.8686e-05,0.00070918,-1.4586e+05,4996.1
-3.7072e-05,0.00060188,-1.4020e+05,4214.8
-3.4362e-05,0.00049466,-1.3014e+05,3452.2
-3.2041e-05,0.00038757,-1.2142e+05,2699.4
-2.9414e-05,0.00028577,-1.1155e+05,1983.6
-2.7895e-05,0.00018705,-1.0588e+05,1288.3
-2.4519e-05,0.00010431,-93134,708.03
-2.2897e-05,6.1618e-05,-87016,408.45
-1.9701e-05,3.5766e-05,-74891,229.63
-1.8063e-05,1.3865e-05,-68686,76.897
-1.5321e-05,7.3055e-07,-58270,-12.654
-1.4681e-05,8.5475e-06,-55828,43.281
-1.0733e-05,4.8902e-06,-40816,22.038
-1.0258e-05,-1.3887e-05,-39031,-109.98
-7.0638e-06,-1.486e-05,-26883,-113.14
-7.7765e-06,-3.0941e-05,-29612,-227.5
-4.7261e-06,-3.0704e-05,-18010,-222.27
-5.3387e-06,-1.8468e-05,-20326,-136.59
-2.1132e-06,1.641e-06,-8035.2,9.1296
-1.6901e-06,-3.8151e-06,-6663.6,-15.312
2.3262e-07,4.6635e-06,-456.22,38.962
-6.3718e-07,3.3324e-05,-2350.8,235.01
4.1386e-07,7.0624e-05,1763.5,509.36
1.2396e-06,0.00011845,6256.4,907.42
3.3589e-06,0.00017857,16129,1417.8
3.3788e-06,0.00022663,17186,1805.9
3.9399e-06,0.00027656,20821,2233
5.0392e-06,0.00032652,27009,2681.9
6.2476e-06,0.00035312,33158,2940.6
6.7813e-06,0.00037844,36305,3171
7.6643e-06,0.00040445,41057,3417.4
8.0082e-06,0.00043705,43566,3704.4
8.5238e-06,0.00046647,46750,3968.7
8.9954e-06,0.00049191,49631,4196.9
9.1142e-06,0.00051825,50896,4422
9.7963e-06,0.00054082,54630,4629.5
9.4618e-06,0.00055784,53548,4762.6
1.0284e-05,0.00057053,57633,4889.5
9.667e-06,0.0005845,55178,4989.2
1.0636e-05,0.0005928,59794,5082.5
1.0015e-05,0.00060652,57309,5179.8
1.08e-05,0.00061011,60960,5228.7
1.0218e-05,0.00060984,58310,5212.1
1.0609e-05,0.00060182,59883,5156
1.025e-05,0.00059797,58150,5115.4
1.028e-05,0.00057779,57771,4949.7
9.8568e-06,0.00055323,55201,4734.8
9.5768e-06,0.00051437,52877,4402.4
9.0205e-06,0.00049035,49714,4186.7
8.5797e-06,0.00045138,46634,3846.5
7.8735e-06,0.00041277,42381,3501.9
7.3275e-06,0.00036376,38592,3073.8
6.4258e-06,0.00032094,33502,2694.2
5.7607e-06,0.00026838,29254,2240.4
4.6365e-06,0.00022376,23292,1846.7
3.8129e-06,0.00017138,18567,1400.2
2.4102e-06,0.0001272,11714,1017.6
1.4761e-06,7.8934e-05,6971.7,620.08
-1.7195e-07,3.8744e-05,-295.88,290.12
-1.159e-06,-1.8865e-06,-4410.3,-14.667
-3.2291e-06,-2.6874e-05,-12312,-193.49
-4.3246e-06,-4.8782e-05,-16504,-349.44
-6.6153e-06,-5.484e-05,-25224,-394.87
-7.667e-06,-5.7242e-05,-29226,-413.06
-1.0094e-05,-5.6259e-05,-38455,-408.94
-1.1141e-05,-5.6041e-05,-42436,-408.62
-1.3545e-05,-5.4734e-05,-51579,-402.19
-1.4743e-05,-5.1811e-05,-56133,-382.95
-1.7217e-05,-4.646e-05,-65539,-348.06
-1.8226e-05,-4.8886e-05,-69377,-366.36
-2.0773e-05,-5.4652e-05,-79070,-410.04
-2.1835e-05,-6.434e-05,-83122,-479.68
-2.4281e-05,-7.0799e-05,-92436,-528.13
-2.5349e-05,-8.7561e-05,-96516,-647.73
-2.7766e-05,-9.9548e-05,-1.0572e+05,-735.19
-2.8817e-05,-0.00011221,-1.0974e+05,-825.8
-3.1179e-05,-0.00013032,-1.1874e+05,-956.43
-3.2188e-05,-0.00015016,-1.2260e+05,-1097.7
-3.4439e-05,-0.00016422,-1.3118e+05,-1199.7
-3.547e-05,-0.00018919,-1.3513e+05,-1377.2
-3.7703e-05,-0.00020011,-1.4364e+05,-1456.9
-3.8625e-05,-0.00021318,-1.4716e+05,-1550.2
-4.0806e-05,-0.00022758,-1.5548e+05,-1654.5
-4.1715e-05,-0.00024417,-1.5895e+05,-1772.7
-4.3743e-05,-0.00024601,-1.6667e+05,-1788.1
-4.4639e-05,-0.00026494,-1.701e+05,-1922.8
-4.6483e-05,-0.00026764,-1.7712e+05,-1944.1
-4.7326e-05,-0.00028384,-1.8034e+05,-2059.4
-4.9022e-05,-0.00028617,-1.868e+05,-2077.9
-4.9826e-05,-0.00030122,-1.8987e+05,-2185.1
-5.1413e-05,-0.0002929,-1.959e+05,-2128.2
-5.2157e-05,-0.0002849,-1.9872e+05,-2072.6
-5.3538e-05,-0.000273,-2.0396e+05,-1990.2
-5.4204e-05,-0.00028671,-2.0651e+05,-2087.8
-5.5414e-05,-0.00026842,-2.111e+05,-1960
-5.604e-05,-0.00027313,-2.1348e+05,-1994
-5.7122e-05,-0.00025523,-2.1758e+05,-1868.8
-5.763e-05,-0.00025107,-2.1951e+05,-1840.1
-5.8543e-05,-0.00023991,-2.2296e+05,-1762.3
-5.8988e-05,-0.0002351,-2.2465e+05,-1728.9
-5.9695e-05,-0.00022469,-2.2733e+05,-1656.2
-6.005e-05,-0.00022726,-2.2868e+05,-1674.8
-6.061e-05,-0.0002088,-2.3079e+05,-1545
-6.0859e-05,-0.00020075,-2.3173e+05,-1488.5
-6.1235e-05,-0.00018664,-2.3314e+05,-1389.3
-6.1384e-05,-0.00019284,-2.3372e+05,-1433.2
-6.1622e-05,-0.00017342,-2.346e+05,-1296.4
-6.1693e-05,-0.00017308,-2.3487e+05,-1294.1
-6.1728e-05,-0.00016877,-2.35e+05,-1263.7
-6.1692e-05,-0.00019336,-2.3489e+05,-1437.2
-6.1601e-05,-0.00016487,-2.3451e+05,-1236
-6.1508e-05,-0.00018353,-2.3418e+05,-1367.6
-6.1247e-05,-0.00016273,-2.3316e+05,-1220.5
-6.106e-05,-0.0001772,-2.3247e+05,-1322.4
-6.0603e-05,-0.00018188,-2.3073e+05,-1355
-6.0393e-05,-0.00018225,-2.2993e+05,-1357.3
-5.9791e-05,-0.00016335,-2.2762e+05,-1223.1
-5.9491e-05,-0.00018234,-2.265e+05,-1356.9
-5.8712e-05,-0.00015922,-2.2351e+05,-1192.7
-5.8346e-05,-0.00016366,-2.2213e+05,-1223.6
-5.7412e-05,-0.00016109,-2.1857e+05,-1204.3
-5.6961e-05,-0.0001694,-2.1686e+05,-1262.6
-5.5937e-05,-0.00015968,-2.1296e+05,-1192.7
-5.5452e-05,-0.00016624,-2.1112e+05,-1238.5
-5.4373e-05,-0.00015615,-2.07e+05,-1166
-5.3917e-05,-0.00013865,-2.0525e+05,-1041.8
-5.2881e-05,-0.00014332,-2.0131e+05,-1073.6
-5.241e-05,-0.00012551,-1.995e+05,-947.27
-5.1312e-05,-0.00012906,-1.9533e+05,-971.08
-5.069e-05,-0.00012476,-1.9296e+05,-939.95
-4.9387e-05,-0.000109,-1.8798e+05,-827.15
-4.8648e-05,-0.00012187,-1.8518e+05,-917.16
-4.707e-05,-0.0001122,-1.7917e+05,-847.01
-4.6291e-05,-0.00010883,-1.762e+05,-822.37
-4.4571e-05,-0.00010395,-1.6965e+05,-785.9
-4.3714e-05,-0.00012335,-1.6642e+05,-921.89
-4.1954e-05,-0.00011613,-1.5971e+05,-868.85
-4.0962e-05,-0.00014942,-1.5598e+05,-1102.7
-3.9097e-05,-0.00015508,-1.4889e+05,-1140.5
-3.8121e-05,-0.00018817,-1.4522e+05,-1373.1
-3.6116e-05,-0.00022345,-1.3763e+05,-1619.9
-3.5071e-05,-0.00026981,-1.3371e+05,-1946
-3.3067e-05,-0.00030656,-1.2613e+05,-2203.2
-3.2148e-05,-0.00036033,-1.227e+05,-2581.7
-3.0576e-05,-0.00039068,-1.1676e+05,-2794
-2.9111e-05,-0.00038752,-1.1118e+05,-2769.5
-2.7822e-05,-0.00035888,-1.0624e+05,-2566.2
-2.6207e-05,-0.00032813,-1.0006e+05,-2347.4
-2.5321e-05,-0.00029263,-96649,-2095.7
-2.3346e-05,-0.00025841,-89098,-1851.7
-2.1944e-05,-0.00022132,-83720,-1588.2
-2.0506e-05,-0.00018295,-78206,-1315.6
-1.8233e-05,-0.00013524,-69506,-976.09
-1.7326e-05,-8.4941e-05,-65998,-619.87
-1.4269e-05,-2.9261e-05,-54304,-223.18
-1.2484e-05,3.6438e-05,-47439,242.78
-1.0167e-05,0.00013291,-38515,926.65
-6.4765e-06,0.00025175,-22806,1862.9
-4.2315e-06,0.00038096,-10952,2953.4
7.9223e-07,0.00043808,12130,3554.6
3.2282e-06,0.00046724,22864,3825.6
3.8213e-06,0.00034772,22093,2827.6
3.761e-06,0.00033647,21519,2731.1
3.2219e-06,0.00032698,18885,2636.6
2.4194e-06,0.00032314,15271,2583.3
1.9363e-06,0.00031786,13031,2526.8
1.0358e-06,0.00031452,9045.5,2476.4
4.6635e-07,0.00030971,6481.3,2422.7
-5.9328e-07,0.00030667,1878.3,2372.8
-1.3232e-06,0.00030237,-1306.5,2321.3
-2.3992e-06,0.00029929,-5903.7,2273.2
-3.1299e-06,0.00029526,-9057,2224.7
-3.6535e-06,0.00029315,-11250,2198.9
-4.3946e-06,0.00029158,-14331,2173.1
-4.9147e-06,0.00028957,-16503,2148
-5.6689e-06,0.00028804,-19610,2123.5
-6.1877e-06,0.00028604,-21751,2099.5
-6.9289e-06,0.00028442,-24776,2075.9
-7.494e-06,0.00028223,-27081,2051.1
-8.2669e-06,0.00028044,-30197,2027.5
-8.8328e-06,0.0002785,-32476,2006
-9.639e-06,0.00027669,-35692,1983.5
-1.0197e-05,0.00027419,-37920,1959.1
-1.0951e-05,0.00027246,-40900,1939.1
-1.1691e-05,0.00027019,-43815,1916.3
-1.2538e-05,0.00026823,-47128,1895.8
-1.3138e-05,0.00026508,-49472,1869
-1.3956e-05,0.00026257,-52650,1846.4
-1.4727e-05,0.00025998,-55626,1824.2
-1.552e-05,0.00025697,-58680,1799.8
-1.6266e-05,0.00025435,-61545,1778.9
-1.6984e-05,0.0002514,-64294,1756.1
-1.7884e-05,0.00024891,-67729,1736.8
-1.8668e-05,0.00024616,-70718,1716.4
-1.9536e-05,0.00024301,-74021,1693.1
-2.0382e-05,0.00024081,-77243,1676.6
-2.108e-05,0.0002378,-79903,1654.6
-2.2031e-05,0.00023521,-83521,1635.2
-2.2812e-05,0.00023226,-86495,1613.5
-2.3666e-05,0.00022934,-89748,1591.8
-2.4447e-05,0.00022634,-92720,1569.8
-2.5503e-05,0.00022351,-96741,1548.6
-2.6176e-05,0.00022021,-99306,1524.5
-2.7198e-05,0.00021722,-1.032e+05,1502.2
-2.7814e-05,0.00021385,-1.0554e+05,1477.7
-2.8818e-05,0.00021095,-1.0937e+05,1456
-2.9442e-05,0.00020761,-1.1174e+05,1431.7
-3.0415e-05,0.00020467,-1.1545e+05,1409.8
-3.1079e-05,0.00020133,-1.1798e+05,1385.5
-3.2002e-05,0.00019832,-1.2149e+05,1363.2
-3.2745e-05,0.00019512,-1.2432e+05,1339.7
-3.357e-05,0.000192,-1.2746e+05,1316.7
-3.4428e-05,0.0001889,-1.3073e+05,1293.9
-3.5456e-05,0.00018607,-1.3464e+05,1272.7
-3.6127e-05,0.00018274,-1.372e+05,1248.4
-3.7174e-05,0.00017988,-1.4119e+05,1227
-3.7843e-05,0.00017656,-1.4373e+05,1202.8
-3.8851e-05,0.00017363,-1.4757e+05,1180.9
-3.9601e-05,0.0001704,-1.5043e+05,1157.2
-4.045e-05,0.00016731,-1.5366e+05,1134.4
-4.12e-05,0.00016409,-1.5652e+05,1110.8
-4.2179e-05,0.00016113,-1.6025e+05,1088.8
-4.3035e-05,0.00015802,-1.6351e+05,1065.8
-4.3909e-05,0.00015498,-1.6684e+05,1043.3
-4.4607e-05,0.00015174,-1.6949e+05,1019.6
-4.555e-05,0.00014869,-1.7308e+05,997.02
-4.6355e-05,0.0001455,-1.7615e+05,973.6
-4.7185e-05,0.00014238,-1.7931e+05,950.57
-4.7858e-05,0.00013908,-1.8188e+05,926.47
-4.8615e-05,0.00013583,-1.8476e+05,902.64
-4.948e-05,0.00013276,-1.8805e+05,880.01
-5.0224e-05,0.00012949,-1.9089e+05,856.07
-5.0947e-05,0.00012626,-1.9364e+05,832.39
-5.161e-05,0.00012289,-1.9617e+05,807.86
-5.2371e-05,0.00011967,-1.9906e+05,784.24
-5.2941e-05,0.0001162,-2.0124e+05,759.04
-5.3746e-05,0.00011309,-2.0430e+05,736.17
-5.4213e-05,0.00010946,-2.0608e+05,709.98
-5.5095e-05,0.00010637,-2.0944e+05,687.14
-5.5666e-05,0.00010252,-2.1162e+05,659.29
-5.7137e-05,9.6933e-05,-2.1722e+05,618.12
-5.7846e-05,9.0374e-05,-2.1993e+05,570.97
-5.9163e-05,8.438e-05,-2.2495e+05,527.12
-5.9842e-05,7.7524e-05,-2.2754e+05,477.91
-6.1029e-05,7.1493e-05,-2.3206e+05,433.95
-6.1698e-05,6.4547e-05,-2.3461e+05,384.11
-6.3293e-05,5.8962e-05,-2.4069e+05,342.82
-6.431e-05,4.0513e-05,-2.4458e+05,211.34
-6.4908e-05,-0.00012457,-2.4705e+05,-955.22
-6.4558e-05,-0.00081539,-2.4653e+05,-5833.6
1.2066e-05,-0.0030654,-11992,-17839
