-1.5915e-05,-0.0017915,-44812,-13476
-1.6407e-05,-0.0010786,-49441,-8442.2
-1.4785e-05,-0.00054162,-53741,-4035.8
-1.3892e-05,-0.00013775,-52999,-988.75
-1.3643e-05,7.8961e-05,-51797,541.64
-1.2269e-05,0.00021564,-46372,1511.1
-1.1564e-05,0.00024628,-43519,1737.3
-1.0251e-05,0.0002442,-38430,1730.5
-9.5658e-06,0.00021594,-35952,1525.5
-8.5845e-06,0.00018373,-32330,1294.3
-7.8851e-06,0.00015215,-29768,1068.1
-6.9908e-06,0.00012271,-26428,859.41
-6.0673e-06,9.3459e-05,-22964,652.97
-5.1607e-06,6.7778e-05,-19549,472.53
-4.7083e-06,4.3257e-05,-17857,299.93
-3.4518e-06,2.3622e-05,-13100,162.76
-2.9042e-06,1.3424e-05,-11030,91.396
-1.8255e-06,8.0222e-06,-6933.4,54.515
-1.1942e-06,6.7687e-06,-4533.8,46.399
-4.0882e-07,6.9736e-06,-1545.9,48.816
1.0139e-07,1.1954e-05,445.15,86.757
1.0194e-06,1.3241e-05,4088.5,100.62
1.3921e-06,1.7127e-05,5608.3,131.26
2.1031e-06,1.965e-05,8518.8,153.28
2.5055e-06,2.3962e-05,10198,187.97
3.2119e-06,2.6036e-05,13139,206.82
3.6136e-06,2.7483e-05,14830,220.09
4.0657e-06,2.604e-05,16730,211.14
4.1901e-06,2.5349e-05,17287,208.14
4.3797e-06,2.4783e-05,18142,205.95
4.7863e-06,3.4187e-05,19915,282.17
5.2693e-06,3.9438e-05,22000,326.15
6.0542e-06,4.7065e-05,25402,393.78
6.4293e-06,4.9817e-05,27069,420.85
6.9253e-06,5.0991e-05,29300,435.09
7.3927e-06,4.8673e-05,31395,419.7
7.7345e-06,5.2523e-05,32992,455.68
8.0772e-06,5.3297e-05,34573,465.58
8.5216e-06,5.0785e-05,36606,448.2
8.7566e-06,4.9257e-05,37690,437.33
9.1432e-06,5.4138e-05,39515,481.8
9.0946e-06,6.5452e-05,39374,578.17
9.5229e-06,7.4176e-05,41465,658.13
9.3778e-06,8.5614e-05,40918,755.5
9.7858e-06,9.61e-05,42967,851.17
9.4659e-06,0.00010359,41605,909.85
9.8554e-06,0.00011025,43537,972.5
9.5787e-06,0.00011751,42386,1029.6
9.8957e-06,0.00012463,43997,1095.4
9.6018e-06,0.00013433,42812,1173.3
9.7789e-06,0.00014072,43764,1231
9.5873e-06,0.00014528,42966,1266.3
9.5682e-06,0.00014847,42944,1293.1
9.3938e-06,0.00015666,42300,1359.4
9.3182e-06,0.00015607,41940,1352.8
9.1332e-06,0.00015274,41020,1320.6
8.9683e-06,0.00014168,40044,1223.3
8.6824e-06,0.00014488,38786,1245.1
8.4585e-06,0.00013795,37622,1182.3
8.1291e-06,0.00013333,36025,1137.3
7.844e-06,0.00012117,34502,1030.2
7.4774e-06,0.00011537,32725,975.8
7.1357e-06,0.00010139,30944,854.2
6.723e-06,9.3916e-05,28960,786.64
6.3431e-06,8.0108e-05,27057,668
5.8857e-06,7.1561e-05,24905,592.94
5.497e-06,5.7716e-05,23022,476.66
5.0178e-06,4.6005e-05,20818,377.43
4.6001e-06,3.1501e-05,18939,260.05
4.0324e-06,2.6056e-05,16502,214.79
3.5604e-06,1.6498e-05,14478,138.29
2.8675e-06,1.8245e-05,11463,156.19
2.4162e-06,1.7797e-05,9592.2,149.8
1.6204e-06,2.208e-05,6374.2,175.89
1.1321e-06,2.4349e-05,4537.6,182.78
3.2557e-07,2.7833e-05,1383.6,202.69
-1.3996e-07,2.9856e-05,-425.85,214.58
-1.0078e-06,3.0317e-05,-3776.8,214.18
-1.4301e-06,3.0336e-05,-5396.2,213.01
-2.3542e-06,2.8086e-05,-8920.8,195.55
-2.8011e-06,2.6821e-05,-10622,186.1
-3.6967e-06,2.2804e-05,-14033,156.7
-4.1498e-06,2.0101e-05,-15760,137.09
-5.0498e-06,1.3777e-05,-19190,91.4
-5.4975e-06,1.1321e-05,-20895,73.538
-6.3958e-06,2.117e-06,-24322,7.5111
-6.8099e-06,-4.7068e-06,-25906,-41.148
-7.696e-06,-1.545e-05,-29288,-118.03
-8.0861e-06,-2.2793e-05,-30780,-170.33
-8.9922e-06,-3.0661e-05,-34236,-226.93
-9.3622e-06,-3.3511e-05,-35646,-247.48
-1.0253e-05,-4.0705e-05,-39042,-299.31
-1.0628e-05,-4.6418e-05,-40477,-340.08
-1.145e-05,-5.131e-05,-43608,-375.58
-1.1835e-05,-5.8087e-05,-45079,-423.88
-1.2577e-05,-6.474e-05,-47911,-471.72
-1.2948e-05,-7.1321e-05,-49329,-518.62
-1.3655e-05,-7.8389e-05,-52027,-569.34
-1.4024e-05,-8.4579e-05,-53438,-613.48
-1.4697e-05,-8.8141e-05,-56000,-639.41
-1.5038e-05,-8.9348e-05,-57300,-648.33
-1.5637e-05,-9.2318e-05,-59581,-670
-1.596e-05,-0.00010067,-60819,-729.34
-1.648e-05,-0.00010243,-62798,-742.39
-1.6775e-05,-0.00010757,-63929,-779.02
-1.7257e-05,-0.00010859,-65760,-786.77
-1.7509e-05,-0.0001092,-66722,-791.4
-1.7931e-05,-0.00010962,-68327,-794.8
-1.8169e-05,-0.0001087,-69229,-788.64
-1.8512e-05,-0.00010777,-70534,-782.45
-1.8713e-05,-0.00010836,-71301,-786.85
-1.8997e-05,-0.00010317,-72374,-750.54
-1.9158e-05,-9.8804e-05,-72979,-719.9
-1.9384e-05,-9.2408e-05,-73832,-675
-1.9494e-05,-9.1259e-05,-74249,-667.02
-1.9669e-05,-8.1686e-05,-74904,-599.63
-1.9737e-05,-7.7885e-05,-75159,-572.87
-1.9828e-05,-7.2852e-05,-75498,-537.44
-1.9856e-05,-7.7447e-05,-75611,-569.92
-1.9892e-05,-6.5035e-05,-75733,-482.32
-1.9888e-05,-6.8244e-05,-75722,-504.97
-1.9857e-05,-5.9029e-05,-75593,-439.87
-1.9815e-05,-6.1553e-05,-75435,-457.64
-1.9711e-05,-6.1173e-05,-75039,-454.84
-1.9647e-05,-5.9696e-05,-74796,-444.34
-1.9494e-05,-5.2492e-05,-74205,-393.3
-1.9416e-05,-5.8357e-05,-73913,-434.62
-1.9202e-05,-5.0809e-05,-73091,-381.07
-1.9099e-05,-5.2603e-05,-72700,-393.62
-1.8833e-05,-5.2293e-05,-71691,-391.12
-1.8702e-05,-5.5618e-05,-71194,-414.44
-1.8414e-05,-5.3046e-05,-70096,-395.95
-1.8252e-05,-5.5863e-05,-69484,-415.65
-1.7947e-05,-5.3344e-05,-68320,-397.51
-1.7803e-05,-4.8465e-05,-67767,-362.89
-1.7493e-05,-5.0761e-05,-66592,-378.75
-1.7347e-05,-4.554e-05,-66029,-341.71
-1.7008e-05,-4.7349e-05,-64743,-354.09
-1.681e-05,-4.6604e-05,-63988,-348.6
-1.6417e-05,-4.2142e-05,-62489,-316.63
-1.6176e-05,-4.7247e-05,-61580,-352.4
-1.5695e-05,-4.4638e-05,-59746,-333.42
-1.5448e-05,-4.3568e-05,-58805,-325.57
-1.491e-05,-4.1561e-05,-56755,-310.78
-1.4641e-05,-4.6793e-05,-55740,-347.41
-1.4074e-05,-4.2525e-05,-53579,-316.61
-1.3757e-05,-5.0714e-05,-52383,-374.06
-1.3154e-05,-4.8861e-05,-50086,-360.27
-1.2837e-05,-5.5271e-05,-48888,-405.16
-1.2176e-05,-6.1786e-05,-46379,-450.39
-1.1832e-05,-7.1281e-05,-45082,-517.03
-1.1137e-05,-7.7539e-05,-42448,-560.41
-1.0758e-05,-9.0598e-05,-41023,-652.17
-1.0071e-05,-9.8782e-05,-38417,-709.15
-9.7538e-06,-0.0001047,-37219,-750.58
-9.008e-06,-0.00010754,-34386,-769.73
-8.5941e-06,-0.00010745,-32811,-768.62
-8.2069e-06,-0.00010344,-31334,-739.83
-7.517e-06,-9.9574e-05,-28705,-711.76
-7.1703e-06,-9.3317e-05,-27379,-667.18
-6.7171e-06,-8.5874e-05,-25647,-614.1
-6.0748e-06,-6.8302e-05,-23184,-489.29
-5.8704e-06,-4.9266e-05,-22384,-354.65
-5.1865e-06,-2.2827e-05,-19752,-167.2
-4.3848e-06,1.1956e-05,-16663,79.312
-3.896e-06,7.8681e-05,-14777,548.02
-2.7166e-06,0.00017121,-9394.5,1250.2
-2.7593e-06,0.00027758,-7852.5,2090.1
1.1479e-06,0.00031912,9628.2,2517.7
3.6232e-06,0.00021789,17908,1738.5
3.9799e-06,0.0001095,17246,868.1
4.1761e-06,0.00010175,17934,810.04
4.1146e-06,9.4996e-05,17570,755.16
4.1676e-06,9.2514e-05,17762,736.15
4.1036e-06,9.024e-05,17450,717.28
4.067e-06,8.8182e-05,17255,700.33
3.9637e-06,8.6162e-05,16797,682.69
3.783e-06,8.4411e-05,15990,666.16
3.6155e-06,8.2575e-05,15265,649.4
3.3294e-06,8.1137e-05,14044,633.7
3.1655e-06,7.9463e-05,13310,617.09
3.0203e-06,7.8541e-05,12702,609.16
2.8598e-06,7.7661e-05,12039,600.14
2.7037e-06,7.6906e-05,11385,592.29
2.5233e-06,7.6132e-05,10625,583.82
2.365e-06,7.5502e-05,9967.1,576.99
2.167e-06,7.4856e-05,9145.7,569.53
2.0046e-06,7.4066e-05,8469.6,561.43
1.7749e-06,7.3485e-05,7525.4,554.22
1.6259e-06,7.2748e-05,6908.5,546.78
1.4187e-06,7.2344e-05,6062.5,541.33
1.2156e-06,7.1758e-05,5234.3,534.62
9.5458e-07,7.121e-05,4177,527.7
7.7807e-07,7.0508e-05,3460.5,520.58
5.2985e-07,6.9988e-05,2463.7,514.24
3.5646e-07,6.8732e-05,1761.2,503.2
1.1651e-07,6.7826e-05,801.4,494.28
-6.9054e-08,6.6628e-05,58.644,483.82
-2.7523e-07,6.5372e-05,-751.56,473.39
-4.5882e-07,6.4495e-05,-1476.7,465.65
-7.8528e-07,6.3975e-05,-2766.6,459.16
-1.011e-06,6.3177e-05,-3656.3,451.65
-1.2687e-06,6.243e-05,-4661.7,444.72
-1.4662e-06,6.1553e-05,-5431.1,437.34
-1.7647e-06,6.086e-05,-6580,431.36
-1.907e-06,5.9804e-05,-7131.2,423.22
-2.2913e-06,5.9207e-05,-8613.3,417.4
-2.5113e-06,5.8406e-05,-9463.2,410.75
-2.8085e-06,5.7552e-05,-10602,403.87
-3.0472e-06,5.6619e-05,-11516,396.67
-3.3869e-06,5.5919e-05,-12814,391.05
-3.6559e-06,5.4911e-05,-13840,383.49
-4.0205e-06,5.4255e-05,-15228,378.37
-4.2509e-06,5.3322e-05,-16105,371.52
-4.5785e-06,5.2689e-05,-17352,366.67
-4.8337e-06,5.2218e-05,-18323,363.05
-5.163e-06,5.1484e-05,-19576,357.48
-5.4462e-06,5.0641e-05,-20654,351.2
-5.8245e-06,4.999e-05,-22094,346.17
-6.0546e-06,4.9034e-05,-22970,339.15
-6.4203e-06,4.8339e-05,-24362,333.82
-6.6949e-06,4.745e-05,-25408,327.22
-7.0352e-06,4.6641e-05,-26703,321.12
-7.336e-06,4.5866e-05,-27848,315.3
-7.7087e-06,4.5189e-05,-29266,310.08
-8.0207e-06,4.437e-05,-30454,303.94
-8.4209e-06,4.3763e-05,-31976,299.19
-8.7177e-06,4.2962e-05,-33106,293.19
-9.1019e-06,4.2263e-05,-34568,287.81
-9.3594e-06,4.1321e-05,-35548,280.86
-9.7517e-06,4.0622e-05,-37042,275.47
-1.0067e-05,3.9803e-05,-38242,269.32
-1.0428e-05,3.9016e-05,-39614,263.34
-1.0719e-05,3.8109e-05,-40724,256.6
-1.1097e-05,3.7273e-05,-42163,250.26
-1.1422e-05,3.6327e-05,-43401,243.2
-1.1804e-05,3.5477e-05,-44852,236.76
-1.2056e-05,3.4431e-05,-45814,229.08
-1.2374e-05,3.3347e-05,-47023,221.06
-1.2727e-05,3.2439e-05,-48368,214.24
-1.3045e-05,3.1429e-05,-49579,206.74
-1.3382e-05,3.0504e-05,-50860,199.81
-1.3698e-05,2.952e-05,-52063,192.5
-1.4006e-05,2.8526e-05,-53238,185.13
-1.4292e-05,2.7482e-05,-54327,177.42
-1.4609e-05,2.656e-05,-55531,170.55
-1.4866e-05,2.5476e-05,-56509,162.59
-1.5237e-05,2.4542e-05,-57923,155.56
-1.5538e-05,2.3388e-05,-59071,147.06
-1.6224e-05,2.1827e-05,-61680,135.25
-1.6618e-05,1.9866e-05,-63182,120.95
-1.7263e-05,1.8038e-05,-65638,107.29
-1.7647e-05,1.5804e-05,-67100,91.068
-1.8305e-05,1.4112e-05,-69606,78.358
-1.8716e-05,1.1832e-05,-71170,61.779
-1.9705e-05,1.0491e-05,-74933,51.165
-2.006e-05,-3.6274e-06,-76300,-48.934
-2.0087e-05,-0.00012744,-76546,-923.17
-2.0247e-05,-0.000425,-77058,-3054.7
-1.9076e-05,-0.00096589,-63038,-7469.4
