-1.2369e-05,-0.00047026,-57310,-5450.1
-9.9928e-06,-0.00037063,-46565,-4275.9
-1.0971e-05,-0.00022309,-49168,-2617.4
-1.4789e-05,-0.00010157,-62396,-1386.9
-1.5321e-05,-2.7449e-05,-63058,-605.16
-1.3779e-05,-1.6649e-06,-56246,-298.09
-1.4568e-05,1.6811e-05,-59086,-116.55
-1.5337e-05,2.2646e-05,-62106,-69.803
-1.5364e-05,2.664e-05,-62138,-27.657
-1.5846e-05,2.8109e-05,-64070,-21.734
-1.5952e-05,2.8489e-05,-64496,-19.83
-1.6432e-05,2.6619e-05,-66492,-49.589
-1.6505e-05,2.2826e-05,-66870,-91.647
-1.7598e-05,1.2053e-05,-71546,-229.07
-1.6203e-05,-4.2533e-06,-66188,-375.07
-1.6578e-05,-2.1899e-05,-68074,-571.38
-1.6839e-05,-2.6218e-05,-69229,-622.89
-1.711e-05,-2.3727e-05,-70282,-601.75
-1.705e-05,-2.358e-05,-70035,-598.96
-1.8333e-05,-1.8531e-05,-75168,-571.08
-1.678e-05,-1.6284e-05,-68786,-515.45
-1.7389e-05,-2.0963e-05,-71365,-577.87
-1.7626e-05,-2.108e-05,-72334,-583.95
-1.7993e-05,-1.6327e-05,-73737,-540.59
-1.7894e-05,-1.8066e-05,-73365,-557.17
-1.8071e-05,-1.6093e-05,-74050,-539.68
-1.8027e-05,-1.6043e-05,-73867,-538.24
-1.8107e-05,-1.2531e-05,-74121,-502.3
-1.7963e-05,-1.6728e-05,-73619,-544.26
-1.8097e-05,-1.8592e-05,-74207,-566.93
-1.806e-05,-2.2905e-05,-74143,-612.29
-1.8248e-05,-2.0167e-05,-74855,-586.85
-1.802e-05,-1.6858e-05,-73858,-546.83
-1.8174e-05,-2.1583e-05,-74580,-600.47
-1.8684e-05,-1.7569e-05,-76578,-567.91
-1.7585e-05,-6.9954e-06,-71881,-432.5
-1.7503e-05,-1.8809e-05,-71788,-557.17
-1.7668e-05,-2.2849e-05,-72541,-603.72
-1.7362e-05,-1.928e-05,-71223,-559.33
-1.7268e-05,-1.5242e-05,-70754,-514.23
-1.6862e-05,-1.901e-05,-69176,-546.28
-1.6997e-05,-2.0559e-05,-69759,-565.59
-1.6682e-05,-1.4687e-05,-68352,-496.38
-1.6491e-05,-1.4796e-05,-67574,-493.65
-1.6356e-05,-1.6951e-05,-67068,-513.95
-1.6174e-05,-1.4081e-05,-66268,-479.56
-1.6052e-05,-1.2389e-05,-65738,-459
-1.5783e-05,-1.0495e-05,-64602,-433.28
-1.5681e-05,-1.0523e-05,-64186,-431.5
-1.5547e-05,-1.3158e-05,-63693,-456.95
-1.5214e-05,-1.3802e-05,-62346,-457.06
-1.4968e-05,-1.159e-05,-61299,-428.4
-1.4625e-05,-1.0933e-05,-59885,-414.4
-1.4651e-05,-1.6103e-05,-60096,-470.21
-1.4196e-05,-8.9567e-06,-58096,-384.54
-1.4305e-05,-1.831e-06,-58394,-310.55
-1.3355e-05,1.2737e-05,-54224,-135.46
-1.3227e-05,4.2329e-06,-53873,-223.78
-1.2831e-05,7.6537e-06,-52188,-179.15
-1.2595e-05,4.7373e-06,-51284,-205.53
-1.2196e-05,1.0451e-05,-49538,-136.31
-1.2021e-05,6.4006e-06,-48910,-176.08
-1.1591e-05,1.2629e-05,-47028,-100.72
-1.1437e-05,6.9412e-06,-46515,-158.41
-1.0947e-05,9.8305e-06,-44460,-117.56
-1.0841e-05,5.1885e-06,-44118,-165.03
-1.0472e-05,7.9977e-06,-42557,-127.49
-1.0413e-05,1.0887e-05,-42256,-95.38
-1.0078e-05,1.7968e-05,-40748,-12.866
-9.783e-06,1.3449e-05,-39636,-55.18
-9.4657e-06,1.8325e-05,-38242,3.4135
-9.3867e-06,1.6288e-05,-37961,-16.762
-9.0245e-06,1.9929e-05,-36409,29.535
-8.9725e-06,1.9724e-05,-36202,28.402
-8.6677e-06,2.6088e-05,-34829,102.66
-8.7287e-06,3.8049e-05,-34834,229.3
-8.189e-06,5.0779e-05,-32373,376.41
-8.4197e-06,3.7656e-05,-33582,231.39
-8.1928e-06,3.1353e-05,-32784,168.61
-8.0001e-06,2.2943e-05,-32169,82.604
-7.8279e-06,2.1377e-05,-31498,69.36
-7.8599e-06,1.1538e-05,-31829,-36.496
-7.7521e-06,6.2336e-06,-31497,-91.028
-7.7616e-06,-9.3337e-07,-31682,-167.86
-7.7833e-06,1.2007e-07,-31749,-157.03
-7.7349e-06,5.3481e-06,-31445,-100.15
-7.8326e-06,1.8944e-05,-31567,43.247
-8.008e-06,3.5652e-05,-31943,218.34
-8.0756e-06,5.336e-05,-31858,406.31
-8.3288e-06,4.1097e-05,-33141,270.03
-8.4016e-06,3.5237e-05,-33557,205.9
-8.4106e-06,2.0648e-05,-33890,49.713
-8.5137e-06,1.5184e-05,-34422,-10.814
-8.5766e-06,1.6287e-05,-34656,-0.29554
-8.8831e-06,2.2166e-05,-35787,56.336
-9.0114e-06,1.8867e-05,-36378,18.443
-9.3383e-06,2.1033e-05,-37667,34.954
-9.3654e-06,1.2577e-05,-37950,-56.013
-9.6466e-06,1.1057e-05,-39128,-77.987
-9.8641e-06,8.0224e-06,-40077,-114.86
-1.0183e-05,1.7349e-05,-41186,-21.609
-1.0335e-05,1.2584e-05,-41906,-75.66
-1.0619e-05,1.6714e-05,-42979,-37.267
-1.1016e-05,1.797e-05,-44575,-31.922
-1.14e-05,2.0371e-05,-46091,-14.056
-1.1612e-05,1.1502e-05,-47136,-113.2
-1.197e-05,1.2099e-05,-48587,-114.12
-1.2185e-05,4.3833e-06,-49618,-200.98
-1.255e-05,8.1826e-06,-51033,-167.79
-1.2781e-05,2.8811e-06,-52082,-229.17
-1.3203e-05,5.4375e-06,-53752,-210.43
-1.3409e-05,3.0564e-08,-54700,-272.42
-1.3823e-05,2.8891e-06,-56333,-250.29
-1.4041e-05,-4.1476e-06,-57363,-329.95
-1.4427e-05,-2.9846e-06,-58916,-325.38
-1.4612e-05,-6.9548e-06,-59752,-371.6
-1.5025e-05,-3.7265e-06,-61372,-345.48
-1.5209e-05,-1.0069e-05,-62252,-417.04
-1.5512e-05,-1.512e-05,-63590,-477.21
-1.5678e-05,-1.9305e-05,-64352,-525.35
-1.5942e-05,-2.3218e-05,-65510,-572.56
-1.6017e-05,-1.7622e-05,-65699,-514.24
-1.6268e-05,-1.7127e-05,-66714,-514.05
-1.6383e-05,-2.3342e-05,-67310,-582.85
-1.6686e-05,-2.0873e-05,-68493,-562.6
-1.6712e-05,-2.0241e-05,-68590,-556.39
-1.7149e-05,-1.9992e-05,-70368,-562.62
-1.6795e-05,-1.6776e-05,-68858,-521.03
-1.7244e-05,-8.7038e-06,-70523,-443.83
-1.7391e-05,-1.1063e-05,-71171,-472.04
-1.7694e-05,-9.9366e-06,-72385,-466.17
-1.7755e-05,-1.1715e-05,-72669,-486.43
-1.7444e-05,-1.876e-05,-71544,-555.44
-1.7874e-05,-1.6466e-05,-73252,-539.65
-1.8041e-05,-1.1748e-05,-73838,-492.6
-1.8093e-05,-1.6574e-05,-74148,-545.26
-1.8136e-05,-1.2061e-05,-74233,-497.88
-1.8225e-05,-1.5346e-05,-74660,-534.81
-1.7897e-05,-1.4624e-05,-73309,-520.43
-1.9424e-05,-5.1631e-06,-79346,-450.32
-1.8501e-05,-1.9252e-05,-75867,-582.2
-1.8282e-05,-2.1677e-05,-75022,-603.67
-1.846e-05,-1.6613e-05,-75645,-553.14
-1.8261e-05,-1.3847e-05,-74777,-519.51
-1.9663e-05,-1.2213e-05,-80463,-530.56
-1.804e-05,-2.036e-05,-74009,-584.67
-1.7842e-05,-2.6322e-05,-73322,-644.4
-1.7996e-05,-2.3903e-05,-73903,-621.67
-1.7858e-05,-2.8016e-05,-73424,-662.85
-1.7697e-05,-2.9447e-05,-72793,-674.86
-1.7544e-05,-2.7368e-05,-72127,-649.52
-1.7332e-05,-2.3606e-05,-71186,-604.97
-1.7127e-05,-2.3492e-05,-70349,-599.59
-1.7089e-05,-1.4558e-05,-70009,-503.27
-1.7004e-05,2.111e-06,-69325,-323.31
-1.6705e-05,1.6175e-05,-67820,-166.84
-1.6673e-05,2.6713e-05,-67474,-53.492
-1.6375e-05,3.0312e-05,-66185,-8.9461
-1.587e-05,3.3307e-05,-64065,33.348
-1.6865e-05,3.77e-05,-68034,60.087
-1.4693e-05,3.4145e-05,-59246,66.248
-1.5889e-05,2.1844e-05,-64374,-89.609
-1.3735e-05,2.1549e-06,-55986,-256.33
-1.3733e-05,-2.2325e-05,-56480,-518.08
-1.546e-05,-5.5619e-05,-64201,-909.23
-1.1495e-05,-0.00014452,-49834,-1779.2
-1.3413e-05,-0.00026206,-59919,-3084.3
-9.9396e-06,-0.00041349,-46498,-4776.4
-2.3277e-06,-0.00045701,-12149,-5309.3
-1.1217e-06,-0.00010702,-6331.4,-1192
-2.8761e-07,4.3704e-05,-173.21,467.76
-1.9789e-08,4.8267e-05,1062,524.75
1.0505e-06,5.026e-05,5615.5,575.14
1.3025e-06,4.9505e-05,6650,572.98
2.0226e-06,4.7441e-05,9683.4,571.01
2.1352e-06,4.6978e-05,10164,568.97
2.5379e-06,4.5766e-05,11894,566.83
2.7205e-06,4.5095e-05,12669,564.92
3.04e-06,4.4105e-05,14052,562.92
3.1461e-06,4.3709e-05,14513,561.42
3.5323e-06,4.2509e-05,16194,558.98
3.5118e-06,4.2441e-05,16094,557.87
3.7028e-06,4.1858e-05,16932,556.72
3.7149e-06,4.1659e-05,16967,555.59
3.9093e-06,4.0931e-05,17786,554.46
3.7907e-06,4.0687e-05,17170,553.33
4.1349e-06,3.9614e-05,18669,552.2
4.0394e-06,3.9668e-05,18232,551.06
4.246e-06,3.8833e-05,19102,549.93
4.1815e-06,3.8593e-05,18751,548.81
4.2977e-06,3.8269e-05,19287,547.68
4.3892e-06,3.7695e-05,19643,546.54
4.4364e-06,3.7261e-05,19807,545.41
4.3676e-06,3.7479e-05,19536,544.28
4.4955e-06,3.6873e-05,20068,543.11
4.4771e-06,3.7174e-05,20061,541.96
4.5557e-06,3.735e-05,20505,540.87
4.4539e-06,3.813e-05,20166,539.78
4.3656e-06,3.8872e-05,19882,538.66
4.5009e-06,3.8463e-05,20489,537.53
4.4438e-06,3.8499e-05,20229,536.4
4.5426e-06,3.8183e-05,20674,535.28
4.6519e-06,3.7835e-05,21165,534.17
4.7091e-06,3.7605e-05,21421,533.03
4.7144e-06,3.7493e-05,21442,531.89
4.8656e-06,3.7059e-05,22126,530.78
4.8832e-06,3.692e-05,22203,529.66
4.8631e-06,3.6875e-05,22111,528.55
4.8611e-06,3.6778e-05,22098,527.4
4.9276e-06,3.6528e-05,22397,526.27
4.7784e-06,3.6771e-05,21717,525.18
4.8853e-06,3.6434e-05,22200,524.05
4.7868e-06,3.6564e-05,21751,522.93
4.8192e-06,3.6395e-05,21896,521.81
4.8037e-06,3.6336e-05,21823,520.69
4.8907e-06,3.6034e-05,22215,519.55
4.8926e-06,3.5936e-05,22221,518.46
4.9737e-06,3.5659e-05,22588,517.33
4.9281e-06,3.5665e-05,22377,516.22
4.9101e-06,3.5609e-05,22293,515.1
4.8941e-06,3.5549e-05,22218,513.99
4.9591e-06,3.5309e-05,22511,512.86
5.1389e-06,3.4818e-05,23330,511.75
5.0407e-06,3.4938e-05,22878,510.63
4.9782e-06,3.498e-05,22591,509.51
5.0709e-06,3.468e-05,23011,508.39
4.8729e-06,3.5021e-05,22106,507.28
4.7853e-06,3.512e-05,21706,506.17
4.7694e-06,3.506e-05,21630,505.05
4.8513e-06,3.4781e-05,22001,503.93
4.725e-06,3.4966e-05,21424,502.81
4.5638e-06,3.523e-05,20691,501.7
4.5869e-06,3.5083e-05,20793,500.59
4.7269e-06,3.4675e-05,21426,499.48
4.5704e-06,3.4927e-05,20714,498.36
4.4005e-06,3.5211e-05,19944,497.24
4.3349e-06,3.5266e-05,19647,496.12
4.3504e-06,3.5144e-05,19716,495.02
4.2568e-06,3.5274e-05,19295,493.91
4.3033e-06,3.5062e-05,19500,492.78
4.0678e-06,3.5507e-05,18442,491.69
4.0736e-06,3.5398e-05,18466,490.58
4.0055e-06,3.5452e-05,18158,489.46
3.9054e-06,3.557e-05,17706,488.33
3.7497e-06,3.5828e-05,17010,487.23
3.8874e-06,3.5413e-05,17620,486.12
3.7436e-06,3.5646e-05,16978,485.01
3.6179e-06,3.5841e-05,16417,483.9
3.4385e-06,3.6146e-05,15620,482.71
3.241e-06,3.6293e-05,14717,480.68
3.0373e-06,3.6498e-05,13800,478.55
2.598e-06,3.741e-05,11884,476.67
2.1838e-06,3.8373e-05,10125,474.67
2.0843e-06,3.8509e-05,9700,473.24
1.3845e-06,4.0091e-05,6746.7,470.77
1.1381e-06,4.0538e-05,5707.9,468.94
1.7867e-07,4.266e-05,1725.4,466.79
-4.5056e-07,4.3922e-05,-885.13,464.82
-8.5442e-07,2.7284e-05,-2917.4,275.39
-2.2406e-06,-0.0001484,-11535,-1669.8
