8.4222e-06,-0.0050718,-1.6383e+05,-24598
-3.5416e-05,-0.0022843,-1.2514e+05,-16667
-3.4867e-05,-0.0010679,-1.2727e+05,-7996.9
-3.3506e-05,-0.00025504,-1.2774e+05,-1839.8
-3.322e-05,0.00018716,-1.2614e+05,1282.9
-3.0951e-05,0.00046612,-1.1715e+05,3257.4
-2.9672e-05,0.00053765,-1.1194e+05,3782.4
-2.7179e-05,0.00054467,-1.0218e+05,3852.4
-2.5909e-05,0.00049288,-97639,3473.3
-2.3979e-05,0.00042611,-90551,2992.1
-2.2478e-05,0.00035894,-85037,2511.1
-2.1132e-05,0.00029208,-80034,2037.8
-1.919e-05,0.00022471,-72725,1564.3
-1.778e-05,0.00016396,-67434,1137
-1.7015e-05,0.00010598,-64592,728.51
-1.4277e-05,6.2852e-05,-54229,427.17
-1.3204e-05,3.5961e-05,-50177,238.55
-1.1222e-05,2.0681e-05,-42656,132.97
-1.0057e-05,8.3953e-06,-38240,47.581
-8.692e-06,8.6772e-07,-33057,-3.9788
-7.7803e-06,2.5037e-06,-29588,8.6318
-5.9807e-06,-3.1766e-06,-22750,-29.381
-5.2187e-06,-1.6999e-06,-19850,-18.069
-3.7592e-06,3.3722e-06,-14293,19.438
-2.7435e-06,7.2411e-06,-10426,47.933
-1.5956e-06,-6.124e-08,-6068.5,-2.2874
-1.0225e-06,-1.9769e-05,-3994.3,-134.97
-1.0267e-08,-3.2489e-05,65.136,-236.28
5.919e-07,-3.9931e-05,2467.4,-292.47
7.2599e-07,-3.7154e-05,3027.9,-274.67
1.7053e-06,-6.5732e-06,7070.7,-46.435
2.7001e-06,1.8086e-05,11349,146.5
3.8093e-06,4.2692e-05,16152,344.38
5.0516e-06,4.9787e-05,21492,406.08
5.865e-06,5.8438e-05,25059,480.58
6.7723e-06,6.9058e-05,29115,573.16
7.4e-06,9.8503e-05,32287,829.39
7.8576e-06,0.00012585,34773,1067.5
8.5659e-06,0.00014987,38469,1283.1
8.9816e-06,0.00017602,40921,1512.9
9.2939e-06,0.00020838,43121,1794.3
9.4093e-06,0.00023806,44380,2049.7
9.8877e-06,0.00026338,47264,2277.8
9.7813e-06,0.00028968,47472,2499.5
1.0436e-05,0.00031255,51135,2712.8
9.8821e-06,0.00033067,49074,2852.2
1.0654e-05,0.00034483,53045,2994.9
9.9159e-06,0.00036087,50084,3110.9
1.0716e-05,0.00037251,54111,3232.9
1.002e-05,0.00038987,51392,3361.1
1.0625e-05,0.0003991,54444,3456.8
1.0097e-05,0.000407,52229,3509
1.0333e-05,0.00040959,53391,3537.8
1.0006e-05,0.00041688,52090,3590.6
1.0002e-05,0.00041046,51880,3535.9
9.6636e-06,0.00040084,50050,3444.3
9.5153e-06,0.00037889,48737,3253.2
9.1296e-06,0.00037207,46764,3184.1
8.8725e-06,0.00035151,44994,3001.6
8.4177e-06,0.00033244,42368,2826.3
8.101e-06,0.00030308,40096,2567.7
7.5744e-06,0.00027982,37060,2355.9
7.1927e-06,0.00024632,34441,2062.9
6.5762e-06,0.00021957,31003,1823.2
6.0921e-06,0.00018399,28038,1517.7
5.3343e-06,0.00015356,24080,1253.1
4.758e-06,0.00011694,20892,946.36
3.8871e-06,8.2227e-05,16624,656.66
3.0315e-06,5.2928e-05,12675,417.32
2.171e-06,2.0307e-05,8912.3,163.12
1.4399e-06,-8.1489e-06,5797.2,-55.83
1.5862e-07,-2.4997e-05,547.81,-172.62
-5.9398e-07,-4.1756e-05,-2326.2,-293.11
-2.092e-06,-4.8261e-05,-8143.1,-335.48
-2.8723e-06,-5.3257e-05,-11052,-375.29
-4.5287e-06,-4.8905e-05,-17281,-350.5
-5.4151e-06,-4.385e-05,-20646,-315.89
-7.0788e-06,-4.0313e-05,-26970,-292.85
-7.804e-06,-3.5734e-05,-29722,-261.37
-9.5689e-06,-3.4293e-05,-36433,-253.25
-1.0329e-05,-3.3366e-05,-39325,-247.59
-1.2022e-05,-3.3908e-05,-45762,-253.38
-1.2784e-05,-3.8357e-05,-48667,-285.68
-1.4456e-05,-4.4206e-05,-55034,-328.92
-1.5202e-05,-4.865e-05,-57874,-361.17
-1.6841e-05,-6.0005e-05,-64124,-443.25
-1.7545e-05,-7.0956e-05,-66814,-521.39
-1.9117e-05,-8.2594e-05,-72806,-605.4
-1.9828e-05,-9.7128e-05,-75526,-708.85
-2.1398e-05,-0.00010595,-81509,-772.98
-2.2041e-05,-0.0001132,-83962,-824.91
-2.3586e-05,-0.00012407,-89855,-903.48
-2.4222e-05,-0.00013506,-92286,-981.77
-2.5661e-05,-0.00013963,-97763,-1015.8
-2.6298e-05,-0.00015255,-1.002e+05,-1107.8
-2.7605e-05,-0.00015865,-1.0518e+05,-1152.3
-2.8211e-05,-0.00017082,-1.075e+05,-1239
-2.9435e-05,-0.00017763,-1.1216e+05,-1288.5
-3.0025e-05,-0.00019009,-1.1442e+05,-1377.2
-3.1182e-05,-0.00019115,-1.1882e+05,-1386
-3.1727e-05,-0.00019122,-1.209e+05,-1387.1
-3.2744e-05,-0.00019077,-1.2477e+05,-1385.1
-3.3247e-05,-0.000205,-1.267e+05,-1486.2
-3.4135e-05,-0.00020099,-1.3007e+05,-1458.9
-3.4601e-05,-0.00020797,-1.3185e+05,-1508.8
-3.5402e-05,-0.00020152,-1.3489e+05,-1464.1
-3.5791e-05,-0.00019991,-1.3637e+05,-1453.2
-3.6482e-05,-0.00019419,-1.3899e+05,-1413.6
-3.6836e-05,-0.00018947,-1.4033e+05,-1380.7
-3.7379e-05,-0.00018142,-1.4239e+05,-1324.5
-3.768e-05,-0.00017937,-1.4353e+05,-1310.4
-3.8128e-05,-0.00016462,-1.4521e+05,-1206.8
-3.8351e-05,-0.00015594,-1.4605e+05,-1145.7
-3.8687e-05,-0.00014356,-1.4732e+05,-1058.7
-3.883e-05,-0.00014378,-1.4786e+05,-1060.4
-3.9057e-05,-0.0001276,-1.4870e+05,-946.45
-3.913e-05,-0.00012324,-1.4898e+05,-915.73
-3.9201e-05,-0.00011659,-1.4924e+05,-868.89
-3.9199e-05,-0.00012907,-1.4925e+05,-956.97
-3.9181e-05,-0.00010847,-1.4916e+05,-811.49
-3.9145e-05,-0.00011913,-1.4903e+05,-886.75
-3.902e-05,-0.00010515,-1.4854e+05,-787.91
-3.8923e-05,-0.00011421,-1.4818e+05,-851.77
-3.8668e-05,-0.00011704,-1.4722e+05,-871.39
-3.8555e-05,-0.00011718,-1.4678e+05,-872.32
-3.8209e-05,-0.00010508,-1.4545e+05,-786.45
-3.8029e-05,-0.00011743,-1.4478e+05,-873.44
-3.7565e-05,-0.00010311,-1.43e+05,-771.79
-3.7342e-05,-0.00010663,-1.4216e+05,-796.34
-3.6779e-05,-0.00010577,-1.4002e+05,-789.64
-3.65e-05,-0.00011188,-1.3896e+05,-832.47
-3.5882e-05,-0.00010643,-1.366e+05,-793.26
-3.5564e-05,-0.00011135,-1.354e+05,-827.62
-3.4909e-05,-0.00010564,-1.329e+05,-786.52
-3.4619e-05,-9.506e-05,-1.3178e+05,-711.5
-3.3969e-05,-9.8545e-05,-1.2932e+05,-735.34
-3.3671e-05,-8.7418e-05,-1.2817e+05,-656.42
-3.2973e-05,-8.9917e-05,-1.2552e+05,-673.26
-3.2572e-05,-8.7231e-05,-1.2399e+05,-653.82
-3.1752e-05,-7.7132e-05,-1.2086e+05,-581.56
-3.1268e-05,-8.5421e-05,-1.1903e+05,-639.52
-3.0267e-05,-7.9157e-05,-1.1521e+05,-594.13
-2.976e-05,-7.6727e-05,-1.1328e+05,-576.38
-2.8651e-05,-7.3201e-05,-1.0906e+05,-550.19
-2.8091e-05,-8.5132e-05,-1.0694e+05,-633.78
-2.6942e-05,-7.996e-05,-1.0256e+05,-595.92
-2.6295e-05,-0.00010094,-1.0013e+05,-743.28
-2.5075e-05,-0.00010427,-95494,-765.37
-2.4434e-05,-0.00012581,-93079,-916.71
-2.3118e-05,-0.00014905,-88103,-1079.3
-2.2426e-05,-0.00017997,-85504,-1296.8
-2.1109e-05,-0.00020488,-80525,-1471.1
-2.0376e-05,-0.00024089,-77780,-1724.5
-1.9386e-05,-0.0002623,-74050,-1873.8
-1.8616e-05,-0.00025972,-71131,-1853.6
-1.7504e-05,-0.00023799,-66862,-1699.9
-1.667e-05,-0.00021344,-63653,-1526.4
-1.563e-05,-0.0001853,-59664,-1326.5
-1.4336e-05,-0.00015738,-54708,-1127.8
-1.3295e-05,-0.00012702,-50712,-912.26
-1.2407e-05,-9.5157e-05,-47300,-686.27
-1.1079e-05,-5.3472e-05,-42198,-390.41
-1.0576e-05,-9.8528e-06,-40236,-81.86
-9.3535e-06,4.0878e-05,-35527,277.73
-8.7512e-06,0.00010089,-33186,700.86
-7.9885e-06,0.00019082,-29863,1357.5
-5.6427e-06,0.0003028,-18795,2268
-4.9615e-06,0.00042839,-13311,3308.5
9.6778e-07,0.00046467,13059,3755.6
3.4543e-06,0.00031565,20120,2573
3.8194e-06,0.00020277,18445,1618.8
3.8911e-06,0.00019374,18541,1546.3
3.5674e-06,0.00018613,16984,1477
3.3697e-06,0.00018276,16065,1445.4
3.1332e-06,0.00017929,14982,1412.3
2.8577e-06,0.00017636,13743,1382.8
2.5706e-06,0.0001732,12467,1351.7
2.1745e-06,0.00017064,10735,1323.3
1.8059e-06,0.00016765,9137,1292.7
1.2729e-06,0.00016538,6860.8,1264.8
8.9655e-07,0.00016277,5226.5,1236.4
6.0114e-07,0.00016141,4001.5,1221.9
2.5939e-07,0.00016011,2577.8,1206.3
-7.3833e-08,0.00015903,1195.3,1192.8
-4.7394e-07,0.00015801,-458,1178.8
-8.1808e-07,0.00015709,-1870.3,1166.8
-1.2475e-06,0.00015606,-3623.7,1153.1
-1.6201e-06,0.00015493,-5141.2,1139.6
-2.0263e-06,0.00015389,-6787.8,1126.7
-2.4085e-06,0.0001529,-8328.5,1114.7
-2.8649e-06,0.0001518,-10158,1101.5
-3.282e-06,0.00015069,-11821,1089.1
-3.7702e-06,0.00014979,-13759,1077.8
-4.1535e-06,0.00014842,-15279,1064.2
-4.6488e-06,0.00014743,-17229,1052.9
-5.083e-06,0.00014586,-18936,1038.3
-5.5764e-06,0.00014438,-20866,1024.1
-5.9892e-06,0.00014268,-22478,1009.1
-6.4593e-06,0.00014087,-24303,993.69
-6.8752e-06,0.00013943,-25912,981.36
-7.3925e-06,0.00013802,-27910,968.98
-7.8926e-06,0.00013654,-29833,956.72
-8.4144e-06,0.00013504,-31832,944.59
-8.9062e-06,0.00013343,-33713,932.09
-9.4725e-06,0.00013188,-35873,920.19
-9.8543e-06,0.00012997,-37328,906.16
-1.0506e-05,0.00012827,-39807,893.45
-1.1e-05,0.00012661,-41688,881.12
-1.1557e-05,0.00012618,-43807,877.46
-1.2051e-05,0.00012513,-45690,869.45
-1.2721e-05,0.00012387,-48238,859.8
-1.3193e-05,0.00012228,-50037,847.98
-1.3889e-05,0.00012087,-52686,837.23
-1.4344e-05,0.0001193,-54418,825.62
-1.505e-05,0.00011782,-57102,814.38
-1.5459e-05,0.00011617,-58660,802.28
-1.6162e-05,0.00011474,-61338,791.31
-1.6624e-05,0.00011296,-63097,778.22
-1.7355e-05,0.00011203,-65879,770.82
-1.7729e-05,0.00010936,-67302,751.52
-1.842e-05,0.00010796,-69933,740.84
-1.8951e-05,0.00010678,-71955,731.91
-1.9666e-05,0.00010447,-74678,714.75
-2.0116e-05,0.00010342,-76389,706.86
-2.0785e-05,0.00010185,-78936,695
-2.1357e-05,0.00010017,-81113,682.43
-2.2021e-05,9.8557e-05,-83640,670.29
-2.2557e-05,9.6809e-05,-85683,657.32
-2.3216e-05,9.5228e-05,-88191,645.4
-2.3708e-05,9.345e-05,-90065,632.28
-2.4346e-05,9.1819e-05,-92492,620.02
-2.4971e-05,9.0164e-05,-94871,607.61
-2.554e-05,8.8485e-05,-97039,595.09
-2.6096e-05,8.6814e-05,-99157,582.65
-2.6703e-05,8.5113e-05,-1.0146e+05,569.94
-2.7294e-05,8.3406e-05,-1.0372e+05,557.2
-2.7864e-05,8.1703e-05,-1.0589e+05,544.51
-2.836e-05,7.9925e-05,-1.0777e+05,531.39
-2.8868e-05,7.8129e-05,-1.0971e+05,518.11
-2.953e-05,7.6556e-05,-1.1223e+05,506.24
-3.001e-05,7.4706e-05,-1.1406e+05,492.61
-3.0635e-05,7.3091e-05,-1.1643e+05,480.49
-3.1107e-05,7.1249e-05,-1.1823e+05,466.93
-3.1664e-05,6.9519e-05,-1.2036e+05,454.07
-3.2152e-05,6.7681e-05,-1.2221e+05,440.53
-3.266e-05,6.5954e-05,-1.2415e+05,427.74
-3.3092e-05,6.4034e-05,-1.2579e+05,413.68
-3.37e-05,6.2349e-05,-1.2811e+05,401.08
-3.4194e-05,6.0298e-05,-1.2999e+05,386.02
-3.5297e-05,5.7381e-05,-1.3419e+05,364.15
-3.5922e-05,5.3838e-05,-1.3657e+05,338.4
-3.6951e-05,5.0612e-05,-1.4049e+05,314.43
-3.7546e-05,4.6771e-05,-1.4275e+05,286.62
-3.8585e-05,4.3679e-05,-1.4671e+05,263.58
-3.9167e-05,3.9744e-05,-1.4893e+05,235.12
-4.0641e-05,3.713e-05,-1.5454e+05,214.94
-4.1271e-05,1.7426e-05,-1.5696e+05,75.07
-4.1369e-05,-0.00016482,-1.5754e+05,-1212
-4.1395e-05,-0.00071841,-1.579e+05,-5148.9
-1.7817e-05,-0.0018776,-53221,-14015
