-3.0143e-05,-0.0023682,-1.6266e+05,-26143
-2.8604e-05,-0.0015339,-1.3115e+05,-17929
-2.7842e-05,-0.00081857,-1.26e+05,-9594.7
-3.1294e-05,-0.0002673,-1.3311e+05,-3495.2
-3.164e-05,4.0402e-05,-1.2826e+05,-211.53
-2.8653e-05,0.00021225,-1.1258e+05,1686.9
-2.8652e-05,0.00026674,-1.1147e+05,2269.6
-2.8376e-05,0.00027339,-1.1020e+05,2346.4
-2.7896e-05,0.00025148,-1.0869e+05,2121.8
-2.7466e-05,0.00021992,-1.0758e+05,1793.1
-2.6851e-05,0.00018774,-1.0572e+05,1461.4
-2.6468e-05,0.00015558,-1.0482e+05,1125.4
-2.5558e-05,0.00012146,-1.018e+05,778.95
-2.6127e-05,8.4276e-05,-1.0487e+05,369.79
-2.3584e-05,4.0444e-05,-95389,-47.223
-2.3412e-05,1.3331e-06,-95486,-461.98
-2.2959e-05,-1.4496e-05,-93958,-622.03
-2.2115e-05,-1.8928e-05,-90605,-652.26
-2.1394e-05,-2.1562e-05,-87715,-665.74
-2.2365e-05,-1.5629e-05,-91558,-622.06
-1.981e-05,-8.6312e-06,-80989,-495.25
-2.0065e-05,-1.2963e-05,-82120,-546.77
-1.9541e-05,-8.8831e-06,-79900,-492.49
-1.9385e-05,-1.7981e-06,-79120,-413.56
-1.8911e-05,5.036e-07,-77137,-379.3
-1.8447e-05,5.5183e-06,-75143,-316.23
-1.7936e-05,7.4606e-06,-73021,-285.08
-1.7646e-05,9.5389e-06,-71794,-256.95
-1.7196e-05,3.8957e-06,-70075,-308.15
-1.7333e-05,1.1446e-06,-70689,-340.35
-1.6841e-05,7.1312e-06,-68561,-266.33
-1.6345e-05,1.6013e-05,-66356,-161.27
-1.5389e-05,2.5091e-05,-62272,-44.757
-1.5298e-05,2.2487e-05,-61951,-70.734
-1.5266e-05,2.9958e-05,-61670,9.7965
-1.3552e-05,4.0208e-05,-54468,154.28
-1.3149e-05,2.9845e-05,-53038,51.64
-1.3023e-05,2.6907e-05,-52581,22.792
-1.2207e-05,2.9186e-05,-49207,63.764
-1.1863e-05,3.2315e-05,-47739,104.23
-1.1122e-05,3.2511e-05,-44712,121.39
-1.1123e-05,4.2959e-05,-44503,233.09
-1.0385e-05,5.4453e-05,-41260,371
-1.0443e-05,6.4285e-05,-41296,474.95
-9.8148e-06,7.2944e-05,-38558,580.31
-9.9544e-06,8.3496e-05,-38913,690.3
-9.3972e-06,9.2068e-05,-36465,793.29
-9.3308e-06,0.00010086,-36015,888.67
-8.9426e-06,0.00010753,-34296,967.9
-9.0784e-06,0.00011478,-34703,1042.6
-8.5338e-06,0.00012131,-32367,1122.1
-8.4441e-06,0.00013004,-31901,1211.9
-8.0195e-06,0.00013654,-30176,1280.8
-8.1567e-06,0.00013866,-30695,1300.4
-7.7469e-06,0.00014439,-29006,1364
-7.9783e-06,0.00014887,-29854,1407.6
-7.0891e-06,0.00015499,-26186,1487.6
-7.1981e-06,0.00014844,-26740,1416.2
-6.9668e-06,0.00014621,-25836,1397.5
-7.001e-06,0.00013889,-26078,1320.9
-6.7726e-06,0.00013448,-25215,1279.8
-6.9187e-06,0.00012388,-25944,1168
-6.7638e-06,0.0001165,-25412,1095.4
-6.989e-06,0.00010308,-26455,957.25
-6.8182e-06,9.3741e-05,-25909,863.65
-7.1063e-06,8.085e-05,-27346,719.95
-7.0527e-06,7.1443e-05,-27319,620.47
-7.4008e-06,6.2356e-05,-28923,516.22
-7.4441e-06,5.5692e-05,-29236,444.09
-7.6528e-06,4.4612e-05,-30312,321.36
-7.7733e-06,4.0456e-05,-30888,274.48
-8.3228e-06,3.7333e-05,-33194,229.91
-8.4051e-06,3.9238e-05,-33490,248.6
-9.0916e-06,4.2918e-05,-36216,273.98
-9.2557e-06,5.2543e-05,-36690,373.56
-1.0083e-05,6.9296e-05,-39724,535.88
-9.9718e-06,8.5865e-05,-38933,715.32
-1.0998e-05,7.0466e-05,-43432,529.79
-1.1229e-05,6.341e-05,-44517,449.65
-1.1931e-05,5.3427e-05,-47587,328.61
-1.2214e-05,5.2956e-05,-48751,317.82
-1.3117e-05,4.1819e-05,-52659,180.37
-1.3516e-05,3.7564e-05,-54374,126.75
-1.4409e-05,2.679e-05,-58236,-6.6143
-1.4898e-05,2.8698e-05,-60192,3.8359
-1.5775e-05,2.0509e-05,-63936,-101.56
-1.6194e-05,2.4312e-05,-65568,-69.419
-1.7288e-05,2.721e-05,-69971,-60.679
-1.7731e-05,3.5571e-05,-71612,19.699
-1.8956e-05,1.4846e-05,-77031,-226.84
-1.9416e-05,7.4512e-06,-79057,-315.26
-2.0358e-05,-9.4719e-06,-83245,-515.4
-2.0956e-05,-1.5741e-05,-85812,-594.6
-2.1797e-05,-2.8398e-05,-89502,-747.06
-2.248e-05,-3.6326e-05,-92447,-845.72
-2.341e-05,-4.7863e-05,-96478,-988.03
-2.4114e-05,-5.2507e-05,-99444,-1052
-2.5035e-05,-6.6662e-05,-1.0349e+05,-1222.1
-2.5704e-05,-7.2209e-05,-1.0633e+05,-1295
-2.66e-05,-7.9151e-05,-1.1013e+05,-1387.5
-2.7285e-05,-7.2532e-05,-1.1279e+05,-1330.7
-2.8096e-05,-7.8764e-05,-1.1622e+05,-1413.8
-2.8727e-05,-8.2722e-05,-1.1888e+05,-1469
-2.9718e-05,-8.0249e-05,-1.2287e+05,-1462.7
-3.0488e-05,-8.1986e-05,-1.2605e+05,-1496.9
-3.1205e-05,-9.5501e-05,-1.2925e+05,-1656
-3.1834e-05,-9.7079e-05,-1.3185e+05,-1685.7
-3.2526e-05,-0.00010666,-1.3486e+05,-1802.2
-3.3177e-05,-0.00010099,-1.3741e+05,-1754.9
-3.3845e-05,-0.00010491,-1.4021e+05,-1810.4
-3.4489e-05,-0.00010366,-1.4281e+05,-1810.1
-3.5064e-05,-0.00010442,-1.4517e+05,-1829.9
-3.5653e-05,-9.7822e-05,-1.4744e+05,-1771.4
-3.6152e-05,-9.7963e-05,-1.4948e+05,-1783
-3.6728e-05,-9.6049e-05,-1.518e+05,-1774.3
-3.7128e-05,-9.1671e-05,-1.5334e+05,-1735.6
-3.7608e-05,-8.4855e-05,-1.5516e+05,-1672.5
-3.7974e-05,-8.497e-05,-1.5665e+05,-1681.2
-3.8353e-05,-9.5748e-05,-1.5842e+05,-1804.1
-3.8581e-05,-8.8291e-05,-1.592e+05,-1729
-3.8904e-05,-9.6132e-05,-1.6067e+05,-1819.5
-3.897e-05,-8.0007e-05,-1.6062e+05,-1648.3
-3.9181e-05,-8.2814e-05,-1.6153e+05,-1682.7
-3.9203e-05,-8.9312e-05,-1.6176e+05,-1752.6
-3.9483e-05,-8.4106e-05,-1.6279e+05,-1702.6
-3.9379e-05,-7.5672e-05,-1.622e+05,-1610.3
-3.9828e-05,-8.1833e-05,-1.6415e+05,-1685.3
-3.9174e-05,-7.1354e-05,-1.6127e+05,-1560
-3.9567e-05,-6.4289e-05,-1.6273e+05,-1492.4
-3.9472e-05,-6.6433e-05,-1.6239e+05,-1513.4
-3.9683e-05,-6.8923e-05,-1.633e+05,-1544.3
-3.9428e-05,-6.8734e-05,-1.6226e+05,-1537.1
-3.889e-05,-7.9671e-05,-1.6028e+05,-1643.1
-3.9111e-05,-7.3503e-05,-1.6106e+05,-1581.7
-3.9042e-05,-6.3445e-05,-1.6057e+05,-1472.7
-3.8886e-05,-7.0067e-05,-1.6007e+05,-1540.3
-3.8823e-05,-6.0027e-05,-1.5961e+05,-1431.7
-3.8447e-05,-6.6685e-05,-1.5821e+05,-1495.2
-3.7989e-05,-6.4544e-05,-1.563e+05,-1463
-3.9176e-05,-4.966e-05,-1.6084e+05,-1328
-3.801e-05,-7.0309e-05,-1.565e+05,-1525.1
-3.7126e-05,-7.0668e-05,-1.529e+05,-1510.9
-3.7059e-05,-6.3127e-05,-1.5247e+05,-1428.9
-3.6444e-05,-5.6906e-05,-1.4984e+05,-1349.9
-3.7649e-05,-6.1797e-05,-1.5486e+05,-1426.7
-3.5288e-05,-6.6455e-05,-1.4532e+05,-1428.5
-3.4718e-05,-8.2158e-05,-1.4331e+05,-1584.8
-3.4174e-05,-7.7303e-05,-1.4099e+05,-1521.8
-3.3807e-05,-8.8181e-05,-1.3971e+05,-1630.7
-3.2918e-05,-9.6494e-05,-1.3626e+05,-1701.5
-3.2253e-05,-0.0001037,-1.3369e+05,-1765
-3.1517e-05,-0.00010475,-1.3071e+05,-1761.3
-3.089e-05,-0.00011702,-1.284e+05,-1879.8
-2.9801e-05,-0.00011422,-1.239e+05,-1827.7
-2.9554e-05,-0.00010069,-1.2262e+05,-1678
-2.8663e-05,-8.7284e-05,-1.1871e+05,-1516.4
-2.8148e-05,-7.5055e-05,-1.1636e+05,-1375.2
-2.7499e-05,-6.5676e-05,-1.1352e+05,-1261.7
-2.5918e-05,-5.8082e-05,-1.0692e+05,-1148.3
-2.7226e-05,-4.645e-05,-1.1202e+05,-1050.5
-2.4059e-05,-4.4126e-05,-99048,-961.26
-2.5202e-05,-4.031e-05,-1.0363e+05,-943.71
-2.2662e-05,-4.4419e-05,-93356,-935.98
-2.1349e-05,-5.1135e-05,-88133,-981.08
-2.237e-05,-5.8968e-05,-92458,-1085.6
-1.7569e-05,-9.859e-05,-73681,-1411.7
-1.8281e-05,-0.0001494,-77617,-1969.6
-1.5085e-05,-0.0002209,-65997,-2672.1
-1.7419e-06,-0.00022929,-8313.7,-2682.9
2.3907e-06,8.7364e-05,11881,999.96
3.7553e-06,0.00015852,21184,1901.3
4.3878e-06,0.0001576,24023,1915.5
5.5161e-06,0.00015468,29112,1926.5
6.0211e-06,0.00015086,31318,1901.7
6.8206e-06,0.00014611,34911,1876.8
6.8806e-06,0.0001437,35114,1850.1
7.2675e-06,0.00014027,36834,1824
7.4149e-06,0.00013749,37430,1796.6
7.6166e-06,0.00013459,38288,1769.6
7.4725e-06,0.00013271,37534,1741.5
7.6146e-06,0.00013015,38118,1716.4
7.59e-06,0.00012885,37952,1700.1
7.6941e-06,0.00012724,38394,1684.6
7.4769e-06,0.0001265,37329,1667.9
7.5374e-06,0.00012492,37546,1652.1
7.3553e-06,0.00012386,36619,1633.9
7.435e-06,0.00012232,36936,1619.4
7.2951e-06,0.00012135,36264,1601.1
7.2283e-06,0.00012007,35903,1583.7
7.1468e-06,0.00011881,35466,1566.1
6.9836e-06,0.00011829,34734,1550.8
6.8727e-06,0.00011716,34182,1533.1
6.6671e-06,0.0001162,33184,1514.2
6.4843e-06,0.0001156,32304,1500.4
6.3359e-06,0.00011457,31578,1483
6.1188e-06,0.00011366,30529,1464.4
5.949e-06,0.00011293,29716,1449.8
5.6829e-06,0.0001125,28462,1435.3
5.4546e-06,0.00011199,27389,1421.3
5.3559e-06,0.00011087,26904,1404.8
5.0732e-06,0.00011018,25587,1387
4.9456e-06,0.00010909,24976,1370.1
4.755e-06,0.00010813,24081,1352.6
4.5848e-06,0.00010713,23276,1335.3
4.2887e-06,0.00010637,21912,1316.8
4.2861e-06,0.00010494,21872,1300.7
3.8939e-06,0.0001043,20085,1280.7
3.6824e-06,0.00010342,19111,1263.9
3.4059e-06,0.00010247,17851,1244.4
3.2175e-06,0.00010135,16980,1225.8
2.7721e-06,0.00010083,14980,1205.6
2.5221e-06,9.9724e-05,13841,1185.1
2.0366e-06,9.9286e-05,11683,1164.8
1.7757e-06,9.8354e-05,10506,1146
1.4317e-06,9.7699e-05,8984.9,1128.1
1.2815e-06,9.6935e-05,8314,1115.1
9.3835e-07,9.6178e-05,6801.3,1096.4
6.743e-07,9.5221e-05,5632.9,1078
2.4399e-07,9.4631e-05,3758.9,1058.8
8.456e-08,9.3461e-05,3045.5,1041.4
-2.9921e-07,9.2747e-05,1377.5,1022.4
-4.8879e-07,9.1599e-05,537.57,1004.5
-6.4183e-07,9.0312e-05,-144.85,986.24
-1.0622e-06,8.9765e-05,-1962.8,967.78
-1.4656e-06,8.9092e-05,-3701.6,948.71
-1.7163e-06,8.8066e-05,-4794.1,930.31
-2.3053e-06,8.7827e-05,-7300.9,910.82
-2.7215e-06,8.7235e-05,-9075.4,892.62
-3.111e-06,8.6489e-05,-10733,873.81
-3.2607e-06,8.5244e-05,-11393,856.11
-3.7874e-06,8.4792e-05,-13608,837.19
-4.2763e-06,8.4307e-05,-15656,819.37
-4.6174e-06,8.3418e-05,-17092,801.25
-4.7795e-06,8.2153e-05,-17792,783.56
-5.3143e-06,8.1619e-05,-20009,765.39
-5.8527e-06,8.1103e-05,-22226,748.18
-6.3204e-06,8.0394e-05,-24148,731.08
-6.571e-06,7.9286e-05,-25193,714.14
-6.9574e-06,7.8301e-05,-26789,695.75
-7.3199e-06,7.7353e-05,-28288,678.23
-7.8602e-06,7.6806e-05,-30503,661.39
-8.1743e-06,7.5772e-05,-31805,643.96
-8.5632e-06,7.4897e-05,-33409,626.69
-9.0082e-06,7.4157e-05,-35240,609.73
-9.488e-06,7.3515e-05,-37211,593.11
-9.6956e-06,7.2275e-05,-38082,575.62
-1.0112e-05,7.1512e-05,-39798,558.99
-1.0658e-05,7.0933e-05,-42036,541.69
-1.1178e-05,7.0236e-05,-44170,523.68
-1.21e-05,6.9009e-05,-47957,491.81
-1.2768e-05,6.7533e-05,-50713,462.43
-1.3945e-05,6.6963e-05,-55526,432.4
-1.4883e-05,6.6179e-05,-59368,404.94
-1.5725e-05,6.4885e-05,-62832,373.97
-1.6944e-05,6.4668e-05,-67808,346.86
-1.8281e-05,6.4119e-05,-73274,313.8
-1.9745e-05,5.1694e-05,-79501,151.15
-2.0524e-05,-7.9641e-05,-85347,-1269.1
-2.1211e-05,-0.00040462,-94601,-4770.4
-2.1939e-05,-0.0011566,-99303,-13618
