-1.4233e-05,-0.00057789,-65657,-6727.3
-1.2205e-05,-0.0004562,-56556,-5284.5
-1.3065e-05,-0.00027739,-58711,-3247.9
-1.741e-05,-0.00012972,-73662,-1741.3
-1.8005e-05,-3.861e-05,-74237,-779.11
-1.6391e-05,-3.3607e-06,-66935,-369.35
-1.7096e-05,2.0504e-05,-69325,-128.48
-1.8131e-05,2.9241e-05,-73371,-56.111
-1.8336e-05,3.559e-05,-74077,7.62
-1.8885e-05,3.6236e-05,-76306,3.3378
-1.897e-05,3.5624e-05,-76662,-4.9136
-1.948e-05,3.2898e-05,-78799,-44.446
-1.9493e-05,2.8008e-05,-78951,-96.993
-2.0967e-05,1.6498e-05,-85199,-250.06
-1.8876e-05,-2.8216e-06,-77061,-414.12
-1.996e-05,-2.2304e-05,-81883,-644.52
-2.0054e-05,-2.7934e-05,-82380,-706.64
-2.0288e-05,-2.6963e-05,-83314,-701.01
-2.0198e-05,-2.834e-05,-82974,-713.9
-2.1954e-05,-2.261e-05,-90021,-688.35
-1.9908e-05,-2.059e-05,-81634,-625.13
-2.1081e-05,-2.6208e-05,-86534,-709.07
-2.093e-05,-2.6012e-05,-85912,-703.89
-2.1484e-05,-2.145e-05,-88082,-666.39
-2.1411e-05,-2.3459e-05,-87827,-686.39
-2.1653e-05,-2.0518e-05,-88754,-659.87
-2.1544e-05,-2.0023e-05,-88299,-652.35
-2.1706e-05,-1.6502e-05,-88886,-617.99
-2.138e-05,-2.1453e-05,-87659,-664.31
-2.1706e-05,-2.3639e-05,-89033,-694.32
-2.1621e-05,-2.7055e-05,-88753,-729.1
-2.1607e-05,-2.3425e-05,-88624,-690.01
-2.1436e-05,-2.1974e-05,-87896,-671.02
-2.1719e-05,-2.733e-05,-89159,-734.05
-2.2183e-05,-2.1032e-05,-90925,-676.14
-2.0935e-05,-8.466e-06,-85580,-516.38
-2.0875e-05,-2.2676e-05,-85621,-667.1
-2.1091e-05,-2.6389e-05,-86577,-711.2
-2.0719e-05,-2.1595e-05,-84963,-652.38
-2.0609e-05,-1.6939e-05,-84421,-600.35
-2.0255e-05,-2.1617e-05,-83069,-643.17
-2.0206e-05,-2.2483e-05,-82890,-651.44
-1.9897e-05,-1.971e-05,-81571,-615.5
-1.9809e-05,-2.1315e-05,-81246,-630.87
-1.9589e-05,-2.3135e-05,-80385,-645.85
-1.9408e-05,-2.0075e-05,-79585,-609.46
-1.924e-05,-1.8162e-05,-78862,-585.58
-1.8897e-05,-1.6627e-05,-77429,-562.18
-1.8826e-05,-1.7072e-05,-77147,-565.49
-1.8667e-05,-1.9529e-05,-76550,-588.54
-1.8299e-05,-1.9391e-05,-75047,-579.59
-1.8018e-05,-1.5226e-05,-73813,-529.31
-1.7574e-05,-1.1917e-05,-71935,-484.9
-1.7536e-05,-1.7995e-05,-71906,-549.13
-1.7051e-05,-1.1675e-05,-69796,-471.67
-1.7097e-05,-3.8511e-06,-69825,-388.95
-1.6043e-05,1.332e-05,-65176,-183.89
-1.5865e-05,3.5707e-06,-64650,-284.54
-1.541e-05,8.2547e-06,-62697,-225.19
-1.5115e-05,5.5555e-06,-61547,-248.04
-1.4601e-05,1.3298e-05,-59295,-154.8
-1.438e-05,8.5024e-06,-58491,-201.59
-1.3884e-05,1.5108e-05,-56331,-120.85
-1.3696e-05,9.1778e-06,-55685,-180.44
-1.3145e-05,1.3643e-05,-53348,-121.49
-1.2975e-05,9.3115e-06,-52744,-164.36
-1.2533e-05,1.3754e-05,-50849,-107.86
-1.2401e-05,1.6402e-05,-50258,-76.872
-1.2027e-05,2.4263e-05,-48572,14.803
-1.1668e-05,1.8684e-05,-47220,-37.548
-1.1317e-05,2.4133e-05,-45677,27.86
-1.1174e-05,1.9356e-05,-45189,-20.307
-1.0805e-05,2.1798e-05,-43636,13.294
-1.0697e-05,2.1338e-05,-43203,10.586
-1.0373e-05,2.8829e-05,-41731,97.272
-1.0395e-05,4.2274e-05,-41547,240.59
-9.8191e-06,5.6977e-05,-38898,409.53
-9.9784e-06,4.1227e-05,-39868,237.88
-9.7869e-06,3.421e-05,-39229,166.74
-9.5654e-06,2.6266e-05,-38487,86.29
-9.4006e-06,2.6682e-05,-37806,94.101
-9.4006e-06,1.801e-05,-37983,1.3654
-9.362e-06,1.5077e-05,-37885,-29.213
-9.3582e-06,1.0309e-05,-37966,-80.117
-9.3822e-06,1.4581e-05,-37978,-34.92
-9.3702e-06,1.7551e-05,-37868,-2.9262
-9.3813e-06,2.9965e-05,-37661,129.59
-9.5751e-06,4.4045e-05,-38165,276.21
-9.6333e-06,6.0078e-05,-38076,446.46
-9.9667e-06,4.6506e-05,-39712,294.56
-1.005e-05,4.0999e-05,-40166,233.98
-1.0105e-05,2.878e-05,-40638,102.2
-1.0296e-05,2.6139e-05,-41470,70.076
-1.032e-05,2.007e-05,-41691,4.6948
-1.0621e-05,2.0556e-05,-42910,3.7716
-1.081e-05,1.6889e-05,-43756,-39.294
-1.115e-05,1.9917e-05,-45080,-13.828
-1.1364e-05,1.2995e-05,-46094,-92.189
-1.1665e-05,1.3755e-05,-47305,-90.182
-1.1888e-05,1.0231e-05,-48289,-132.42
-1.2232e-05,1.7888e-05,-49535,-57.524
-1.2444e-05,1.4447e-05,-50469,-98.631
-1.2751e-05,1.8649e-05,-51636,-59.938
-1.3223e-05,2.2732e-05,-53482,-25.902
-1.3698e-05,2.6016e-05,-55350,-0.42413
-1.3935e-05,1.3427e-05,-56573,-139.86
-1.4311e-05,1.2355e-05,-58130,-158.98
-1.4582e-05,3.0754e-06,-59425,-263.73
-1.4996e-05,7.6889e-06,-61020,-222.81
-1.5319e-05,2.63e-06,-62442,-283.49
-1.5758e-05,4.1745e-06,-64200,-275.89
-1.6041e-05,-2.0107e-06,-65482,-347.8
-1.6469e-05,4.6585e-07,-67176,-330.01
-1.6744e-05,-5.6292e-06,-68424,-400.79
-1.7211e-05,-4.7309e-06,-70310,-400.68
-1.7435e-05,-9.9579e-06,-71331,-461.14
-1.7846e-05,-7.0403e-06,-72947,-438.3
-1.812e-05,-1.2282e-05,-74169,-499.9
-1.847e-05,-1.8495e-05,-75725,-573.47
-1.8659e-05,-2.3465e-05,-76598,-630.47
-1.8985e-05,-2.8013e-05,-78021,-685.74
-1.9081e-05,-2.0978e-05,-78270,-612.47
-1.9337e-05,-2.1028e-05,-79312,-618.18
-1.9464e-05,-2.7771e-05,-79970,-692.9
-1.9808e-05,-2.407e-05,-81299,-660.32
-1.9859e-05,-2.2911e-05,-81482,-648.96
-2.0387e-05,-2.3278e-05,-83644,-663.62
-1.9948e-05,-2.0427e-05,-81793,-624.2
-2.0444e-05,-1.1623e-05,-83640,-540.15
-2.0616e-05,-1.4127e-05,-84391,-570.42
-2.0959e-05,-1.3318e-05,-85773,-568.74
-2.0993e-05,-1.5718e-05,-85961,-595.1
-2.0617e-05,-2.3821e-05,-84591,-674.09
-2.1144e-05,-2.0153e-05,-86666,-645.59
-2.122e-05,-1.494e-05,-86872,-591.4
-2.1373e-05,-1.9248e-05,-87584,-640.58
-2.1458e-05,-1.4422e-05,-87834,-590.71
-2.1421e-05,-1.9267e-05,-87780,-641.76
-2.1162e-05,-1.7881e-05,-86696,-621.68
-2.2742e-05,-7.4782e-06,-92931,-542.58
-2.1818e-05,-2.3033e-05,-89475,-690.1
-2.1415e-05,-2.6019e-05,-87895,-713.85
-2.1596e-05,-1.9558e-05,-88501,-648.44
-2.1522e-05,-1.5354e-05,-88111,-601.96
-2.2995e-05,-1.5013e-05,-94117,-628.3
-2.1202e-05,-2.3945e-05,-86982,-687.33
-2.0949e-05,-3.1455e-05,-86104,-762.5
-2.101e-05,-2.8456e-05,-86291,-731.67
-2.096e-05,-3.2925e-05,-86176,-778.43
-2.0734e-05,-3.4724e-05,-85290,-793.07
-2.0413e-05,-3.2432e-05,-83934,-762.02
-2.0372e-05,-2.7232e-05,-83664,-705.61
-2.0125e-05,-2.6443e-05,-82637,-692.12
-1.9724e-05,-1.5467e-05,-80779,-566.6
-1.9793e-05,3.9829e-06,-80665,-360.02
-1.9649e-05,2.0221e-05,-79747,-183.45
-1.9548e-05,3.2368e-05,-79088,-51.501
-1.9288e-05,3.7746e-05,-77916,11.312
-1.8396e-05,4.1482e-05,-74203,69.392
-2.0052e-05,4.6866e-05,-80848,93.289
-1.7338e-05,4.1755e-05,-69882,93.83
-1.9124e-05,2.8008e-05,-77449,-89.507
-1.6789e-05,4.8714e-06,-68394,-289.42
-1.6161e-05,-2.8276e-05,-66503,-631.09
-1.7984e-05,-7.0899e-05,-74808,-1124
-1.3674e-05,-0.00017727,-59391,-2173.8
-1.5565e-05,-0.00032067,-69763,-3763.5
-1.2327e-05,-0.00049864,-57174,-5785.3
-2.8923e-06,-0.00054856,-14224,-6415.3
-1.234e-06,-0.00013014,-7040.9,-1454.2
-2.2628e-07,4.8988e-05,203.04,526.54
2.112e-07,5.5891e-05,2207.3,613.45
1.4001e-06,5.9791e-05,7363.1,690.4
1.8538e-06,5.8442e-05,9275.9,689.04
2.7164e-06,5.5955e-05,12954,687.69
2.8111e-06,5.5603e-05,13374,686.34
3.3029e-06,5.4187e-05,15517,684.99
3.6299e-06,5.3156e-05,16933,683.63
3.9992e-06,5.2078e-05,18568,682.28
4.1416e-06,5.1632e-05,19207,680.96
4.4478e-06,5.0743e-05,20569,679.65
4.5689e-06,5.0358e-05,21104,678.91
4.834e-06,4.9621e-05,22296,678.13
4.7738e-06,4.9634e-05,22004,677.39
5.0145e-06,4.882e-05,23053,676.63
4.9914e-06,4.8385e-05,22856,675.87
5.2697e-06,4.7493e-05,24090,675.12
5.2914e-06,4.7306e-05,24178,674.36
5.4557e-06,4.66e-05,24878,673.61
5.523e-06,4.6081e-05,25122,672.86
5.5676e-06,4.5959e-05,25345,672.11
5.6594e-06,4.5415e-05,25712,671.35
5.7151e-06,4.4994e-05,25921,670.6
5.7097e-06,4.5088e-05,25934,669.85
5.8097e-06,4.4581e-05,26351,669.1
5.7669e-06,4.4916e-05,26221,668.34
5.8371e-06,4.5095e-05,26628,667.59
5.7577e-06,4.5855e-05,26388,666.84
5.7337e-06,4.6604e-05,26413,666.1
5.8261e-06,4.6333e-05,26837,665.36
5.8682e-06,4.617e-05,27030,664.6
5.962e-06,4.5883e-05,27465,663.85
6.0296e-06,4.5665e-05,27778,663.1
6.0583e-06,4.5538e-05,27908,662.36
6.0603e-06,4.547e-05,27916,661.6
6.2012e-06,4.5086e-05,28570,660.86
6.1928e-06,4.5043e-05,28529,660.11
6.2035e-06,4.4959e-05,28576,659.37
6.2237e-06,4.4853e-05,28668,658.62
6.2727e-06,4.4675e-05,28896,657.88
6.1679e-06,4.4849e-05,28406,657.13
6.1879e-06,4.4742e-05,28497,656.39
6.0674e-06,4.4954e-05,27934,655.64
6.0356e-06,4.4957e-05,27786,654.9
6.0197e-06,4.493e-05,27711,654.15
6.1248e-06,4.4634e-05,28196,653.42
6.1125e-06,4.4602e-05,28137,652.68
6.1291e-06,4.4493e-05,28215,651.92
6.0778e-06,4.4548e-05,27974,651.18
6.1476e-06,4.4333e-05,28296,650.45
6.1301e-06,4.4309e-05,28213,649.71
6.2158e-06,4.4043e-05,28614,648.95
6.4017e-06,4.3568e-05,29478,648.22
6.2829e-06,4.3785e-05,28918,647.49
6.2511e-06,4.3791e-05,28769,646.75
6.312e-06,4.3584e-05,29054,646.01
6.1258e-06,4.394e-05,28184,645.27
6.002e-06,4.4158e-05,27607,644.54
5.9989e-06,4.4101e-05,27591,643.8
6.1039e-06,4.3803e-05,28077,643.06
5.9693e-06,4.4045e-05,27450,642.33
5.7965e-06,4.4375e-05,26648,641.59
5.8145e-06,4.4273e-05,26730,640.86
5.9429e-06,4.3914e-05,27324,640.12
5.7846e-06,4.4215e-05,26588,639.38
5.5725e-06,4.4639e-05,25608,638.65
5.4858e-06,4.4777e-05,25208,637.92
5.4867e-06,4.4714e-05,25210,637.18
5.4198e-06,4.4805e-05,24903,636.45
5.4069e-06,4.477e-05,24842,635.72
5.1816e-06,4.5235e-05,23810,634.99
5.2086e-06,4.5113e-05,23930,634.25
5.1331e-06,4.5224e-05,23584,633.51
4.9962e-06,4.5476e-05,22960,632.78
4.8019e-06,4.5876e-05,22075,632.05
4.9149e-06,4.5542e-05,22586,631.32
4.7547e-06,4.5862e-05,21858,630.58
4.577e-06,4.622e-05,21055,629.86
4.3632e-06,4.6663e-05,20089,629.07
4.1224e-06,4.6999e-05,18979,627.73
3.8538e-06,4.7463e-05,17758,626.4
3.3128e-06,4.874e-05,15372,625.14
2.7528e-06,5.0197e-05,12960,623.83
2.5848e-06,5.0551e-05,12232,622.53
1.7739e-06,5.2614e-05,8775.9,621.22
1.4195e-06,5.3413e-05,7274.6,619.9
3.1274e-07,5.5067e-05,2616,607.02
-6.5365e-08,5.2103e-05,917.02,563.86
-9.6782e-07,1.9477e-05,-3676.4,180.37
-2.8694e-06,-0.00019126,-14596,-2163.3
