-2.2747e-05,-0.0014141,-1.0433e+05,-16547
-1.9836e-05,-0.00098164,-89936,-11555
-1.9902e-05,-0.00053598,-90382,-6249.6
-2.3778e-05,-0.00018724,-1.0081e+05,-2485.9
-2.4203e-05,4.537e-06,-98648,-443.81
-2.1865e-05,0.0001016,-87132,641.73
-2.2194e-05,0.00013707,-87754,1014.3
-2.2595e-05,0.0001425,-89281,1064.2
-2.2422e-05,0.00013538,-88719,991.65
-2.2578e-05,0.00012124,-89644,837.19
-2.2227e-05,0.000106,-88520,681.35
-2.2196e-05,9.0317e-05,-88711,514.33
-2.1745e-05,7.2596e-05,-87231,334
-2.2731e-05,4.9017e-05,-91737,61.789
-2.0478e-05,1.8397e-05,-83166,-219.81
-2.0671e-05,-9.8763e-06,-84530,-526.09
-2.0364e-05,-1.9487e-05,-83471,-622.6
-1.9924e-05,-2.0492e-05,-81699,-624.42
-1.9504e-05,-2.1928e-05,-80016,-631.23
-2.0847e-05,-1.6356e-05,-85377,-598.95
-1.8472e-05,-1.1729e-05,-75596,-501.17
-1.9088e-05,-1.6727e-05,-78210,-567.14
-1.8739e-05,-1.5188e-05,-76758,-543.6
-1.8896e-05,-1.0546e-05,-77304,-497.15
-1.8637e-05,-1.044e-05,-76242,-490.73
-1.851e-05,-6.5789e-06,-75647,-446.88
-1.8177e-05,-3.502e-06,-74224,-407.19
-1.8056e-05,6.2459e-07,-73647,-360.6
-1.7578e-05,-1.2688e-06,-71736,-371.13
-1.7559e-05,-1.8893e-06,-71671,-377.38
-1.735e-05,-1.9277e-06,-70820,-373.54
-1.7e-05,2.9921e-06,-69291,-313.81
-1.6697e-05,6.616e-06,-67984,-268.91
-1.6767e-05,3.8379e-06,-68325,-300.04
-1.7053e-05,1.3015e-05,-69305,-207.72
-1.5609e-05,2.5736e-05,-63157,-42.328
-1.5415e-05,1.6375e-05,-62556,-138.49
-1.5512e-05,1.4902e-05,-62981,-156.2
-1.4991e-05,2.0963e-05,-60731,-80.799
-1.4746e-05,2.5051e-05,-59648,-32.086
-1.4326e-05,2.4695e-05,-57940,-27.351
-1.4167e-05,2.432e-05,-57302,-28.138
-1.3769e-05,2.8575e-05,-55592,25.447
-1.3641e-05,2.7273e-05,-55096,14.134
-1.3338e-05,2.7704e-05,-53851,24.908
-1.3174e-05,2.9476e-05,-53147,47.186
-1.2932e-05,3.1254e-05,-52123,71.122
-1.2621e-05,3.0407e-05,-50872,68.385
-1.2496e-05,3.0069e-05,-50367,67.335
-1.2413e-05,2.7658e-05,-50076,43.243
-1.2019e-05,2.7402e-05,-48477,48.512
-1.1807e-05,2.8451e-05,-47588,64.055
-1.1409e-05,3.068e-05,-45920,95.971
-1.1492e-05,2.706e-05,-46332,55.58
-1.1087e-05,3.1312e-05,-44592,109.3
-1.1262e-05,3.9932e-05,-45132,197.9
-1.0324e-05,5.2679e-05,-41047,353.29
-1.0319e-05,4.5013e-05,-41182,271.42
-1.0008e-05,4.5725e-05,-39898,285.36
-9.9137e-06,4.3628e-05,-39556,264.85
-9.5748e-06,4.7699e-05,-38090,315.28
-9.5885e-06,4.4448e-05,-38213,280.24
-9.2934e-06,4.7954e-05,-36937,323.73
-9.3677e-06,4.3907e-05,-37323,278.94
-9.0406e-06,4.5901e-05,-35948,306.91
-9.16e-06,4.242e-05,-36505,267.27
-8.9611e-06,4.4468e-05,-35652,293.21
-9.1371e-06,4.6883e-05,-36321,315.46
-9.0013e-06,5.2421e-05,-35655,377.44
-8.9956e-06,4.7864e-05,-35724,328.82
-8.8911e-06,5.0786e-05,-35238,362.2
-9.1297e-06,4.5375e-05,-36321,299.49
-9.0045e-06,4.5275e-05,-35812,300.96
-9.3045e-06,4.4299e-05,-37056,284.42
-9.2384e-06,4.9777e-05,-36675,344.34
-9.6728e-06,6.2548e-05,-38188,472.07
-9.3496e-06,7.5641e-05,-36603,618.64
-9.9622e-06,5.9072e-05,-39439,429.02
-1.0003e-05,5.0589e-05,-39776,337.49
-1.026e-05,4.1428e-05,-41014,234.28
-1.0348e-05,4.0831e-05,-41382,226.13
-1.0814e-05,3.1953e-05,-43466,121.7
-1.1015e-05,2.9069e-05,-44345,86.781
-1.1471e-05,2.2274e-05,-46343,4.8488
-1.1762e-05,2.5757e-05,-47459,36.172
-1.2196e-05,2.2748e-05,-49292,-4.8326
-1.2456e-05,3.1691e-05,-50167,85.524
-1.3103e-05,4.1424e-05,-52612,176.43
-1.3372e-05,5.5176e-05,-53427,318.02
-1.4156e-05,3.8699e-05,-56963,125.86
-1.4458e-05,3.4338e-05,-58284,73.087
-1.496e-05,2.1181e-05,-60598,-77.808
-1.5403e-05,1.9318e-05,-62445,-106.74
-1.5837e-05,9.3897e-06,-64417,-221.74
-1.6362e-05,5.7983e-06,-66632,-270.82
-1.692e-05,-3.618e-06,-69098,-382.86
-1.7475e-05,-4.0802e-06,-71374,-399.1
-1.8051e-05,-1.6416e-05,-73972,-542.72
-1.8577e-05,-1.7752e-05,-76148,-567.72
-1.9152e-05,-2.4322e-05,-78626,-649.66
-1.9703e-05,-1.7047e-05,-80727,-583.08
-2.0234e-05,-2.3448e-05,-83021,-662.31
-2.0736e-05,-2.3961e-05,-85080,-678.01
-2.1485e-05,-2.2578e-05,-88109,-678.48
-2.2132e-05,-2.2719e-05,-90752,-693.14
-2.2638e-05,-3.8106e-05,-93128,-867.97
-2.317e-05,-3.9325e-05,-95322,-891.83
-2.3684e-05,-5.0231e-05,-97644,-1018.9
-2.4232e-05,-4.6205e-05,-99796,-987.01
-2.4754e-05,-5.2074e-05,-1.0205e+05,-1060.4
-2.5308e-05,-5.1861e-05,-1.043e+05,-1069.4
-2.5762e-05,-5.643e-05,-1.0625e+05,-1127.5
-2.6281e-05,-5.2914e-05,-1.083e+05,-1100.5
-2.6689e-05,-5.6919e-05,-1.1004e+05,-1151.6
-2.7219e-05,-5.5904e-05,-1.1218e+05,-1151.5
-2.755e-05,-5.6339e-05,-1.1354e+05,-1162.9
-2.8005e-05,-5.1268e-05,-1.1529e+05,-1117.9
-2.8341e-05,-5.3642e-05,-1.1671e+05,-1150.1
-2.8715e-05,-6.1907e-05,-1.184e+05,-1246.1
-2.8939e-05,-6.0145e-05,-1.1928e+05,-1231.8
-2.9272e-05,-6.6104e-05,-1.2076e+05,-1302.3
-2.9367e-05,-5.4097e-05,-1.2091e+05,-1175.9
-2.9606e-05,-5.5335e-05,-1.2191e+05,-1194
-2.9693e-05,-6.1636e-05,-1.2239e+05,-1263.1
-3.0012e-05,-5.6667e-05,-1.2359e+05,-1216.5
-2.999e-05,-5.1145e-05,-1.2339e+05,-1157
-3.0477e-05,-5.3847e-05,-1.2543e+05,-1195.8
-2.9934e-05,-4.6456e-05,-1.2306e+05,-1105.7
-3.0374e-05,-3.8055e-05,-1.2469e+05,-1024.8
-3.0419e-05,-4.0113e-05,-1.2492e+05,-1047.7
-3.0696e-05,-4.0943e-05,-1.2606e+05,-1062.2
-3.0598e-05,-4.2104e-05,-1.2568e+05,-1072.7
-3.0135e-05,-5.1957e-05,-1.24e+05,-1168.6
-3.0523e-05,-4.7369e-05,-1.2549e+05,-1127.4
-3.0528e-05,-4.0184e-05,-1.2536e+05,-1050.7
-3.0541e-05,-4.6192e-05,-1.2554e+05,-1115.2
-3.0552e-05,-3.9145e-05,-1.2544e+05,-1040.1
-3.036e-05,-4.5428e-05,-1.2478e+05,-1103.4
-3.0005e-05,-4.4063e-05,-1.2331e+05,-1081.5
-3.1404e-05,-3.1723e-05,-1.2876e+05,-978.05
-3.0365e-05,-5.0296e-05,-1.249e+05,-1155.5
-2.9733e-05,-5.2119e-05,-1.2236e+05,-1162.2
-2.9797e-05,-4.5178e-05,-1.2248e+05,-1089.2
-2.9463e-05,-3.9827e-05,-1.2101e+05,-1025.2
-3.081e-05,-4.1878e-05,-1.2654e+05,-1074.6
-2.8748e-05,-4.7885e-05,-1.1826e+05,-1096.8
-2.8337e-05,-5.8399e-05,-1.1679e+05,-1200.9
-2.8115e-05,-5.2498e-05,-1.1577e+05,-1133.3
-2.7917e-05,-5.7671e-05,-1.1506e+05,-1184.6
-2.7378e-05,-5.9411e-05,-1.129e+05,-1192.2
-2.6899e-05,-5.7394e-05,-1.1091e+05,-1160.9
-2.6532e-05,-5.0145e-05,-1.0926e+05,-1075.9
-2.6113e-05,-5.0344e-05,-1.0756e+05,-1069.5
-2.5382e-05,-3.7766e-05,-1.0432e+05,-920.16
-2.5277e-05,-1.7829e-05,-1.0348e+05,-704.83
-2.4756e-05,-4.3105e-06,-1.0108e+05,-549.65
-2.4452e-05,-2.7778e-06,-99809,-527.08
-2.3957e-05,-1.1284e-05,-97963,-607.97
-2.2691e-05,-2.1126e-05,-93001,-687.49
-2.4212e-05,-2.5859e-05,-99300,-769.03
-2.1288e-05,-3.9904e-05,-87658,-859.74
-2.2551e-05,-5.2479e-05,-93067,-1019.9
-1.9988e-05,-7.3112e-05,-83029,-1188.4
-1.8963e-05,-9.6119e-05,-79315,-1413.6
-2.0324e-05,-0.00012026,-85360,-1699.4
-1.5596e-05,-0.00017657,-67216,-2205.4
-1.7193e-05,-0.00024083,-75033,-2925.6
-1.404e-05,-0.00032275,-62882,-3800.6
-1.6737e-06,-0.00033008,-8263.3,-3860.1
1.7709e-06,1.5499e-05,7236.8,175.74
3.0126e-06,0.00011215,16109,1336.4
3.5316e-06,0.00011259,18436,1360.2
4.6911e-06,0.00011064,23608,1380.6
5.1765e-06,0.00010794,25739,1367.1
5.9971e-06,0.00010416,29415,1353
6.0969e-06,0.00010258,29842,1337.5
6.5333e-06,0.00010009,31823,1322.8
6.7906e-06,9.7937e-05,32953,1307.1
7.0731e-06,9.5812e-05,34228,1291.4
7.0775e-06,9.4556e-05,34211,1276.3
7.3055e-06,9.2814e-05,35246,1262.7
7.3684e-06,9.17e-05,35494,1252.4
7.5541e-06,9.0437e-05,36339,1243.6
7.4355e-06,8.9915e-05,35739,1234.3
7.594e-06,8.862e-05,36420,1225.9
7.4877e-06,8.7691e-05,35804,1216.2
7.6754e-06,8.6313e-05,36634,1207.5
7.6132e-06,8.5632e-05,36309,1198.1
7.6691e-06,8.4482e-05,36498,1188.9
7.6382e-06,8.3512e-05,36267,1179.6
7.5716e-06,8.297e-05,35951,1170.2
7.588e-06,8.1914e-05,35951,1161
7.509e-06,8.1128e-05,35512,1151.5
7.3928e-06,8.0787e-05,34981,1141.9
7.3534e-06,7.9903e-05,34733,1132.2
7.1986e-06,7.9805e-05,34049,1122.7
7.1201e-06,7.9607e-05,33743,1113
6.9238e-06,7.9974e-05,32940,1102.7
6.782e-06,8.022e-05,32375,1093.7
6.7806e-06,7.9453e-05,32349,1084.3
6.6434e-06,7.9008e-05,31690,1074.4
6.634e-06,7.827e-05,31626,1065.1
6.5652e-06,7.7653e-05,31288,1055.4
6.4723e-06,7.7096e-05,30837,1045.7
6.3179e-06,7.6635e-05,30101,1035.1
6.4109e-06,7.5656e-05,30519,1026.1
6.1764e-06,7.5396e-05,29413,1015.5
6.0642e-06,7.4918e-05,28880,1006.2
5.9466e-06,7.4374e-05,28321,995.93
5.8579e-06,7.3792e-05,27899,986.14
5.5799e-06,7.3622e-05,26606,975.54
5.439e-06,7.3116e-05,25949,965.19
5.1406e-06,7.2968e-05,24573,954.36
4.9494e-06,7.2582e-05,23694,944.06
4.7865e-06,7.211e-05,22945,933.73
4.7242e-06,7.1389e-05,22660,923.73
4.5421e-06,7.0915e-05,21832,913.14
4.4072e-06,7.0312e-05,21220,902.69
4.1802e-06,6.9936e-05,20199,892.35
4.0946e-06,6.9225e-05,19816,882.47
3.882e-06,6.8793e-05,18865,872.05
3.8336e-06,6.7999e-05,18646,862.29
3.8354e-06,6.7043e-05,18658,852.34
3.5464e-06,6.6839e-05,17360,842.01
3.3302e-06,6.6428e-05,16393,831.6
3.214e-06,6.5763e-05,15873,821.32
2.8241e-06,6.579e-05,14137,810.45
2.5415e-06,6.5582e-05,12881,800.01
2.3449e-06,6.5123e-05,12009,789.52
2.2884e-06,6.4327e-05,11752,779.48
1.9616e-06,6.4214e-05,10310,768.75
1.602e-06,6.4191e-05,8731.5,757.92
1.4392e-06,6.3665e-05,8012.3,747.59
1.4042e-06,6.2821e-05,7847.4,737.64
1.0557e-06,6.2762e-05,6325.2,726.7
6.5957e-07,6.2843e-05,4605.7,715.86
3.8561e-07,6.26e-05,3416.6,705.23
2.2913e-07,6.2084e-05,2730.8,695.07
1.6476e-09,6.1729e-05,1747.5,684.81
-2.1614e-07,6.133e-05,801.43,674.01
-6.0344e-07,6.1394e-05,-854.97,663.46
-7.6453e-07,6.0863e-05,-1553.8,653.11
-1.021e-06,6.0561e-05,-2651.5,642.55
-1.3091e-06,6.0367e-05,-3877.7,632.33
-1.6596e-06,6.0324e-05,-5359.6,622.14
-1.7372e-06,5.957e-05,-5703.9,611.84
-2.0329e-06,5.9391e-05,-6951.5,601.87
-2.4227e-06,5.9359e-05,-8583.2,591.3
-2.809e-06,5.9283e-05,-10194,580.63
-3.439e-06,5.8932e-05,-12810,561.6
-3.9421e-06,5.8407e-05,-14890,544.6
-4.8566e-06,5.8619e-05,-18620,528.01
-5.6284e-06,5.8724e-05,-21766,513.44
-6.2184e-06,5.8214e-05,-24183,495.99
-7.2861e-06,5.8905e-05,-28525,481.66
-8.1969e-06,5.893e-05,-32240,463.4
-9.505e-06,5.1521e-05,-37727,357.58
-1.0325e-05,-3.1023e-05,-42750,-541.75
-1.0941e-05,-0.00020279,-48787,-2389.5
-1.2883e-05,-0.00069308,-59315,-8113.2
