-1.2489e-05,-0.0012803,-30158,-10054
-1.1651e-05,-0.00079288,-35145,-6194.9
-1.0354e-05,-0.0003959,-37884,-2928.8
-9.6078e-06,-9.4872e-05,-36652,-681
-9.3684e-06,6.3109e-05,-35558,434.68
-8.259e-06,0.00016196,-31174,1137.3
-7.6828e-06,0.00018287,-28866,1292
-6.6452e-06,0.00017954,-24865,1273.7
-6.0739e-06,0.00015773,-22767,1116.7
-5.3132e-06,0.00013315,-19979,939.49
-4.7126e-06,0.00010899,-17744,767.56
-3.9196e-06,8.6402e-05,-14790,606.83
-3.2882e-06,6.4384e-05,-12423,451.29
-2.5642e-06,4.6661e-05,-9694.3,326.71
-2.264e-06,2.9933e-05,-8575.7,208.7
-1.1372e-06,1.699e-05,-4305,118.64
-6.226e-07,1.1779e-05,-2352.7,82.537
3.0883e-07,9.411e-06,1216.6,68.088
7.7743e-07,9.5268e-06,3038.7,70.185
1.259e-06,9.7512e-06,4934.7,73.162
1.7886e-06,1.4583e-05,7065.5,111.23
2.5808e-06,1.6233e-05,10300,127.22
2.8893e-06,1.8956e-05,11588,149.52
3.4584e-06,1.9322e-05,13968,155.05
3.7875e-06,2.1545e-05,15368,174.07
4.2801e-06,2.1164e-05,17466,173.47
4.552e-06,2.2439e-05,18640,184.97
4.8561e-06,2.2099e-05,19953,183.73
5.0647e-06,2.5848e-05,20879,215.06
5.415e-06,2.7915e-05,22421,233.77
5.6272e-06,3.3061e-05,23384,277.03
5.873e-06,3.5185e-05,24482,296.04
6.0821e-06,4.0326e-05,25445,339.79
6.3302e-06,4.7202e-05,26602,398.5
6.8022e-06,5.2247e-05,28758,444.47
7.1269e-06,5.3119e-05,30228,454.67
7.3746e-06,6.0545e-05,31419,519.34
7.569e-06,6.4856e-05,32346,557.61
7.855e-06,6.6103e-05,33662,571.14
8.0712e-06,6.6056e-05,34651,573
8.2458e-06,7.1797e-05,35514,623.7
8.3784e-06,7.3889e-05,36147,643.01
8.6056e-06,7.4747e-05,37204,652.92
8.5964e-06,7.6698e-05,37184,669.5
8.8574e-06,7.8671e-05,38414,689.45
8.7453e-06,7.7946e-05,37887,681.91
8.9789e-06,7.7296e-05,38962,679.04
8.8358e-06,7.583e-05,38281,664.81
9.053e-06,7.5308e-05,39284,662.77
8.895e-06,7.6555e-05,38564,671.71
9.0139e-06,7.5936e-05,39109,667.74
8.8562e-06,7.549e-05,38372,662.12
8.8349e-06,7.4891e-05,38267,656.74
8.6804e-06,7.9786e-05,37608,696.9
8.5932e-06,7.6732e-05,37170,669.75
8.4539e-06,7.2983e-05,36484,636.13
8.2863e-06,6.2406e-05,35602,544.1
8.0444e-06,6.6882e-05,34537,579.75
7.8333e-06,6.2248e-05,33523,538.28
7.5619e-06,6.1421e-05,32278,528.58
7.2934e-06,5.4362e-05,30992,466.61
6.958e-06,5.6905e-05,29501,484.77
6.6424e-06,5.2509e-05,28043,445.21
6.2552e-06,5.5619e-05,26345,467.29
5.9044e-06,5.2419e-05,24760,437.62
5.4701e-06,5.3648e-05,22862,443.45
5.0988e-06,5.0173e-05,21208,411.75
4.6316e-06,4.9528e-05,19180,402.12
4.2749e-06,4.5897e-05,17616,369.88
3.7401e-06,4.7277e-05,15358,375.65
3.3751e-06,4.3616e-05,13788,343.63
2.7994e-06,4.2871e-05,11387,332.48
2.4419e-06,3.941e-05,9885.6,302.8
1.8246e-06,3.888e-05,7371.6,293.36
1.4487e-06,3.6234e-05,5839.2,270.45
8.1948e-07,3.5497e-05,3333.4,260.25
4.4688e-07,3.3389e-05,1854.5,242.29
-2.3956e-07,3.1822e-05,-825.32,227.19
-5.8288e-07,2.9425e-05,-2159.1,208.5
-1.3119e-06,2.6717e-05,-4956.4,187.24
-1.6793e-06,2.4315e-05,-6359.7,169.62
-2.3872e-06,2.1111e-05,-9054.4,146.27
-2.763e-06,1.8716e-05,-10487,128.92
-3.4729e-06,1.4593e-05,-13192,98.993
-3.8358e-06,1.2886e-05,-14573,86.515
-4.5442e-06,5.7879e-06,-17276,35.581
-4.8966e-06,2.3722e-06,-18620,11.056
-5.5938e-06,-5.1525e-06,-21281,-42.881
-5.9088e-06,-9.5349e-06,-22484,-74.188
-6.6311e-06,-1.6183e-05,-25239,-121.97
-6.941e-06,-1.6676e-05,-26418,-125.81
-7.6501e-06,-2.2129e-05,-29122,-165.13
-7.9608e-06,-2.6342e-05,-30308,-195.24
-8.6116e-06,-3.0647e-05,-32788,-226.39
-8.9314e-06,-3.6022e-05,-34011,-264.71
-9.5176e-06,-4.2483e-05,-36248,-311.01
-9.8261e-06,-4.7844e-05,-37427,-349.22
-1.0389e-05,-5.472e-05,-39576,-398.42
-1.0699e-05,-5.9528e-05,-40761,-432.73
-1.1235e-05,-6.3434e-05,-42803,-460.94
-1.1521e-05,-6.4653e-05,-43894,-469.87
-1.1998e-05,-6.8101e-05,-45713,-494.77
-1.2273e-05,-7.4835e-05,-46764,-542.63
-1.2684e-05,-7.7572e-05,-48333,-562.44
-1.293e-05,-8.1999e-05,-49274,-593.99
-1.3315e-05,-8.4323e-05,-50741,-610.84
-1.3525e-05,-8.499e-05,-51541,-615.8
-1.3864e-05,-8.624e-05,-52829,-625.01
-1.4059e-05,-8.5992e-05,-53572,-623.49
-1.4332e-05,-8.6114e-05,-54610,-624.67
-1.4496e-05,-8.7167e-05,-55236,-632.3
-1.4717e-05,-8.3924e-05,-56073,-609.66
-1.4848e-05,-8.106e-05,-56567,-589.59
-1.5018e-05,-7.6677e-05,-57208,-558.84
-1.5108e-05,-7.5888e-05,-57550,-553.37
-1.524e-05,-6.8503e-05,-58043,-501.39
-1.5291e-05,-6.5345e-05,-58234,-479.15
-1.5355e-05,-6.116e-05,-58473,-449.67
-1.5374e-05,-6.4358e-05,-58547,-472.28
-1.5393e-05,-5.4385e-05,-58608,-401.89
-1.5385e-05,-5.6518e-05,-58580,-416.93
-1.5349e-05,-4.9051e-05,-58435,-364.18
-1.531e-05,-5.0636e-05,-58288,-375.32
-1.5213e-05,-4.9939e-05,-57920,-370.28
-1.5157e-05,-4.8221e-05,-57704,-358.09
-1.5011e-05,-4.1956e-05,-57140,-313.69
-1.4928e-05,-4.5662e-05,-56830,-339.75
-1.4729e-05,-3.9321e-05,-56067,-294.75
-1.463e-05,-4.038e-05,-55690,-302.12
-1.4395e-05,-3.9985e-05,-54796,-299.05
-1.4275e-05,-4.2496e-05,-54341,-316.64
-1.4022e-05,-4.065e-05,-53376,-303.31
-1.3877e-05,-4.2923e-05,-52827,-319.19
-1.3613e-05,-4.1227e-05,-51824,-306.91
-1.3487e-05,-3.7736e-05,-51342,-282.12
-1.3224e-05,-3.9681e-05,-50343,-295.54
-1.3096e-05,-3.5844e-05,-49851,-268.3
-1.2811e-05,-3.7313e-05,-48766,-278.34
-1.2641e-05,-3.6663e-05,-48120,-273.56
-1.2304e-05,-3.3184e-05,-46835,-248.6
-1.2102e-05,-3.6553e-05,-46070,-272.15
-1.1686e-05,-3.4092e-05,-44486,-254.29
-1.1476e-05,-3.2609e-05,-43683,-243.57
-1.1014e-05,-3.0336e-05,-41925,-226.99
-1.0783e-05,-3.3204e-05,-41051,-246.97
-1.0308e-05,-2.8862e-05,-39240,-215.76
-1.0041e-05,-3.3282e-05,-38227,-246.65
-9.5417e-06,-3.0279e-05,-36325,-224.87
-9.2862e-06,-3.2721e-05,-35356,-241.82
-8.7416e-06,-3.5148e-05,-33288,-258.32
-8.4662e-06,-3.9749e-05,-32246,-290.48
-7.904e-06,-4.2359e-05,-30111,-308.26
-7.6108e-06,-5.0601e-05,-29005,-366.1
-7.0431e-06,-5.658e-05,-26853,-407.65
-6.7064e-06,-6.4513e-05,-25582,-463.27
-6.2248e-06,-7.529e-05,-23762,-538.8
-5.9025e-06,-8.033e-05,-22542,-574.01
-5.5961e-06,-8.1458e-05,-21387,-581
-5.1032e-06,-8.2561e-05,-19506,-588.74
-4.9228e-06,-8.1328e-05,-18813,-580.21
-4.5271e-06,-7.9034e-05,-17300,-563.94
-4.1708e-06,-6.6369e-05,-15934,-473.82
-4.0338e-06,-5.2522e-05,-15403,-375.5
-3.6442e-06,-3.0957e-05,-13896,-222.8
-2.8774e-06,-1.3517e-06,-10945,-12.891
-2.6755e-06,6.0413e-05,-10160,420.26
-1.6765e-06,0.00014851,-5552.4,1087.3
-1.7899e-06,0.00025089,-4379.8,1892.9
1.1737e-06,0.00029264,9093.7,2298.3
3.5111e-06,0.00018699,16737,1483
3.6658e-06,7.9779e-05,15446,628.6
3.7306e-06,7.3039e-05,15607,577.06
3.6387e-06,6.7034e-05,15146,528.64
3.6644e-06,6.5269e-05,15241,514.89
3.5831e-06,6.3674e-05,14873,501.69
3.5452e-06,6.2216e-05,14688,489.72
3.4612e-06,6.0785e-05,14333,477.3
3.3141e-06,5.9526e-05,13684,465.83
3.1852e-06,5.8202e-05,13139,454.16
2.9669e-06,5.7171e-05,12226,443.22
2.8453e-06,5.5966e-05,11684,431.34
2.7418e-06,5.5244e-05,11256,425.94
2.6271e-06,5.4584e-05,10794,419.52
2.5267e-06,5.3978e-05,10378,413.87
2.3972e-06,5.3381e-05,9837.8,407.81
2.279e-06,5.2808e-05,9350.1,402.25
2.1518e-06,5.2184e-05,8824.7,396.19
2.0408e-06,5.1548e-05,8365.5,390.2
1.8706e-06,5.1052e-05,7670.6,384.75
1.7676e-06,5.0407e-05,7244.2,378.81
1.608e-06,4.9885e-05,6594.6,373.35
1.4782e-06,4.9438e-05,6067.2,368.77
1.2971e-06,4.902e-05,5336.2,364
1.1526e-06,4.8694e-05,4753.5,360.29
9.7772e-07,4.8258e-05,4052.7,355.56
8.0738e-07,4.8137e-05,3374,353.3
6.0055e-07,4.7637e-05,2551.7,348
4.5847e-07,4.6556e-05,1984.5,338.98
2.7732e-07,4.5571e-05,1279.5,331.04
1.731e-07,4.4867e-05,868.5,325.28
-8.9615e-08,4.4541e-05,-169.23,320.91
-2.6061e-07,4.3994e-05,-843.05,315.75
-4.5949e-07,4.349e-05,-1618,311.04
-6.1191e-07,4.2895e-05,-2211.3,305.99
-8.3248e-07,4.2406e-05,-3058.6,301.85
-9.3764e-07,4.1654e-05,-3466.2,296.05
-1.2275e-06,4.1327e-05,-4587.2,292.4
-1.4085e-06,4.0772e-05,-5288.5,287.55
-1.636e-06,4.0241e-05,-6161.7,283.09
-1.8063e-06,3.9606e-05,-6815.3,278.09
-2.0744e-06,3.9183e-05,-7839.8,274.5
-2.281e-06,3.8557e-05,-8628.5,269.68
-2.5755e-06,3.8146e-05,-9750.6,266.34
-2.7486e-06,3.7495e-05,-10410,261.52
-3.0157e-06,3.6956e-05,-11426,257.41
-3.2266e-06,3.6274e-05,-12229,252.34
-3.4976e-06,3.5746e-05,-13261,248.31
-3.6955e-06,3.5266e-05,-14014,244.69
-3.9836e-06,3.4832e-05,-15110,241.29
-4.1729e-06,3.4181e-05,-15831,236.47
-4.4821e-06,3.375e-05,-17007,233.07
-4.6721e-06,3.3086e-05,-17731,228.16
-4.9752e-06,3.257e-05,-18884,224.17
-5.1834e-06,3.2014e-05,-19677,220
-5.4768e-06,3.1577e-05,-20793,216.57
-5.7082e-06,3.1002e-05,-21674,212.25
-6.0207e-06,3.0648e-05,-22863,209.38
-6.2304e-06,3.0102e-05,-23661,205.28
-6.5218e-06,2.9648e-05,-24770,201.74
-6.7399e-06,2.9033e-05,-25600,197.14
-7.0411e-06,2.8632e-05,-26746,193.97
-7.2807e-06,2.8132e-05,-27658,190.16
-7.5596e-06,2.7642e-05,-28719,186.37
-7.7796e-06,2.7036e-05,-29556,181.84
-8.0701e-06,2.6579e-05,-30662,178.27
-8.328e-06,2.6079e-05,-31644,174.44
-8.6142e-06,2.5578e-05,-32733,170.57
-8.8179e-06,2.4937e-05,-33508,165.81
-9.0503e-06,2.4332e-05,-34393,161.27
-9.3416e-06,2.3815e-05,-35501,157.28
-9.5844e-06,2.3175e-05,-36426,152.48
-9.8464e-06,2.2576e-05,-37423,147.95
-1.0107e-05,2.1959e-05,-38414,143.29
-1.0324e-05,2.1202e-05,-39240,137.69
-1.0552e-05,2.0414e-05,-40107,131.86
-1.081e-05,1.9799e-05,-41091,127.22
-1.1023e-05,1.9002e-05,-41901,121.35
-1.1297e-05,1.8328e-05,-42945,116.27
-1.1543e-05,1.7519e-05,-43883,110.27
-1.2073e-05,1.6449e-05,-45899,102.1
-1.2395e-05,1.508e-05,-47126,92.058
-1.2896e-05,1.3755e-05,-49032,82.125
-1.3198e-05,1.2101e-05,-50182,70.093
-1.3731e-05,1.0935e-05,-52209,61.246
-1.4081e-05,9.2605e-06,-53543,49.014
-1.4848e-05,8.3305e-06,-56462,41.556
-1.5153e-05,-3.5572e-06,-57636,-42.733
-1.5178e-05,-0.00010666,-57852,-770.74
-1.5272e-05,-0.00033004,-58145,-2369.9
-1.5054e-05,-0.00073936,-50894,-5669.7
