0.00030657,-0.013568,-2.9169e+05,-30317
-5.6826e-05,-0.0035156,-2.392e+05,-23352
-6.0386e-05,-0.0014273,-2.2569e+05,-10520
-5.7775e-05,-0.0001595,-2.1995e+05,-1193.6
-5.7149e-05,0.00049875,-2.1681e+05,3455.8
-5.3585e-05,0.00090066,-2.0278e+05,6300.8
-5.2228e-05,0.00097937,-1.9662e+05,6920.6
-4.8097e-05,0.00097915,-1.802e+05,6969.1
-4.5667e-05,0.00089604,-1.7153e+05,6352.9
-4.1618e-05,0.00078742,-1.5675e+05,5558
-4.0045e-05,0.00067451,-1.5144e+05,4724.4
-3.6972e-05,0.00056102,-1.4007e+05,3912.3
-3.4469e-05,0.00044769,-1.3059e+05,3121.2
-3.1441e-05,0.00033939,-1.1919e+05,2359.9
-2.9777e-05,0.00023341,-1.1299e+05,1613.5
-2.6162e-05,0.00013433,-99350,918.11
-2.4432e-05,7.0901e-05,-92843,472.22
-2.118e-05,2.7444e-05,-80525,169.16
-1.945e-05,-6.1926e-07,-73978,-26.986
-1.6357e-05,-1.8728e-05,-62234,-151.25
-1.5763e-05,-1.2907e-05,-59968,-109.46
-1.1689e-05,-1.5261e-05,-44476,-121.34
-1.1228e-05,-2.314e-05,-42731,-176.44
-7.7172e-06,-1.2372e-05,-29365,-96.32
-8.0786e-06,-1.6142e-05,-30744,-123.36
-4.8053e-06,-5.3737e-06,-18282,-43.529
-5.0235e-06,-2.0759e-06,-19108,-20.499
-1.6658e-06,9.2701e-06,-6324.7,63.512
-1.1982e-06,-3.9846e-06,-4799.8,-15.503
4.4096e-07,2.3973e-06,-64.186,21.478
5.5663e-07,5.4427e-05,982.81,322.1
1.2546e-06,0.00010951,5762.2,830.33
1.1278e-07,0.00017407,-27.526,1229.8
1.8233e-06,0.00024919,10951,1955.4
3.1877e-06,0.00032998,18870,2661.3
3.766e-06,0.00038334,22891,3127.4
5.82e-06,0.0003936,32375,3272.4
6.7673e-06,0.00040631,37014,3407.6
7.5108e-06,0.00041726,40716,3521.9
7.6963e-06,0.00044894,42476,3796.4
8.1922e-06,0.00048445,45749,4111.4
8.6382e-06,0.00051687,48684,4397.2
9.123e-06,0.00054438,51653,4641.1
9.2349e-06,0.00057239,52906,4877.5
9.9089e-06,0.00059629,56590,5092.8
9.6084e-06,0.00061395,55666,5230.6
1.042e-05,0.00062708,59666,5358.1
9.824e-06,0.00064097,57301,5457
1.0793e-05,0.00064895,61861,5544.8
1.0198e-05,0.00066188,59476,5635.7
1.099e-05,0.00066429,63093,5673.3
1.0386e-05,0.00066172,60316,5638.7
1.0783e-05,0.00065074,61844,5559.1
1.0389e-05,0.00064361,59897,5492.1
1.043e-05,0.00062051,59524,5304.8
9.9178e-06,0.00059202,56489,5057.9
9.581e-06,0.00054823,53809,4685.7
8.9273e-06,0.00051896,50034,4422.9
8.4194e-06,0.00047459,46481,4034.7
7.6034e-06,0.00043129,41592,3646.4
6.984e-06,0.00037707,37377,3174.3
5.9372e-06,0.0003294,31573,2752.9
5.1904e-06,0.00027227,26899,2261.3
3.8938e-06,0.00022367,20159,1833.5
2.9821e-06,0.00016782,15035,1359.6
1.378e-06,0.00012141,7366.6,958.62
3.6068e-07,7.1791e-05,2330,552.31
-1.5486e-06,3.2226e-05,-5809.9,228.51
-2.6122e-06,-7.8226e-06,-9943.9,-58.265
-4.9656e-06,-2.9614e-05,-18920,-214.86
-6.0408e-06,-4.7091e-05,-23030,-339.5
-8.615e-06,-5.1161e-05,-32825,-371.23
-9.7632e-06,-5.034e-05,-37191,-366.77
-1.2436e-05,-4.7974e-05,-47355,-353.18
-1.3569e-05,-5.0555e-05,-51668,-372.72
-1.619e-05,-5.1529e-05,-61638,-382.65
-1.7494e-05,-5.3169e-05,-66599,-395.75
-2.0198e-05,-5.0655e-05,-76878,-381.14
-2.1301e-05,-5.6555e-05,-81082,-424.09
-2.4084e-05,-6.5096e-05,-91677,-487.63
-2.5247e-05,-7.7893e-05,-96116,-579.35
-2.7922e-05,-8.5869e-05,-1.063e+05,-638.78
-2.909e-05,-0.00010586,-1.1077e+05,-781.34
-3.1735e-05,-0.00011924,-1.2084e+05,-878.86
-3.2885e-05,-0.000134,-1.2524e+05,-984.44
-3.547e-05,-0.00015361,-1.3509e+05,-1125.9
-3.658e-05,-0.00017556,-1.3934e+05,-1282.2
-3.9041e-05,-0.00018966,-1.4872e+05,-1384.6
-4.0174e-05,-0.00021707,-1.5306e+05,-1579.5
-4.2614e-05,-0.00022809,-1.6236e+05,-1660.2
-4.3629e-05,-0.00024237,-1.6623e+05,-1762.2
-4.6005e-05,-0.0002573,-1.7529e+05,-1870.4
-4.7004e-05,-0.00027536,-1.7911e+05,-1999.1
-4.9212e-05,-0.00027604,-1.8751e+05,-2006.6
-5.019e-05,-0.00029675,-1.9125e+05,-2154
-5.2195e-05,-0.0002985,-1.9889e+05,-2168.7
-5.3113e-05,-0.00031615,-2.024e+05,-2294.4
-5.4956e-05,-0.00031758,-2.0941e+05,-2306.6
-5.5831e-05,-0.00033397,-2.1276e+05,-2423.4
-5.7542e-05,-0.00032293,-2.1925e+05,-2347.5
-5.8344e-05,-0.00031129,-2.2229e+05,-2266.2
-5.9817e-05,-0.00029402,-2.2788e+05,-2145.9
-6.0537e-05,-0.00030672,-2.3063e+05,-2236.5
-6.1855e-05,-0.00028454,-2.3562e+05,-2081.4
-6.2521e-05,-0.00028985,-2.3816e+05,-2119.7
-6.3676e-05,-0.0002697,-2.4253e+05,-1978.7
-6.4211e-05,-0.00026585,-2.4456e+05,-1952.2
-6.5173e-05,-0.00025397,-2.482e+05,-1869.4
-6.5635e-05,-0.0002497,-2.4996e+05,-1839.8
-6.6369e-05,-0.00023896,-2.5274e+05,-1764.8
-6.6733e-05,-0.00024305,-2.5413e+05,-1794.1
-6.7303e-05,-0.00022363,-2.5628e+05,-1657.6
-6.755e-05,-0.00021602,-2.5721e+05,-1604.2
-6.7914e-05,-0.00020174,-2.5857e+05,-1503.7
-6.8069e-05,-0.0002101,-2.5917e+05,-1563
-6.8287e-05,-0.00018998,-2.5998e+05,-1421.1
-6.8343e-05,-0.0001902,-2.6019e+05,-1422.8
-6.8335e-05,-0.00018586,-2.6016e+05,-1392.1
-6.8272e-05,-0.00021312,-2.5995e+05,-1584.5
-6.8122e-05,-0.0001817,-2.5934e+05,-1362.5
-6.8002e-05,-0.00020237,-2.5891e+05,-1508.3
-6.767e-05,-0.00017922,-2.5762e+05,-1344.4
-6.7447e-05,-0.00019489,-2.5679e+05,-1454.8
-6.6892e-05,-0.0001995,-2.5468e+05,-1486.7
-6.664e-05,-0.00019921,-2.5372e+05,-1484.4
-6.593e-05,-0.00017769,-2.51e+05,-1331.6
-6.5576e-05,-0.00019796,-2.4967e+05,-1474.3
-6.4678e-05,-0.00017194,-2.4623e+05,-1289.5
-6.4275e-05,-0.0001763,-2.447e+05,-1319.8
-6.3208e-05,-0.00017242,-2.4063e+05,-1291.2
-6.2707e-05,-0.00018047,-2.3874e+05,-1347.5
-6.1542e-05,-0.00016881,-2.3429e+05,-1263.8
-6.1008e-05,-0.00017535,-2.3227e+05,-1309.3
-5.9793e-05,-0.00016374,-2.2763e+05,-1225.9
-5.9291e-05,-0.0001443,-2.257e+05,-1088
-5.8161e-05,-0.00014949,-2.2141e+05,-1123.3
-5.7644e-05,-0.00012993,-2.1942e+05,-984.58
-5.6428e-05,-0.00013381,-2.148e+05,-1010.6
-5.5747e-05,-0.00012931,-2.122e+05,-978
-5.4324e-05,-0.0001124,-2.0677e+05,-856.92
-5.3511e-05,-0.00012726,-2.0369e+05,-960.91
-5.1824e-05,-0.00011752,-1.9726e+05,-890.13
-5.0973e-05,-0.00011445,-1.9402e+05,-867.5
-4.9139e-05,-0.00010955,-1.8704e+05,-830.74
-4.8218e-05,-0.00013112,-1.8356e+05,-982
-4.636e-05,-0.00012322,-1.7648e+05,-924.01
-4.5346e-05,-0.00016068,-1.7267e+05,-1187.4
-4.342e-05,-0.00016733,-1.6535e+05,-1232.1
-4.2414e-05,-0.0002039,-1.6156e+05,-1489.2
-4.0365e-05,-0.00024228,-1.5382e+05,-1757.8
-3.9294e-05,-0.00029207,-1.498e+05,-2108.2
-3.7233e-05,-0.00033049,-1.42e+05,-2377
-3.6166e-05,-0.00038881,-1.3802e+05,-2787.5
-3.4828e-05,-0.00042534,-1.3297e+05,-3043.9
-3.3356e-05,-0.0004317,-1.2738e+05,-3086.9
-3.2216e-05,-0.00040455,-1.2301e+05,-2894
-3.0491e-05,-0.00037558,-1.1641e+05,-2687.5
-2.9686e-05,-0.00034164,-1.1331e+05,-2446.9
-2.7516e-05,-0.00030929,-1.0502e+05,-2215.9
-2.6173e-05,-0.00027378,-99867,-1963.6
-2.5174e-05,-0.00023653,-96025,-1699.4
-2.2268e-05,-0.00019124,-84916,-1376.2
-2.1023e-05,-0.000143,-80124,-1034.1
-1.7785e-05,-8.9188e-05,-67747,-650.39
-1.5851e-05,-2.5318e-05,-60316,-197.17
-1.2982e-05,6.8569e-05,-49296,469.08
-8.9694e-06,0.00018953,-33491,1354.5
-6.4853e-06,0.0003181,-21283,2416.2
8.1197e-07,0.00038164,11078,3099.1
2.9531e-06,0.00053833,23610,4417.9
3.3536e-06,0.00041727,21955,3403.2
3.3499e-06,0.00040424,21570,3292.7
2.8718e-06,0.00039297,19134,3183.9
2.0867e-06,0.00038754,15524,3116.4
1.6071e-06,0.00038071,13236,3045.8
6.5411e-07,0.00037607,8948.5,2981.3
2.6459e-08,0.00036993,6071,2913.7
-1.1123e-06,0.00036571,1051.5,2849.8
-1.9269e-06,0.0003602,-2561,2784.5
-3.1569e-06,0.00035618,-7880.4,2722.8
-3.9792e-06,0.00035106,-11479,2661.4
-4.5829e-06,0.00034836,-14042,2627.9
-5.3402e-06,0.00034606,-17239,2594
-5.9872e-06,0.00034356,-19966,2561.4
-6.7918e-06,0.00034142,-23324,2529.3
-7.4258e-06,0.00033899,-25964,2498.9
-8.3263e-06,0.00033695,-29668,2467.9
-8.9765e-06,0.00033419,-32345,2436.1
-9.7884e-06,0.00033182,-35652,2405.9
-1.0434e-05,0.00032909,-38277,2376
-1.1299e-05,0.00032661,-41756,2346.3
-1.1912e-05,0.00032354,-44224,2315.9
-1.2789e-05,0.00032105,-47713,2288
-1.3583e-05,0.00031812,-50869,2258.4
-1.4503e-05,0.00031547,-54474,2231.9
-1.5078e-05,0.00031169,-56736,2199.8
-1.5961e-05,0.00030838,-60177,2170.4
-1.6809e-05,0.00030476,-63466,2140
-1.7661e-05,0.00030096,-66751,2109.5
-1.8573e-05,0.0002976,-70257,2082.6
-1.9465e-05,0.0002941,-73675,2055.2
-2.0507e-05,0.00029083,-77654,2029.9
-2.1377e-05,0.00028729,-80974,2003.6
-2.2257e-05,0.00028362,-84324,1976.7
-2.317e-05,0.00027993,-87803,1949.6
-2.3951e-05,0.00027603,-90778,1921.2
-2.4893e-05,0.00027233,-94364,1894
-2.5773e-05,0.00026848,-97717,1865.8
-2.6749e-05,0.00026466,-1.0143e+05,1837.7
-2.756e-05,0.00026063,-1.0452e+05,1808.2
-2.8576e-05,0.00025674,-1.0839e+05,1779.7
-2.9504e-05,0.00025273,-1.1193e+05,1750.2
-3.0593e-05,0.00024883,-1.1607e+05,1721.5
-3.1386e-05,0.00024466,-1.191e+05,1691.1
-3.2503e-05,0.00024087,-1.2335e+05,1663.1
-3.3307e-05,0.00023673,-1.2641e+05,1632.9
-3.4389e-05,0.0002329,-1.3053e+05,1604.6
-3.5221e-05,0.00022873,-1.337e+05,1574.2
-3.6213e-05,0.00022479,-1.3748e+05,1545.2
-3.7076e-05,0.00022071,-1.4076e+05,1515.4
-3.794e-05,0.00021662,-1.4406e+05,1485.5
-3.902e-05,0.00021276,-1.4817e+05,1457
-4.0109e-05,0.00020899,-1.5232e+05,1429.1
-4.0992e-05,0.00020489,-1.5568e+05,1399.2
-4.2117e-05,0.00020111,-1.5996e+05,1371.2
-4.296e-05,0.00019697,-1.6318e+05,1341
-4.4018e-05,0.00019308,-1.6721e+05,1312.3
-4.499e-05,0.0001891,-1.7091e+05,1283
-4.6021e-05,0.00018521,-1.7483e+05,1254.4
-4.6877e-05,0.00018108,-1.781e+05,1224.3
-4.7931e-05,0.0001772,-1.8211e+05,1195.6
-4.8872e-05,0.00017317,-1.857e+05,1166.1
-4.9834e-05,0.00016921,-1.8936e+05,1137
-5.0646e-05,0.00016509,-1.9245e+05,1107
-5.1654e-05,0.00016109,-1.9629e+05,1077.5
-5.2559e-05,0.00015701,-1.9974e+05,1047.7
-5.3473e-05,0.00015296,-2.0322e+05,1018
-5.4222e-05,0.00014873,-2.0607e+05,987.31
-5.5065e-05,0.00014456,-2.0929e+05,956.85
-5.6046e-05,0.00014062,-2.1302e+05,927.87
-5.6824e-05,0.00013637,-2.1599e+05,896.99
-5.7689e-05,0.00013229,-2.1928e+05,867.15
-5.8355e-05,0.0001279,-2.2182e+05,835.37
-5.9268e-05,0.00012384,-2.253e+05,805.67
-5.9862e-05,0.00011938,-2.2756e+05,773.46
-6.0762e-05,0.00011537,-2.31e+05,744.09
-6.1254e-05,0.00011073,-2.3287e+05,710.81
-6.222e-05,0.00010673,-2.3655e+05,681.39
-6.2821e-05,0.0001018,-2.3884e+05,645.92
-6.4389e-05,9.4502e-05,-2.4482e+05,592.54
-6.5124e-05,8.6144e-05,-2.4762e+05,532.67
-6.649e-05,7.8381e-05,-2.5283e+05,476.25
-6.7196e-05,6.9727e-05,-2.5552e+05,414.32
-6.841e-05,6.1901e-05,-2.6015e+05,357.64
-6.9105e-05,5.3156e-05,-2.6281e+05,295.07
-7.0722e-05,4.5767e-05,-2.6896e+05,241.01
-7.1809e-05,2.6745e-05,-2.7312e+05,105.4
-7.2519e-05,-0.00013266,-2.7601e+05,-1021.3
-7.1976e-05,-0.00084979,-2.7479e+05,-6085.4
2.116e-05,-0.0034635,-15498,-18544
