0.00056621,-0.020223,-3.9605e+05,-35341
-6.7116e-05,-0.0040527,-2.968e+05,-26052
-7.2514e-05,-0.0015149,-2.7334e+05,-11069
-6.843e-05,-2.3078e-05,-2.6033e+05,-242.55
-6.7308e-05,0.00070325,-2.5522e+05,4888.4
-6.3919e-05,0.0011113,-2.416e+05,7795.6
-6.177e-05,0.0011672,-2.323e+05,8264.5
-5.6998e-05,0.001129,-2.1371e+05,8030.3
-5.4974e-05,0.0010133,-2.0693e+05,7162.5
-5.1192e-05,0.0008978,-1.931e+05,6322
-4.8987e-05,0.00078475,-1.8526e+05,5496.9
-4.4698e-05,0.00067045,-1.6933e+05,4676.8
-4.2464e-05,0.0005582,-1.6087e+05,3892.4
-3.7888e-05,0.00044871,-1.4359e+05,3124.4
-3.6525e-05,0.00034427,-1.3853e+05,2388.5
-3.1474e-05,0.00024638,-1.1943e+05,1703.1
-2.9434e-05,0.00017197,-1.1175e+05,1180.1
-2.5277e-05,0.00013854,-95978,948.84
-2.3132e-05,0.00010349,-87862,703.79
-1.92e-05,8.0908e-05,-72932,548.94
-1.8605e-05,8.4732e-05,-70662,576.63
-1.3888e-05,7.6153e-05,-52732,521.52
-1.3055e-05,6.4829e-05,-49579,442.53
-9.2643e-06,7.4476e-05,-35149,515.04
-9.1432e-06,7.0114e-05,-34693,484.39
-5.4713e-06,8.2418e-05,-20778,570.9
-5.5601e-06,9.1584e-05,-21235,626.52
-1.8631e-06,0.00012148,-10829,645.99
-7.9557e-07,0.00013452,-8333.1,673.46
1.3015e-06,0.00016486,-3255.8,789.76
-7.0216e-08,0.00017908,936.63,1344.2
8.5936e-07,0.00022381,6112.8,1727.2
1.5542e-06,0.00028105,10412,2211.9
2.3166e-06,0.00034972,15556,2804.1
3.6e-06,0.00041582,22918,3398.2
4.1884e-06,0.00045401,26768,3738.8
2.5468e-06,0.00053268,21732,4359.4
3.0813e-06,0.00060409,26109,4976
2.7159e-06,0.00067803,26487,5582.8
4.6532e-06,0.00073995,36590,6138.4
5.1099e-06,0.00076747,39248,6370.7
6.229e-06,0.0007718,44277,6429.8
6.8616e-06,0.00077495,47142,6468.2
7.3525e-06,0.00078358,49477,6546.6
8.1558e-06,0.00078954,53146,6609.4
8.1185e-06,0.00079135,53004,6622.9
9.0273e-06,0.00078954,56983,6626
8.6163e-06,0.00078839,55137,6609.3
9.7227e-06,0.00078159,59890,6577
9.2372e-06,0.00077788,57669,6538.9
1.0142e-05,0.00076366,61395,6444.9
9.5047e-06,0.00074158,58134,6258.5
9.9192e-06,0.00071132,59350,6026.8
9.297e-06,0.00068626,56034,5812.4
9.1872e-06,0.00064454,54616,5472.6
8.3689e-06,0.00059971,49899,5086.3
7.8069e-06,0.0005411,45922,4588.4
6.8291e-06,0.0004991,40490,4215.6
6.0729e-06,0.0004444,35686,3739.7
4.7945e-06,0.00039389,28729,3286
3.888e-06,0.00033484,23273,2773.2
2.2593e-06,0.00028605,15080,2335.5
1.2049e-06,0.00023192,9298.9,1868.2
-7.96e-07,0.00019076,-58.402,1493.8
-2.0313e-06,0.00014726,-6071.4,1120.9
-4.5014e-06,0.00012119,-16538,878.13
-5.8256e-06,9.5411e-05,-22004,669.78
-8.6926e-06,7.7899e-05,-32970,539.88
-9.9464e-06,6.3125e-05,-37756,434.13
-1.3082e-05,4.6205e-05,-49700,311.02
-1.4403e-05,3.5486e-05,-54739,233.8
-1.7579e-05,2.4968e-05,-66832,155.85
-1.8915e-05,8.7212e-06,-71933,39.587
-2.2163e-05,-3.3195e-06,-84298,-49.205
-2.3522e-05,-2.7151e-05,-89496,-219.06
-2.6698e-05,-4.4137e-05,-1.016e+05,-342.69
-2.8271e-05,-6.6272e-05,-1.0761e+05,-500.82
-3.157e-05,-7.6357e-05,-1.2016e+05,-575.87
-3.2911e-05,-9.6026e-05,-1.2529e+05,-716.33
-3.6294e-05,-0.0001158,-1.3818e+05,-859.9
-3.7712e-05,-0.00014076,-1.436e+05,-1037.8
-4.0969e-05,-0.00015437,-1.5601e+05,-1137.8
-4.2394e-05,-0.00018588,-1.6147e+05,-1361.9
-4.5618e-05,-0.00020332,-1.7375e+05,-1488.8
-4.7016e-05,-0.00022407,-1.791e+05,-1637
-5.0155e-05,-0.00024747,-1.9107e+05,-1805.9
-5.1518e-05,-0.00027522,-1.9628e+05,-2003.5
-5.4496e-05,-0.00028797,-2.0763e+05,-2097
-5.5874e-05,-0.00032216,-2.1291e+05,-2340.1
-5.8813e-05,-0.00033219,-2.241e+05,-2414.3
-6.0047e-05,-0.00034879,-2.2881e+05,-2533.1
-6.2872e-05,-0.00036361,-2.3958e+05,-2641
-6.408e-05,-0.00038363,-2.442e+05,-2783.9
-6.6688e-05,-0.00037732,-2.5412e+05,-2742.4
-6.7846e-05,-0.00039852,-2.5854e+05,-2893.4
-7.0198e-05,-0.00038985,-2.6748e+05,-2834.9
-7.1272e-05,-0.00040192,-2.7158e+05,-2921.5
-7.3404e-05,-0.00038928,-2.7968e+05,-2834.7
-7.4429e-05,-0.00039918,-2.8359e+05,-2905.8
-7.6429e-05,-0.00037252,-2.9117e+05,-2719.9
-7.737e-05,-0.00035086,-2.9472e+05,-2568
-7.9081e-05,-0.00032453,-3.012e+05,-2384.1
-7.9899e-05,-0.00034359,-3.0434e+05,-2519.7
-8.1367e-05,-0.00031656,-3.0989e+05,-2330.5
-8.2097e-05,-0.0003265,-3.1268e+05,-2401.5
-8.3361e-05,-0.00030161,-3.1746e+05,-2227.2
-8.393e-05,-0.00029941,-3.1962e+05,-2212.3
-8.4948e-05,-0.00028594,-3.2348e+05,-2118.4
-8.5423e-05,-0.00028355,-3.2528e+05,-2102
-8.6163e-05,-0.00027225,-3.2809e+05,-2023.1
-8.6509e-05,-0.00028158,-3.2942e+05,-2089.4
-8.7059e-05,-0.00026049,-3.3148e+05,-1941.1
-8.7287e-05,-0.00025589,-3.3235e+05,-1908.9
-8.7599e-05,-0.00024237,-3.3352e+05,-1813.8
-8.7705e-05,-0.00025694,-3.3394e+05,-1916.8
-8.782e-05,-0.00023406,-3.3435e+05,-1755.3
-8.78e-05,-0.00023608,-3.3427e+05,-1769.5
-8.7653e-05,-0.00023237,-3.3371e+05,-1743.2
-8.7482e-05,-0.00026872,-3.331e+05,-1999.8
-8.715e-05,-0.00022991,-3.3179e+05,-1725.2
-8.692e-05,-0.00025702,-3.3095e+05,-1916.4
-8.6346e-05,-0.00022767,-3.2873e+05,-1708.5
-8.5966e-05,-0.00024739,-3.2731e+05,-1847.3
-8.5119e-05,-0.00025358,-3.2409e+05,-1890
-8.4709e-05,-0.00025374,-3.2253e+05,-1890.7
-8.3649e-05,-0.00022719,-3.1847e+05,-1701.9
-8.3133e-05,-0.00025343,-3.1654e+05,-1886.6
-8.1832e-05,-0.00022066,-3.1155e+05,-1653.7
-8.1258e-05,-0.00022665,-3.0937e+05,-1695.3
-7.9756e-05,-0.00022213,-3.0365e+05,-1661.6
-7.9049e-05,-0.0002332,-3.0098e+05,-1739
-7.7426e-05,-0.00021969,-2.9478e+05,-1641.6
-7.6727e-05,-0.00022936,-2.9213e+05,-1709.1
-7.5025e-05,-0.00021613,-2.8564e+05,-1613.7
-7.4366e-05,-0.00019302,-2.8311e+05,-1449.7
-7.283e-05,-0.00020037,-2.7727e+05,-1499.8
-7.2128e-05,-0.00017659,-2.7458e+05,-1331.1
-7.0502e-05,-0.00018225,-2.684e+05,-1369.1
-6.9582e-05,-0.00017714,-2.6489e+05,-1332
-6.7628e-05,-0.00015697,-2.5743e+05,-1187.2
-6.6604e-05,-0.00017618,-2.5356e+05,-1321.7
-6.4336e-05,-0.00016477,-2.4492e+05,-1238.5
-6.3179e-05,-0.00016127,-2.4051e+05,-1212.4
-6.0706e-05,-0.00015528,-2.311e+05,-1167.2
-5.9421e-05,-0.00018094,-2.2624e+05,-1346.9
-5.6869e-05,-0.00016895,-2.1651e+05,-1259.3
-5.5557e-05,-0.00021344,-2.1158e+05,-1571.9
-5.2801e-05,-0.00022004,-2.011e+05,-1615.3
-5.1439e-05,-0.00026032,-1.9596e+05,-1898.1
-4.8571e-05,-0.00030292,-1.851e+05,-2195.6
-4.7153e-05,-0.00035939,-1.7978e+05,-2592.7
-4.4406e-05,-0.00040148,-1.6937e+05,-2886.8
-4.2932e-05,-0.00046101,-1.6384e+05,-3305.4
-4.0989e-05,-0.00049184,-1.5648e+05,-3520.8
-3.8964e-05,-0.00048429,-1.4877e+05,-3465.1
-3.6844e-05,-0.00044992,-1.4067e+05,-3219.9
-3.4765e-05,-0.00041298,-1.3271e+05,-2956.6
-3.3222e-05,-0.00037152,-1.268e+05,-2662.1
-3.0944e-05,-0.00033095,-1.1808e+05,-2372.9
-2.8253e-05,-0.00028866,-1.078e+05,-2071.1
-2.6903e-05,-0.00024342,-1.0261e+05,-1750.1
-2.2658e-05,-0.00019134,-86402,-1377.4
-2.1587e-05,-0.00013447,-82264,-974.57
-1.7406e-05,-7.3384e-05,-66286,-538.4
-1.506e-05,-1.6036e-06,-57284,-28.848
-1.1962e-05,0.00010037,-45380,694.74
-8.3439e-06,0.00023566,-33957,1510.5
-5.2425e-06,0.00036331,-15951,2784.2
-3.0102e-07,0.0004458,7688.5,3595
2e-06,0.00063047,21999,5168.5
2.1056e-06,0.00050794,19091,4140.4
1.878e-06,0.00049392,17714,4016.3
1.3158e-06,0.0004812,14865,3892.8
3.0674e-07,0.00047481,10246,3810.9
-2.4898e-07,0.00046647,7574.9,3725.1
-1.4941e-06,0.00046109,2003.3,3646.5
-2.2942e-06,0.00045378,-1654,3564.2
-3.8246e-06,0.00044914,-8363.9,3486.5
-4.8877e-06,0.00044271,-13057,3407.1
-6.6317e-06,0.00043775,-20480,3329.9
-7.6194e-06,0.00043216,-24845,3257.1
-8.5222e-06,0.00042932,-28643,3216.6
-9.5074e-06,0.00042404,-32455,3175.7
-1.0399e-05,0.00042377,-36508,3135.5
-1.1426e-05,0.0004201,-40668,3094.7
-1.2333e-05,0.0004184,-44527,3057.9
-1.3428e-05,0.0004155,-48984,3019.2
-1.4343e-05,0.00041233,-52720,2981
-1.5378e-05,0.00040945,-56902,2944.9
-1.6568e-05,0.00040686,-61659,2911.1
-1.7621e-05,0.00040363,-65864,2875
-1.8571e-05,0.00040011,-69631,2839.4
-1.9694e-05,0.00039689,-74052,2806.1
-2.0883e-05,0.00039345,-78700,2772.3
-2.2015e-05,0.00038989,-83105,2739.6
-2.3025e-05,0.00038561,-87018,2703.8
-2.3942e-05,0.00038101,-90558,2666.9
-2.5257e-05,0.00037684,-95605,2633.2
-2.6141e-05,0.00037172,-98990,2594.9
-2.7638e-05,0.00036791,-1.047e+05,2565.7
-2.8652e-05,0.00036323,-1.0856e+05,2531.5
-3.0343e-05,0.00035951,-1.1499e+05,2503.3
-3.1462e-05,0.00035485,-1.1926e+05,2469.1
-3.2735e-05,0.00035034,-1.241e+05,2435.7
-3.3811e-05,0.00034541,-1.282e+05,2399.7
-3.5162e-05,0.00034083,-1.3335e+05,2365.8
-3.6274e-05,0.00033583,-1.3758e+05,2329.2
-3.7535e-05,0.00033106,-1.4238e+05,2294.1
-3.8657e-05,0.00032607,-1.4666e+05,2257.6
-3.996e-05,0.00032138,-1.5162e+05,2223
-4.118e-05,0.00031655,-1.5627e+05,2187.4
-4.258e-05,0.00031196,-1.616e+05,2153.4
-4.3773e-05,0.00030702,-1.6614e+05,2117.2
-4.4975e-05,0.00030219,-1.7072e+05,2081.7
-4.6174e-05,0.00029736,-1.7529e+05,2046.2
-4.7406e-05,0.00029259,-1.7998e+05,2011.1
-4.8714e-05,0.00028787,-1.8496e+05,1976.3
-4.9962e-05,0.00028305,-1.8971e+05,1940.8
-5.1066e-05,0.00027809,-1.9392e+05,1904.5
-5.2281e-05,0.0002733,-1.9855e+05,1869.2
-5.3372e-05,0.00026832,-2.027e+05,1832.8
-5.488e-05,0.00026383,-2.0844e+05,1799.3
-5.6047e-05,0.000259,-2.1289e+05,1763.9
-5.7248e-05,0.00025413,-2.1746e+05,1728.2
-5.8597e-05,0.00024947,-2.226e+05,1693.7
-5.9683e-05,0.00024447,-2.2674e+05,1657.1
-6.0892e-05,0.00023961,-2.3134e+05,1621.4
-6.2141e-05,0.00023482,-2.361e+05,1586.1
-6.3332e-05,0.00022997,-2.4064e+05,1550.5
-6.4615e-05,0.0002252,-2.4552e+05,1515.3
-6.5824e-05,0.00022036,-2.5013e+05,1479.7
-6.7224e-05,0.00021574,-2.5546e+05,1445.5
-6.8371e-05,0.00021085,-2.5983e+05,1409.6
-6.9579e-05,0.00020606,-2.6443e+05,1374.4
-7.0772e-05,0.00020112,-2.6898e+05,1338.2
-7.2124e-05,0.00019643,-2.7413e+05,1303.5
-7.3133e-05,0.00019135,-2.7797e+05,1266.5
-7.4262e-05,0.00018644,-2.8227e+05,1230.4
-7.5273e-05,0.0001813,-2.8612e+05,1193
-7.6502e-05,0.00017651,-2.9081e+05,1157.7
-7.7531e-05,0.00017142,-2.9473e+05,1120.6
-7.8547e-05,0.00016637,-2.986e+05,1083.8
-7.942e-05,0.00016107,-3.0193e+05,1045.3
-8.0577e-05,0.00015617,-3.0633e+05,1009.3
-8.1333e-05,0.00015075,-3.0922e+05,970.17
-8.2334e-05,0.00014571,-3.1303e+05,933.43
-8.2969e-05,0.00014009,-3.1545e+05,893.02
-8.4155e-05,0.0001352,-3.1997e+05,857.11
-8.4834e-05,0.00012913,-3.2256e+05,813.38
-8.6722e-05,0.00012015,-3.2976e+05,747.81
-8.7551e-05,0.00010985,-3.3292e+05,674.07
-8.9089e-05,0.00010023,-3.3879e+05,604.37
-8.9864e-05,8.96e-05,-3.4175e+05,528.39
-9.1066e-05,7.9697e-05,-3.4633e+05,457.05
-9.1778e-05,6.8914e-05,-3.4906e+05,380.05
-9.3269e-05,5.9312e-05,-3.5474e+05,310.5
-9.4384e-05,4.1843e-05,-3.59e+05,185.81
-9.5038e-05,-9.6265e-05,-3.6165e+05,-790.47
-9.3838e-05,-0.00088148,-3.5801e+05,-6335.4
4.0953e-05,-0.0044227,-40971,-20083
