-3.1489e-05,-0.0029648,-2.0146e+05,-31141
-3.3248e-05,-0.0018225,-1.5581e+05,-21073
-3.2353e-05,-0.00095624,-1.4602e+05,-11234
-3.5696e-05,-0.00030325,-1.518e+05,-3969.3
-3.6064e-05,6.0724e-05,-1.459e+05,-84.207
-3.2858e-05,0.00026889,-1.2858e+05,2207.1
-3.2704e-05,0.00033417,-1.2663e+05,2908.3
-3.2119e-05,0.00034347,-1.2405e+05,3019.6
-3.1487e-05,0.00031541,-1.2204e+05,2732.4
-3.0785e-05,0.00027585,-1.1998e+05,2323.7
-2.9969e-05,0.00023562,-1.1747e+05,1910
-2.9329e-05,0.00019478,-1.1569e+05,1486.4
-2.8253e-05,0.00015203,-1.1217e+05,1051.1
-2.8773e-05,0.00010644,-1.1522e+05,552.96
-2.5992e-05,5.4233e-05,-1.0493e+05,51.253
-2.556e-05,9.0383e-06,-1.0409e+05,-423.26
-2.4957e-05,-1.0367e-05,-1.0203e+05,-618.53
-2.3877e-05,-1.6804e-05,-97750,-665.39
-2.302e-05,-2.0936e-05,-94339,-692.14
-2.3862e-05,-1.5678e-05,-97668,-653.05
-2.11e-05,-7.5305e-06,-86231,-509.72
-2.1138e-05,-1.2355e-05,-86485,-562.09
-2.0537e-05,-9.1669e-06,-83970,-515.79
-2.0219e-05,-2.3807e-06,-82533,-436.75
-1.9707e-05,-9.2452e-07,-80415,-410.76
-1.9336e-05,2.8451e-06,-78825,-362.91
-1.8791e-05,5.4587e-06,-76549,-323.88
-1.8278e-05,9.0879e-06,-74383,-274.63
-1.7518e-05,6.3393e-06,-71338,-288.57
-1.7064e-05,1.5847e-06,-69582,-330.17
-1.656e-05,-3.8974e-06,-67639,-378.54
-1.6098e-05,-4.4375e-06,-65763,-374.91
-1.5289e-05,-3.5413e-06,-62444,-348.87
-1.5036e-05,-1.0976e-05,-61564,-423.22
-1.4931e-05,-8.0101e-06,-61076,-389.37
-1.3114e-05,2.1588e-06,-53455,-243.66
-1.2665e-05,6.0148e-06,-51546,-193.31
-1.2693e-05,1.7848e-05,-51419,-67.354
-1.1748e-05,3.4416e-05,-47229,129.01
-1.1487e-05,5.2851e-05,-45790,331.44
-1.085e-05,6.7141e-05,-42901,497.19
-1.0856e-05,8.4091e-05,-42580,678.32
-1.0128e-05,0.00010146,-39255,878.88
-1.0184e-05,0.0001167,-39175,1040.7
-9.4731e-06,0.00012996,-36004,1196.9
-9.7015e-06,0.0001444,-36710,1341.8
-9.0228e-06,0.000157,-33910,1475.3
-9.0918e-06,0.00016941,-34027,1601.5
-8.5344e-06,0.00017853,-31694,1703.7
-8.8048e-06,0.00018869,-32606,1806.2
-8.1342e-06,0.00019693,-29767,1906.2
-8.1642e-06,0.00020743,-29661,2019.7
-7.6843e-06,0.00021456,-27539,2108.7
-7.86e-06,0.00021675,-28221,2127.8
-7.4739e-06,0.00022079,-26516,2183
-7.7642e-06,0.00022387,-27606,2211.3
-6.8835e-06,0.00022688,-23816,2271.8
-7.0304e-06,0.0002181,-24660,2169.9
-6.8185e-06,0.00021222,-23895,2112.3
-6.8913e-06,0.0002014,-24441,1992.2
-6.6719e-06,0.00019253,-23700,1902.9
-6.8599e-06,0.0001774,-24795,1734.2
-6.7099e-06,0.00016503,-24410,1605.8
-6.9853e-06,0.00014672,-25856,1405.5
-6.8376e-06,0.00013135,-25492,1248
-7.2051e-06,0.00011198,-27203,1044.6
-7.1842e-06,9.6114e-05,-27353,881.58
-7.604e-06,8.1015e-05,-29373,711.6
-7.6768e-06,6.8457e-05,-29925,575.84
-8.0034e-06,5.1452e-05,-31604,387.37
-8.1808e-06,4.1314e-05,-32533,275.37
-8.8257e-06,3.0056e-05,-35393,141.87
-8.9763e-06,2.4593e-05,-36118,80.387
-9.7807e-06,2.2797e-05,-39436,44.827
-1.0006e-05,2.7834e-05,-40253,94.103
-1.1028e-05,4.3231e-05,-44109,237.96
-1.1039e-05,5.8609e-05,-43841,402.17
-1.2275e-05,4.5108e-05,-49156,232.67
-1.2603e-05,4.1293e-05,-50573,185.19
-1.3538e-05,3.417e-05,-54532,90.015
-1.3909e-05,3.6165e-05,-56004,103.81
-1.5035e-05,2.7402e-05,-60777,-12.809
-1.5519e-05,2.3477e-05,-62834,-64.632
-1.6633e-05,1.3297e-05,-67584,-196.14
-1.72e-05,1.447e-05,-69873,-195.13
-1.8289e-05,5.6693e-06,-74495,-311.39
-1.8788e-05,8.393e-06,-76477,-292.43
-2.0079e-05,1.0971e-05,-81689,-291.11
-2.0613e-05,1.7403e-05,-83737,-233.18
-2.2028e-05,-3.7251e-06,-89939,-487.9
-2.2562e-05,-1.2504e-05,-92296,-592.64
-2.3691e-05,-3.0525e-05,-97272,-808.33
-2.4362e-05,-3.8063e-05,-1.0016e+05,-902.6
-2.538e-05,-5.0721e-05,-1.0457e+05,-1058.7
-2.6133e-05,-6.0192e-05,-1.0784e+05,-1175.3
-2.7225e-05,-7.1736e-05,-1.1253e+05,-1320.9
-2.7995e-05,-7.7871e-05,-1.158e+05,-1402.2
-2.9064e-05,-9.2192e-05,-1.2044e+05,-1577.1
-2.9795e-05,-9.9627e-05,-1.2358e+05,-1671.5
-3.0828e-05,-0.00010634,-1.2793e+05,-1764.3
-3.1571e-05,-9.9854e-05,-1.3083e+05,-1710
-3.2499e-05,-0.0001057,-1.3474e+05,-1791.5
-3.3181e-05,-0.00011167,-1.3764e+05,-1869.1
-3.4277e-05,-0.00010816,-1.4204e+05,-1854
-3.5095e-05,-0.00011091,-1.4543e+05,-1900
-3.5902e-05,-0.00012301,-1.4897e+05,-2045.8
-3.6568e-05,-0.00012455,-1.5172e+05,-2075.8
-3.7338e-05,-0.0001331,-1.5504e+05,-2182.9
-3.8021e-05,-0.00012696,-1.577e+05,-2131.2
-3.8743e-05,-0.00012957,-1.607e+05,-2173.8
-3.9418e-05,-0.00012768,-1.6341e+05,-2167.3
-4.0035e-05,-0.00012593,-1.659e+05,-2161.2
-4.0649e-05,-0.00011756,-1.6823e+05,-2084.1
-4.1175e-05,-0.00011541,-1.7033e+05,-2071.8
-4.1762e-05,-0.00011318,-1.7268e+05,-2059.9
-4.2179e-05,-0.00010644,-1.7424e+05,-1996.3
-4.2661e-05,-9.894e-05,-1.7606e+05,-1926
-4.3024e-05,-9.8136e-05,-1.7752e+05,-1924.7
-4.3397e-05,-0.00011047,-1.793e+05,-2064.2
-4.3609e-05,-0.00010029,-1.7996e+05,-1959.6
-4.3919e-05,-0.00010937,-1.814e+05,-2063
-4.3955e-05,-9.1411e-05,-1.8119e+05,-1871.7
-4.4144e-05,-9.5464e-05,-1.8204e+05,-1918.9
-4.4119e-05,-0.00010264,-1.8208e+05,-1995.2
-4.4393e-05,-9.822e-05,-1.8311e+05,-1953.5
-4.4238e-05,-8.8801e-05,-1.8229e+05,-1849.6
-4.466e-05,-9.698e-05,-1.8418e+05,-1945.6
-4.3943e-05,-8.5008e-05,-1.8101e+05,-1803
-4.4306e-05,-7.8576e-05,-1.8236e+05,-1741.6
-4.4129e-05,-8.0717e-05,-1.8168e+05,-1760.9
-4.4303e-05,-8.4034e-05,-1.8246e+05,-1799.9
-4.3959e-05,-8.3244e-05,-1.8104e+05,-1784.5
-4.3378e-05,-9.4902e-05,-1.789e+05,-1897.3
-4.3503e-05,-8.8087e-05,-1.7927e+05,-1827
-4.3392e-05,-7.6778e-05,-1.7859e+05,-1703.8
-4.3145e-05,-8.394e-05,-1.7773e+05,-1775.3
-4.304e-05,-7.2589e-05,-1.7707e+05,-1651.8
-4.2571e-05,-7.9643e-05,-1.753e+05,-1717.7
-4.2061e-05,-7.7102e-05,-1.7317e+05,-1680.2
-4.3136e-05,-6.0798e-05,-1.7722e+05,-1527.7
-4.1906e-05,-8.2098e-05,-1.7264e+05,-1730.4
-4.088e-05,-8.13e-05,-1.6844e+05,-1701
-4.0746e-05,-7.3087e-05,-1.6772e+05,-1610.5
-3.9976e-05,-6.6101e-05,-1.6444e+05,-1520.1
-4.1103e-05,-7.2229e-05,-1.6916e+05,-1608.6
-3.8569e-05,-7.6066e-05,-1.589e+05,-1598
-3.7921e-05,-9.4641e-05,-1.5663e+05,-1783.5
-3.7206e-05,-9.0792e-05,-1.5364e+05,-1727.8
-3.6752e-05,-0.0001051,-1.5207e+05,-1871.6
-3.5677e-05,-0.00011753,-1.4794e+05,-1982.6
-3.4913e-05,-0.00013073,-1.4509e+05,-2108.2
-3.3999e-05,-0.00013762,-1.415e+05,-2163.3
-3.326e-05,-0.0001576,-1.389e+05,-2362
-3.2117e-05,-0.00016067,-1.3429e+05,-2371.6
-3.1725e-05,-0.00014727,-1.3242e+05,-2220.3
-3.0865e-05,-0.00012466,-1.2846e+05,-1961
-3.0211e-05,-0.00010344,-1.2535e+05,-1720.7
-2.9185e-05,-8.5362e-05,-1.208e+05,-1506.5
-2.7477e-05,-6.8814e-05,-1.135e+05,-1294.8
-2.8731e-05,-4.8084e-05,-1.1819e+05,-1098.6
-2.5114e-05,-3.714e-05,-1.0321e+05,-908.03
-2.6038e-05,-2.4427e-05,-1.0672e+05,-790.85
-2.3302e-05,-1.9609e-05,-95459,-683.68
-2.1806e-05,-1.7382e-05,-89313,-629.44
-2.2798e-05,-1.6133e-05,-93333,-636.27
-1.8136e-05,-4.6425e-05,-74930,-865.38
-1.8371e-05,-9.0729e-05,-76793,-1344
-1.523e-05,-0.00015521,-65291,-1969.7
-1.808e-06,-0.00016637,-8448.6,-1948.1
2.4262e-06,0.00012486,13296,1428.8
3.8108e-06,0.00017647,22148,2113.4
4.2977e-06,0.0001756,24340,2122.9
5.3939e-06,0.0001724,29287,2129.8
5.757e-06,0.00016863,30844,2099.8
6.4923e-06,0.00016368,34121,2070.6
6.4085e-06,0.0001613,33651,2038.8
6.7364e-06,0.00015763,35067,2008.3
6.7763e-06,0.0001548,35158,1976.4
6.9304e-06,0.00015164,35776,1945
6.7303e-06,0.00014956,34756,1912.3
6.8138e-06,0.00014681,35057,1883.2
6.7678e-06,0.00014537,34790,1864.3
6.8312e-06,0.00014366,35037,1846.5
6.5671e-06,0.00014286,33766,1826.9
6.5604e-06,0.00014129,33692,1808.3
6.3296e-06,0.00014021,32571,1786.7
6.3585e-06,0.00013856,32663,1768.5
6.1475e-06,0.00013758,31649,1749.3
6.039e-06,0.00013621,31103,1729.4
5.9091e-06,0.00013493,30457,1709.7
5.679e-06,0.00013401,29366,1690.8
5.5536e-06,0.00013267,28741,1670.4
5.2733e-06,0.00013176,27420,1649.8
5.0707e-06,0.00013079,26451,1631.2
4.8723e-06,0.00012961,25503,1610.4
4.5858e-06,0.00012891,24165,1592
4.3504e-06,0.00012806,23066,1573.9
4.0324e-06,0.00012754,21598,1556.6
3.7426e-06,0.00012692,20265,1539.3
3.5981e-06,0.00012562,19574,1519.5
3.2613e-06,0.00012477,18031,1498
3.1013e-06,0.00012346,17274,1477.8
2.8651e-06,0.00012233,16184,1456.9
2.6234e-06,0.00012119,15070,1436
2.268e-06,0.00012007,13455,1411.4
2.2126e-06,0.00011842,13171,1391.5
1.7751e-06,0.00011789,11216,1371.2
1.4848e-06,0.00011662,9899.8,1347.5
1.1538e-06,0.00011512,8403.1,1320.2
9.2444e-07,0.00011401,7365.6,1300.4
4.0297e-07,0.00011326,5062.7,1275.4
1.0228e-07,0.00011221,3723.1,1254.2
-4.7224e-07,0.00011119,1202.2,1224.9
-7.4706e-07,0.00011109,9.4029,1215
-1.2143e-06,0.00011032,-2018.6,1192.5
-1.3633e-06,0.00010891,-2697.1,1172.3
-1.8325e-06,0.00010812,-4722.6,1149.8
-2.0739e-06,0.0001069,-5784.7,1129.3
-2.6333e-06,0.00010627,-8174.5,1106.4
-2.7737e-06,0.00010485,-8805.4,1086.9
-3.2664e-06,0.00010407,-10906,1064.6
-3.4875e-06,0.00010273,-11871,1043.8
-3.7293e-06,0.00010137,-12920,1022.4
-4.2108e-06,0.00010063,-14960,1001.2
-4.6852e-06,9.9792e-05,-16963,979.63
-4.9923e-06,9.8584e-05,-18270,958.56
-5.6664e-06,9.8115e-05,-21077,936.83
-6.1089e-06,9.724e-05,-22922,916.96
-6.5897e-06,9.6319e-05,-24918,896.23
-6.7889e-06,9.4834e-05,-25765,876.02
-7.3779e-06,9.4039e-05,-28185,855.48
-7.9561e-06,9.3198e-05,-30561,834.72
-8.3601e-06,9.1997e-05,-32233,813.67
-8.5708e-06,9.043e-05,-33125,792.62
-9.1905e-06,8.9672e-05,-35668,771.91
-9.7828e-06,8.8944e-05,-38099,752.09
-1.0316e-05,8.8038e-05,-40294,731.55
-1.0603e-05,8.6758e-05,-41491,712.02
-1.1064e-05,8.5732e-05,-43390,691.69
-1.1488e-05,8.4627e-05,-45143,671.25
-1.2081e-05,8.3913e-05,-47578,651.55
-1.2466e-05,8.2734e-05,-49171,631.12
-1.2918e-05,8.1701e-05,-51037,610.88
-1.3393e-05,8.0767e-05,-52993,591.23
-1.3934e-05,7.9967e-05,-55216,571.68
-1.4205e-05,7.8573e-05,-56352,551.25
-1.4671e-05,7.7637e-05,-58271,531.76
-1.5278e-05,7.69e-05,-60762,511.54
-1.5858e-05,7.6025e-05,-63146,490.39
-1.6898e-05,7.4525e-05,-67418,453.21
-1.764e-05,7.2723e-05,-70482,418.85
-1.8921e-05,7.1865e-05,-75727,383.61
-1.9924e-05,7.0745e-05,-79842,351.23
-2.0877e-05,6.9169e-05,-83761,315.01
-2.2172e-05,6.863e-05,-89055,282.9
-2.3663e-05,6.7852e-05,-95153,244.26
-2.5157e-05,5.3571e-05,-1.0154e+05,61.154
-2.589e-05,-9.6938e-05,-1.0759e+05,-1563.3
-2.6546e-05,-0.00049385,-1.1812e+05,-5837.4
-2.4872e-05,-0.0013786,-1.133e+05,-16172
