0.00036734,-0.016084,-5.9173e+05,-79607
-7.227e-05,-0.0041547,-4.1976e+05,-43036
-7.7366e-05,-0.0017386,-3.4456e+05,-20604
-7.8725e-05,-0.00024542,-3.262e+05,-4226.6
-7.8524e-05,0.00053433,-3.0953e+05,4117.7
-7.3555e-05,0.00097854,-2.8023e+05,8969.4
-7.2322e-05,0.0010745,-2.7336e+05,10013
-6.9133e-05,0.0010699,-2.604e+05,10032
-6.7299e-05,0.00095482,-2.5524e+05,8838.3
-6.4158e-05,0.00081968,-2.451e+05,7461.3
-6.2488e-05,0.00071522,-2.4041e+05,6378.1
-5.9816e-05,0.00060821,-2.3168e+05,5287.9
-5.7863e-05,0.00050019,-2.2591e+05,4172.4
-5.5463e-05,0.0003889,-2.1838e+05,3031
-5.1698e-05,0.00027234,-2.0538e+05,1860.9
-4.8547e-05,0.00015623,-1.9489e+05,683.33
-4.6941e-05,9.6901e-05,-1.8954e+05,81.453
-4.3394e-05,6.0208e-05,-1.7581e+05,-238.81
-4.1696e-05,1.8601e-05,-1.6973e+05,-649.24
-3.9677e-05,2.2475e-06,-1.6182e+05,-783.06
-3.7022e-05,-1.5849e-06,-1.5107e+05,-770.03
-3.394e-05,-2.2099e-05,-1.3892e+05,-926.74
-3.3284e-05,-3.4886e-05,-1.365e+05,-1050.1
-3.0125e-05,-2.2061e-05,-1.2335e+05,-848.71
-2.9915e-05,-1.9419e-05,-1.2244e+05,-816.18
-2.7115e-05,4.7893e-06,-1.1052e+05,-500.37
-2.7021e-05,2.2223e-05,-1.0979e+05,-312.03
-2.3754e-05,5.0853e-05,-95871,60.594
-2.2856e-05,4.2029e-05,-92390,-15.511
-2.0691e-05,6.5842e-05,-83073,283.14
-2.1987e-05,8.5883e-05,-87949,471.13
-2.1207e-05,0.00010842,-84309,727.98
-1.9925e-05,0.00016528,-77925,1362.1
-1.894e-05,0.00020702,-73059,1828.5
-1.8552e-05,0.00026284,-70570,2417.4
-1.7812e-05,0.00033242,-66276,3171.1
-1.8028e-05,0.00040294,-65732,3923.3
-1.6041e-05,0.00046806,-55714,4701.7
-1.5923e-05,0.00051925,-53538,5293.9
-1.4091e-05,0.00056038,-44155,5838.5
-1.3457e-05,0.0005611,-41344,5871.4
-1.2736e-05,0.00058229,-37377,6148.8
-1.1857e-05,0.00060363,-32587,6439.1
-1.1484e-05,0.00062188,-30198,6671.2
-1.0509e-05,0.00063662,-25202,6888.8
-1.0496e-05,0.00065108,-24487,7063.8
-9.4531e-06,0.00066048,-19396,7221.9
-9.5983e-06,0.00067053,-19576,7337.8
-8.5082e-06,0.00067254,-14532,7410.1
-8.8755e-06,0.00067681,-16014,7445.2
-7.6557e-06,0.00067322,-10610,7457.5
-7.9569e-06,0.00066784,-12161,7382
-7.0975e-06,0.00065338,-8854.1,7249.1
-7.4983e-06,0.00063378,-11550,6995.2
-7.0435e-06,0.00060973,-10398,6734
-7.6949e-06,0.00058315,-14365,6393.5
-7.0422e-06,0.00055147,-12560,6054.4
-7.5921e-06,0.00050821,-16815,5517.1
-7.7267e-06,0.00046516,-19071,5006.4
-8.3872e-06,0.00041674,-23742,4416.4
-8.6053e-06,0.00036837,-26235,3856.9
-9.6314e-06,0.00031517,-32199,3223.9
-1.0005e-05,0.0002653,-35108,2658.4
-1.1353e-05,0.00021283,-42003,2047
-1.1844e-05,0.00016518,-45032,1522
-1.3558e-05,0.00012082,-52894,1013.6
-1.4257e-05,8.3935e-05,-56461,606.97
-1.6415e-05,5.8067e-05,-65785,287.03
-1.7153e-05,3.8449e-05,-69193,62.249
-1.9484e-05,2.0404e-05,-79070,-178.13
-2.0331e-05,1.9067e-05,-82552,-209.66
-2.2963e-05,8.4418e-06,-93506,-376.81
-2.3778e-05,6.1383e-06,-96881,-418.04
-2.6523e-05,2.5185e-06,-1.0815e+05,-512.58
-2.7396e-05,-1.7523e-06,-1.118e+05,-576.01
-3.0212e-05,3.2035e-06,-1.2319e+05,-580.29
-3.102e-05,7.3515e-06,-1.264e+05,-552.37
-3.407e-05,-1.1859e-05,-1.3924e+05,-819.86
-3.5054e-05,-3.0564e-05,-1.4363e+05,-1039.9
-3.7805e-05,-5.1482e-05,-1.5528e+05,-1319.6
-3.8884e-05,-6.8029e-05,-1.6002e+05,-1518.5
-4.1752e-05,-8.5637e-05,-1.7208e+05,-1765.2
-4.2948e-05,-0.00011157,-1.7749e+05,-2066.8
-4.5772e-05,-0.00013127,-1.8941e+05,-2335
-4.704e-05,-0.00014416,-1.9485e+05,-2498.7
-4.978e-05,-0.00016443,-2.0644e+05,-2771.2
-5.0974e-05,-0.00017794,-2.1159e+05,-2940
-5.3806e-05,-0.00017805,-2.2315e+05,-2998.8
-5.5069e-05,-0.00019189,-2.2858e+05,-3172.5
-5.7986e-05,-0.00021518,-2.4096e+05,-3481
-5.9159e-05,-0.00023435,-2.4613e+05,-3709.9
-6.1732e-05,-0.00025853,-2.5712e+05,-4020.9
-6.3014e-05,-0.00027747,-2.6274e+05,-4249.7
-6.5377e-05,-0.00028341,-2.7251e+05,-4361.3
-6.6701e-05,-0.00030587,-2.7837e+05,-4628.4
-6.9012e-05,-0.00030955,-2.8787e+05,-4714.9
-7.0314e-05,-0.00032503,-2.935e+05,-4907
-7.2473e-05,-0.00033074,-3.0243e+05,-5012
-7.3695e-05,-0.00034605,-3.0772e+05,-5200.6
-7.5711e-05,-0.00033421,-3.1571e+05,-5115.1
-7.6877e-05,-0.00031037,-3.1998e+05,-4883.8
-7.8651e-05,-0.0002914,-3.2684e+05,-4716.9
-7.9725e-05,-0.00030117,-3.3142e+05,-4843.4
-8.1561e-05,-0.00027316,-3.3834e+05,-4581.1
-8.2721e-05,-0.00027648,-3.4314e+05,-4640.2
-8.4145e-05,-0.00026709,-3.4876e+05,-4568.8
-8.5067e-05,-0.00026456,-3.5247e+05,-4560.5
-8.6315e-05,-0.0002611,-3.575e+05,-4548.9
-8.7196e-05,-0.00025247,-3.6092e+05,-4474.4
-8.8256e-05,-0.00024614,-3.6512e+05,-4428.4
-8.9059e-05,-0.00024984,-3.6847e+05,-4484.3
-8.9912e-05,-0.00023549,-3.7166e+05,-4348.1
-9.0575e-05,-0.00022634,-3.7418e+05,-4263.8
-9.1206e-05,-0.0002188,-3.766e+05,-4195.9
-9.1818e-05,-0.00022891,-3.793e+05,-4316.5
-9.2239e-05,-0.00021328,-3.807e+05,-4157.9
-9.2686e-05,-0.00021107,-3.8248e+05,-4143.4
-9.2914e-05,-0.00021194,-3.8343e+05,-4157.3
-9.317e-05,-0.00024827,-3.8521e+05,-4551.1
-9.3173e-05,-0.00021935,-3.8464e+05,-4241.9
-9.3359e-05,-0.00024683,-3.8595e+05,-4539.6
-9.3052e-05,-0.00021461,-3.8405e+05,-4188.7
-9.3049e-05,-0.00023176,-3.8438e+05,-4372.1
-9.2531e-05,-0.00024348,-3.8251e+05,-4487
-9.2581e-05,-0.00023948,-3.8263e+05,-4445.1
-9.1826e-05,-0.0002152,-3.7905e+05,-4170.1
-9.1964e-05,-0.00023814,-3.8009e+05,-4418.3
-9.0523e-05,-0.00020702,-3.7357e+05,-4056
-9.0572e-05,-0.00020292,-3.7369e+05,-4013.2
-8.9547e-05,-0.00020113,-3.6947e+05,-3973.1
-8.9333e-05,-0.00020929,-3.6876e+05,-4056.1
-8.808e-05,-0.00019946,-3.6344e+05,-3925.4
-8.711e-05,-0.00021542,-3.5981e+05,-4076.4
-8.6305e-05,-0.00019992,-3.5621e+05,-3894.2
-8.5836e-05,-0.00017417,-3.5377e+05,-3609.2
-8.473e-05,-0.00018445,-3.4947e+05,-3696.7
-8.4251e-05,-0.00015877,-3.4699e+05,-3412.2
-8.287e-05,-0.00016831,-3.4155e+05,-3486.2
-8.187e-05,-0.00016259,-3.3735e+05,-3404.6
-8.1871e-05,-0.0001345,-3.3678e+05,-3104.2
-8.007e-05,-0.000167,-3.301e+05,-3415.1
-7.7798e-05,-0.00016022,-3.2069e+05,-3296.4
-7.7055e-05,-0.00015153,-3.1748e+05,-3188.3
-7.4953e-05,-0.00014279,-3.0872e+05,-3052
-7.5412e-05,-0.00016579,-3.1106e+05,-3307.4
-7.1558e-05,-0.00016467,-2.9531e+05,-3216.9
-7.0207e-05,-0.00020978,-2.9072e+05,-3672
-6.8065e-05,-0.00020963,-2.8198e+05,-3626.8
-6.6888e-05,-0.00024742,-2.7794e+05,-4007.1
-6.4274e-05,-0.00028426,-2.6802e+05,-4347.8
-6.2705e-05,-0.00033048,-2.6256e+05,-4810.3
-6.0311e-05,-0.00036447,-2.5348e+05,-5125.1
-5.8893e-05,-0.00042668,-2.4896e+05,-5761.7
-5.6984e-05,-0.00045235,-2.417e+05,-5997.4
-5.5259e-05,-0.00043617,-2.3433e+05,-5789.2
-5.4184e-05,-0.00039449,-2.2909e+05,-5321.5
-5.2115e-05,-0.00035565,-2.1986e+05,-4863.9
-5.0939e-05,-0.00031843,-2.143e+05,-4441.9
-4.7757e-05,-0.00028446,-2.0063e+05,-4013.8
-4.7505e-05,-0.00024622,-1.9882e+05,-3599.6
-4.3537e-05,-0.00021636,-1.8202e+05,-3199.6
-4.23e-05,-0.00018693,-1.7638e+05,-2859.7
-3.8761e-05,-0.00016375,-1.6146e+05,-2539.7
-3.4493e-05,-0.00014555,-1.4368e+05,-2258.2
-3.4246e-05,-0.00012642,-1.4229e+05,-2048.6
-2.712e-05,-0.00014077,-1.1350e+05,-2057
-2.5049e-05,-0.00016322,-1.0551e+05,-2254.9
-1.9059e-05,-0.00021319,-82091,-2667.5
-2.1212e-06,-0.0001948,-20053,-1736.4
1.6017e-06,0.00045242,23325,5274.1
3.0889e-06,0.00050924,33763,6066.5
3.5566e-06,0.00050192,35631,6000.2
4.2242e-06,0.00049367,38419,5932.2
3.7941e-06,0.00048628,36039,5822.7
4.1162e-06,0.00047621,37103,5716.4
3.106e-06,0.00047082,32075,5603.7
2.8982e-06,0.00046257,30718,5494.4
1.9076e-06,0.00045701,25815,5381.1
1.3882e-06,0.00044973,23055,5269.4
8.9216e-08,0.00044505,16798,5153.6
-5.1606e-07,0.00043843,13702,5046.7
-1.113e-06,0.00043518,10808,4981
-1.6987e-06,0.00043192,7979.6,4916.1
-2.5281e-06,0.00042929,4064.1,4848.1
-3.1539e-06,0.00042597,1076.8,4781.7
-3.902e-06,0.00042286,-2453.7,4712.7
-4.511e-06,0.00041931,-5345.8,4645.1
-5.245e-06,0.00041609,-8781.3,4576.7
-5.9e-06,0.00041252,-11855,4508.1
-6.777e-06,0.00040945,-15882,4437.3
-7.6769e-06,0.00040646,-19984,4367.5
-8.479e-06,0.00040296,-23644,4296.8
-9.3724e-06,0.00039959,-27687,4224.8
-1.0267e-05,0.00039626,-31703,4154.8
-1.1031e-05,0.00039233,-35151,4083
-1.2e-05,0.00038895,-39437,4012.6
-1.2842e-05,0.00038522,-43167,3943
-1.4002e-05,0.00038212,-48210,3872.1
-1.4941e-05,0.00037842,-52307,3802.5
-1.5842e-05,0.00037424,-56233,3729.8
-1.6754e-05,0.00037,-60195,3656.5
-1.7728e-05,0.00036577,-64395,3582.9
-1.8595e-05,0.00036134,-68138,3510.7
-1.9655e-05,0.00035718,-72660,3437.3
-2.0539e-05,0.00035265,-76441,3365.4
-2.1481e-05,0.0003481,-80447,3292.8
-2.2568e-05,0.00034381,-85028,3220.9
-2.366e-05,0.00033943,-89606,3149.4
-2.4694e-05,0.00033484,-93933,3078.2
-2.5611e-05,0.00033004,-97770,3008.3
-2.6893e-05,0.00032584,-1.0309e+05,2937.4
-2.7867e-05,0.00032116,-1.0716e+05,2867.6
-2.9071e-05,0.00031683,-1.1216e+05,2796.7
-3.0073e-05,0.00031223,-1.1634e+05,2727.2
-3.1268e-05,0.00030786,-1.213e+05,2656.1
-3.2123e-05,0.00030297,-1.2489e+05,2586.5
-3.3342e-05,0.00029862,-1.2995e+05,2515.2
-3.4265e-05,0.00029382,-1.3381e+05,2445.1
-3.5361e-05,0.00028936,-1.3838e+05,2375.1
-3.6328e-05,0.00028464,-1.4242e+05,2305
-3.7335e-05,0.00028004,-1.4662e+05,2235.3
-3.8442e-05,0.00027541,-1.5123e+05,2163.3
-3.937e-05,0.00027055,-1.5512e+05,2092.4
-4.0431e-05,0.00026611,-1.5954e+05,2023.4
-4.1694e-05,0.00026182,-1.6478e+05,1951.9
-4.2495e-05,0.00025685,-1.6815e+05,1882.4
-4.378e-05,0.00025273,-1.7347e+05,1812.2
-4.4929e-05,0.00024839,-1.7825e+05,1742.4
-4.5939e-05,0.00024377,-1.8246e+05,1672.6
-4.6817e-05,0.00023886,-1.8614e+05,1602.2
-4.807e-05,0.00023466,-1.9135e+05,1531.8
-4.9261e-05,0.00023042,-1.9629e+05,1462.2
-5.0257e-05,0.00022577,-2.0045e+05,1392.3
-5.1034e-05,0.00022077,-2.0372e+05,1322.9
-5.2243e-05,0.00021648,-2.0874e+05,1252.5
-5.3473e-05,0.00021232,-2.1385e+05,1183
-5.4529e-05,0.00020784,-2.1824e+05,1113.6
-5.5353e-05,0.000203,-2.2171e+05,1045.1
-5.6295e-05,0.00019831,-2.2564e+05,975.82
-5.7382e-05,0.00019381,-2.3017e+05,905.52
-5.8471e-05,0.00018949,-2.347e+05,837.21
-5.9273e-05,0.00018461,-2.3808e+05,768.68
-6.0139e-05,0.00017983,-2.4171e+05,699.99
-6.1209e-05,0.00017541,-2.4616e+05,631
-6.2062e-05,0.00017079,-2.4974e+05,564.19
-6.2927e-05,0.00016591,-2.5337e+05,494.36
-6.3605e-05,0.00016098,-2.5623e+05,427.91
-6.4829e-05,0.00015679,-2.6131e+05,358.18
-6.5686e-05,0.00015167,-2.6491e+05,286.01
-6.7596e-05,0.00014368,-2.7287e+05,161.7
-6.8646e-05,0.00013471,-2.7734e+05,44.365
-7.0593e-05,0.00012711,-2.8544e+05,-76.483
-7.1867e-05,0.00011877,-2.9080e+05,-191.55
-7.3236e-05,0.00011016,-2.9657e+05,-311.55
-7.4718e-05,0.0001023,-3.0278e+05,-425.74
-7.6559e-05,9.4404e-05,-3.1045e+05,-547.66
-7.8756e-05,7.7265e-05,-3.1977e+05,-775.67
-8.0079e-05,-8.1494e-05,-3.284e+05,-2500.7
-7.9817e-05,-0.00084444,-3.4286e+05,-10657
2.5245e-05,-0.0039711,-1.1602e+05,-33508
