0.00078586,-0.025515,-4.6627e+05,-39102
-7.4062e-05,-0.0043404,-3.3257e+05,-27543
-8.0132e-05,-0.001528,-3.0358e+05,-11092
-7.4868e-05,0.00010097,-2.8468e+05,626.03
-7.3309e-05,0.0008619,-2.7787e+05,6002.1
-6.9024e-05,0.0012772,-2.6023e+05,9004.2
-6.6824e-05,0.0013169,-2.5066e+05,9363.6
-6.1195e-05,0.0012679,-2.2864e+05,9065
-5.9422e-05,0.0011375,-2.2325e+05,8066.2
-5.487e-05,0.0010041,-2.0668e+05,7089.1
-5.287e-05,0.00087457,-1.9992e+05,6128.3
-4.7714e-05,0.00074276,-1.808e+05,5178.9
-4.5358e-05,0.00061181,-1.7182e+05,4267.7
-4.0264e-05,0.00048409,-1.5259e+05,3371.6
-3.9008e-05,0.00036351,-1.4795e+05,2521.5
-3.3624e-05,0.000262,-1.2759e+05,1810.9
-3.1481e-05,0.0002017,-1.1950e+05,1387.7
-2.7162e-05,0.00015625,-1.0313e+05,1071.7
-2.5035e-05,0.00011115,-95091,755.69
-2.067e-05,8.5564e-05,-78518,580.11
-2.007e-05,9.7429e-05,-76222,664.58
-1.5295e-05,9.7008e-05,-58060,667.14
-1.3929e-05,9.4604e-05,-52868,651.74
-1.0456e-05,0.00011893,-39630,827.49
-1.0135e-05,0.00015642,-38531,1080.9
-6.4625e-06,0.00021221,-27353,1314.5
-5.6247e-06,0.00026448,-25429,1628.4
-2.3955e-06,0.00032266,-15272,1981.3
-1.2956e-06,0.00034362,-11657,2120
1.129e-06,0.00036969,-2943,2321.4
-3.6623e-07,0.00037427,3385.9,2926.7
6.0763e-07,0.00041721,9732,3326.8
1.3873e-06,0.00046998,14701,3794.9
2.4883e-06,0.00051855,21004,4237.4
3.36e-06,0.00056665,26253,4668.4
3.8723e-06,0.00061433,29364,5082
2.738e-06,0.00067363,26419,5546.4
3.0922e-06,0.00072434,29290,5973.4
2.9889e-06,0.00077624,30090,6393.3
4.3218e-06,0.00082279,36955,6794.6
4.7352e-06,0.00085206,39347,7033.1
4.9538e-06,0.00089098,41008,7339.1
5.4933e-06,0.00093387,44028,7674.7
6.1505e-06,0.00093956,46932,7726.9
7.0403e-06,0.0009488,50879,7807.7
7.1984e-06,0.0009373,51395,7724.2
8.276e-06,0.00092243,55833,7627.6
7.9082e-06,0.00090843,54049,7517.9
9.0843e-06,0.00088885,58859,7387.5
8.5314e-06,0.00087082,56191,7243.2
9.4369e-06,0.00084235,59695,7040.8
8.5305e-06,0.00080345,55064,6725.4
8.888e-06,0.00075679,55755,6366.6
7.9622e-06,0.0007169,50862,6030.2
7.6789e-06,0.00066105,48401,5573.6
6.5481e-06,0.00060421,42065,5082.2
5.7951e-06,0.00053498,37039,4494.1
4.4706e-06,0.00048458,29953,4045.7
3.5324e-06,0.00042395,24287,3519.4
1.8487e-06,0.000371,15617,3039.9
7.647e-07,0.00031242,9501.3,2530.5
-1.3557e-06,0.0002679,-564.3,2120.5
-2.6379e-06,0.00022211,-6988.8,1720.2
-5.304e-06,0.00019634,-18557,1463.2
-6.6659e-06,0.00017079,-24519,1238.4
-9.7918e-06,0.00015182,-37020,1063.7
-1.1281e-05,0.00013562,-42748,944.44
-1.4669e-05,0.00011995,-55652,829.84
-1.6053e-05,9.909e-05,-60939,680.97
-1.9654e-05,7.5349e-05,-74663,509.17
-2.117e-05,5.3362e-05,-80455,352.17
-2.48e-05,3.552e-05,-94286,221.97
-2.6335e-05,7.7491e-06,-1.0016e+05,24.099
-3.0044e-05,-1.24e-05,-1.1429e+05,-122.48
-3.1608e-05,-4.8419e-05,-1.2028e+05,-378.64
-3.5244e-05,-7.3266e-05,-1.3414e+05,-558.33
-3.7039e-05,-0.00010736,-1.4100e+05,-801.13
-4.082e-05,-0.00012353,-1.5541e+05,-919.76
-4.2367e-05,-0.00015027,-1.6132e+05,-1110.4
-4.624e-05,-0.00017471,-1.7609e+05,-1287.5
-4.7877e-05,-0.00020506,-1.8235e+05,-1503.8
-5.1609e-05,-0.00021907,-1.9656e+05,-1607
-5.3255e-05,-0.00025602,-2.0287e+05,-1869.9
-5.6951e-05,-0.00027331,-2.1695e+05,-1996.3
-5.8563e-05,-0.00029577,-2.2310e+05,-2156.8
-6.2159e-05,-0.00031943,-2.3682e+05,-2328.2
-6.3731e-05,-0.00034929,-2.4283e+05,-2540.9
-6.7137e-05,-0.00035832,-2.558e+05,-2608.7
-6.8723e-05,-0.00039526,-2.6188e+05,-2871.4
-7.2083e-05,-0.00040178,-2.7467e+05,-2921.5
-7.3497e-05,-0.00041862,-2.8007e+05,-3042.1
-7.6719e-05,-0.0004321,-2.9234e+05,-3141.1
-7.8108e-05,-0.00045427,-2.9766e+05,-3299.2
-8.1052e-05,-0.00044283,-3.0884e+05,-3221.9
-8.2416e-05,-0.00046274,-3.1406e+05,-3364.2
-8.5013e-05,-0.00044508,-3.2391e+05,-3242.5
-8.6249e-05,-0.00045076,-3.2862e+05,-3284.1
-8.8661e-05,-0.00042873,-3.3778e+05,-3131.3
-8.9784e-05,-0.00043795,-3.4206e+05,-3197.8
-9.2018e-05,-0.0004037,-3.5052e+05,-2958.5
-9.3052e-05,-0.00037964,-3.5443e+05,-2789.8
-9.4915e-05,-0.00034937,-3.6148e+05,-2578.1
-9.5796e-05,-0.00037416,-3.6486e+05,-2754.3
-9.7382e-05,-0.00034298,-3.7086e+05,-2535.9
-9.8164e-05,-0.00035682,-3.7385e+05,-2634.6
-9.9516e-05,-0.00032844,-3.7896e+05,-2435.7
-0.00010011,-0.00032852,-3.8124e+05,-2437
-0.00010118,-0.00031491,-3.8527e+05,-2342.1
-0.00010168,-0.00031536,-3.872e+05,-2345.9
-0.00010245,-0.00030477,-3.9009e+05,-2271.9
-0.00010282,-0.00031904,-3.9152e+05,-2373.2
-0.00010336,-0.00029621,-3.9357e+05,-2212.5
-0.00010357,-0.00029217,-3.9437e+05,-2184.3
-0.00010384,-0.00027735,-3.9535e+05,-2079.9
-0.00010391,-0.00029583,-3.9563e+05,-2210.5
-0.00010397,-0.0002701,-3.9583e+05,-2028.8
-0.00010389,-0.00027369,-3.9554e+05,-2054.1
-0.00010363,-0.00027013,-3.9456e+05,-2028.6
-0.00010337,-0.00031379,-3.9361e+05,-2336.7
-0.0001029,-0.0002691,-3.9176e+05,-2020.5
-0.00010258,-0.00030247,-3.9059e+05,-2255.8
-0.00010181,-0.0002689,-3.8763e+05,-2017.8
-0.00010132,-0.00029308,-3.8578e+05,-2188
-0.00010024,-0.00030121,-3.817e+05,-2244.2
-9.9697e-05,-0.00030274,-3.7962e+05,-2254.4
-9.8357e-05,-0.00027326,-3.7449e+05,-2044.5
-9.7718e-05,-0.0003056,-3.721e+05,-2272.3
-9.6097e-05,-0.00026797,-3.6588e+05,-2004.5
-9.5378e-05,-0.00027585,-3.6315e+05,-2059.3
-9.3527e-05,-0.00027143,-3.5611e+05,-2026
-9.2655e-05,-0.00028519,-3.5281e+05,-2122.2
-9.0638e-05,-0.00027004,-3.4511e+05,-2012.8
-8.9838e-05,-0.00028188,-3.4208e+05,-2095.5
-8.7692e-05,-0.00026627,-3.339e+05,-1982.7
-8.6913e-05,-0.00023873,-3.309e+05,-1787.2
-8.5044e-05,-0.0002467,-3.238e+05,-1841.3
-8.4187e-05,-0.00021788,-3.205e+05,-1636.8
-8.2199e-05,-0.00022334,-3.1295e+05,-1673
-8.1099e-05,-0.00021575,-3.0875e+05,-1618.1
-7.8648e-05,-0.00019045,-2.994e+05,-1436.5
-7.7472e-05,-0.00021062,-2.9495e+05,-1577.7
-7.4715e-05,-0.00019541,-2.8444e+05,-1467
-7.3317e-05,-0.00018929,-2.7912e+05,-1422.1
-7.0258e-05,-0.00018029,-2.6746e+05,-1355
-6.8616e-05,-0.0002092,-2.6125e+05,-1557.2
-6.5926e-05,-0.00019591,-2.51e+05,-1460.2
-6.4222e-05,-0.00024295,-2.4457e+05,-1790.5
-6.0978e-05,-0.00024969,-2.3224e+05,-1834.2
-5.9316e-05,-0.00028903,-2.2596e+05,-2110.2
-5.5918e-05,-0.00032955,-2.1308e+05,-2392.3
-5.4228e-05,-0.00038012,-2.0672e+05,-2747.4
-5.0476e-05,-0.00041036,-1.9248e+05,-2956.6
-4.8887e-05,-0.00046319,-1.8649e+05,-3327.8
-4.6412e-05,-0.00048766,-1.7711e+05,-3497.7
-4.4787e-05,-0.00047067,-1.7090e+05,-3375.8
-4.1742e-05,-0.000437,-1.5928e+05,-3134.4
-3.9319e-05,-0.00040006,-1.5002e+05,-2870.7
-3.698e-05,-0.00035915,-1.4108e+05,-2579.1
-3.469e-05,-0.00031817,-1.3232e+05,-2287
-3.1348e-05,-0.00027625,-1.1956e+05,-1987.1
-3.0596e-05,-0.00022987,-1.1664e+05,-1658.7
-2.5208e-05,-0.00017875,-96085,-1291.5
-2.4117e-05,-0.00012149,-91870,-885.87
-1.9513e-05,-6.0497e-05,-74286,-449.87
-1.6595e-05,1.1013e-05,-63106,58.443
-1.304e-05,0.00011257,-49464,779.64
-9.4267e-06,0.00025058,-38071,1613
-5.7082e-06,0.00037566,-17659,2874.3
1.3479e-07,0.00046717,9954.5,3776.3
8.1738e-07,0.00068958,18335,5628.9
5.1088e-07,0.00056684,13664,4591.7
-4.7883e-07,0.00055419,9029.5,4459.9
-1.2008e-06,0.00054076,5490.1,4326.7
-2.9498e-06,0.00053552,-2222.9,4237.9
-3.7759e-06,0.0005268,-6017.3,4143.6
-5.555e-06,0.00052172,-13773,4057.7
-6.5511e-06,0.00051363,-18225,3966.2
-8.6177e-06,0.00050908,-27072,3881.8
-9.8813e-06,0.00050172,-32546,3793.5
-1.2021e-05,0.00049682,-41503,3713.1
-1.3127e-05,0.00048977,-46290,3629.9
-1.4301e-05,0.00048681,-51135,3586.6
-1.5358e-05,0.00048165,-55266,3543.8
-1.6566e-05,0.00048053,-60462,3499.2
-1.752e-05,0.00047628,-64303,3455.8
-1.8602e-05,0.00047377,-68786,3414.8
-1.9867e-05,0.00047047,-73866,3374
-2.0985e-05,0.00046679,-78349,3332.7
-2.2036e-05,0.00046296,-82544,3292.1
-2.3464e-05,0.00045984,-88180,3255.6
-2.4459e-05,0.00045545,-92111,3214.4
-2.5921e-05,0.00045189,-97814,3178.4
-2.707e-05,0.00044766,-1.0228e+05,3140.8
-2.8679e-05,0.00044383,-1.0849e+05,3106
-2.9904e-05,0.00043934,-1.132e+05,3069.7
-3.1328e-05,0.00043457,-1.1865e+05,3032.5
-3.2303e-05,0.00042903,-1.2237e+05,2991.9
-3.3749e-05,0.0004238,-1.2788e+05,2953.3
-3.4721e-05,0.00041777,-1.3158e+05,2909.6
-3.6298e-05,0.00041296,-1.3759e+05,2873.9
-3.7177e-05,0.00040705,-1.4093e+05,2831.1
-3.8951e-05,0.0004023,-1.4769e+05,2795.5
-4.0065e-05,0.00039658,-1.5193e+05,2753.9
-4.1786e-05,0.00039162,-1.5848e+05,2716.8
-4.285e-05,0.00038579,-1.6254e+05,2674.5
-4.4488e-05,0.00038076,-1.6878e+05,2637.1
-4.5661e-05,0.00037513,-1.7324e+05,2596
-4.7181e-05,0.00036992,-1.7903e+05,2557.4
-4.836e-05,0.00036424,-1.8353e+05,2515.9
-4.9912e-05,0.00035909,-1.8944e+05,2477.8
-5.1274e-05,0.00035367,-1.9462e+05,2438
-5.3016e-05,0.00034873,-2.0126e+05,2401.1
-5.4251e-05,0.00034308,-2.0596e+05,2359.8
-5.5885e-05,0.00033802,-2.1218e+05,2322.1
-5.7157e-05,0.00033251,-2.1703e+05,2281.8
-5.8695e-05,0.00032735,-2.2289e+05,2243.6
-6.0155e-05,0.00032206,-2.2844e+05,2204.5
-6.1674e-05,0.0003168,-2.3423e+05,2165.6
-6.2798e-05,0.00031111,-2.3852e+05,2124.2
-6.4256e-05,0.00030585,-2.4406e+05,2085.3
-6.5366e-05,0.00030014,-2.483e+05,2043.7
-6.7085e-05,0.00029513,-2.5484e+05,2006.4
-6.8397e-05,0.00028972,-2.5984e+05,1966.6
-6.9871e-05,0.00028443,-2.6545e+05,1927.6
-7.122e-05,0.00027901,-2.7059e+05,1887.8
-7.2603e-05,0.0002736,-2.7586e+05,1847.9
-7.3901e-05,0.00026809,-2.8080e+05,1807.5
-7.5395e-05,0.00026284,-2.8649e+05,1768.7
-7.6702e-05,0.00025737,-2.9147e+05,1728.6
-7.8182e-05,0.00025208,-2.9711e+05,1689.5
-7.9551e-05,0.00024667,-3.0233e+05,1649.7
-8.1154e-05,0.00024153,-3.0843e+05,1611.6
-8.2391e-05,0.000236,-3.1314e+05,1571.1
-8.378e-05,0.00023067,-3.1844e+05,1531.8
-8.5033e-05,0.00022504,-3.2321e+05,1490.6
-8.6635e-05,0.0002199,-3.2931e+05,1452.4
-8.778e-05,0.00021422,-3.3368e+05,1411
-8.9159e-05,0.00020885,-3.3893e+05,1371.5
-9.0295e-05,0.0002031,-3.4325e+05,1329.6
-9.1717e-05,0.00019779,-3.4867e+05,1290.4
-9.2873e-05,0.0001921,-3.5308e+05,1248.9
-9.4132e-05,0.00018658,-3.5788e+05,1208.5
-9.5073e-05,0.0001806,-3.6146e+05,1165.1
-9.6508e-05,0.00017527,-3.6693e+05,1125.8
-9.7363e-05,0.00016922,-3.7019e+05,1082.1
-9.8597e-05,0.0001637,-3.7489e+05,1041.7
-9.9359e-05,0.00015747,-3.778e+05,996.79
-0.00010072,0.00015204,-3.83e+05,956.88
-0.00010153,0.00014529,-3.8608e+05,908.26
-0.00010381,0.00013543,-3.9477e+05,835.98
-0.00010476,0.00012391,-3.9838e+05,753.49
-0.0001066,0.00011331,-4.0541e+05,676.44
-0.00010745,0.00010141,-4.0867e+05,591.42
-0.00010873,9.0239e-05,-4.1354e+05,511.02
-0.00010945,7.8102e-05,-4.1628e+05,424.46
-0.0001108,6.6972e-05,-4.2144e+05,344.26
-0.00011183,5.0701e-05,-4.2538e+05,228.12
-0.00011234,-7.0961e-05,-4.2745e+05,-631.9
-0.00011059,-0.00089874,-4.2176e+05,-6477.4
4.8801e-05,-0.0049639,-66474,-21158
