7.7131e-05,-0.0085471,-4.4617e+05,-59155
-5.6542e-05,-0.0032806,-3.0827e+05,-35221
-5.8483e-05,-0.001529,-2.618e+05,-18058
-6.1107e-05,-0.00037846,-2.5702e+05,-5291
-6.1194e-05,0.00025795,-2.4442e+05,1514
-5.6701e-05,0.00063779,-2.1837e+05,5667.6
-5.5791e-05,0.00074406,-2.125e+05,6822.5
-5.3599e-05,0.00076111,-2.0328e+05,7044.2
-5.2104e-05,0.00070211,-1.9830e+05,6448.8
-4.9784e-05,0.00062088,-1.9049e+05,5627.3
-4.8142e-05,0.00053894,-1.8545e+05,4784.4
-4.6367e-05,0.00044794,-1.8006e+05,3847.2
-4.4101e-05,0.00035406,-1.7272e+05,2889.3
-4.3708e-05,0.00025528,-1.7313e+05,1841
-4.0363e-05,0.00015022,-1.6161e+05,785.46
-3.94e-05,5.4223e-05,-1.5964e+05,-221.57
-3.7925e-05,6.7911e-06,-1.5459e+05,-698.83
-3.5668e-05,-2.1202e-05,-1.4595e+05,-952.29
-3.444e-05,-5.4762e-05,-1.4162e+05,-1286.2
-3.4233e-05,-6.9322e-05,-1.4107e+05,-1437.7
-3.1124e-05,-7.083e-05,-1.2842e+05,-1390.6
-2.9909e-05,-8.8538e-05,-1.2382e+05,-1555.2
-2.947e-05,-9.328e-05,-1.2212e+05,-1597
-2.7579e-05,-7.7139e-05,-1.1408e+05,-1385.9
-2.7432e-05,-6.7488e-05,-1.1328e+05,-1279.7
-2.567e-05,-4.092e-05,-1.0556e+05,-959.74
-2.538e-05,-1.8841e-05,-1.0392e+05,-717.73
-2.369e-05,1.1202e-05,-96418,-362.1
-2.2088e-05,2.13e-05,-89678,-221.55
-2.11e-05,5.2232e-05,-85019,129.3
-2.0423e-05,4.1107e-05,-82482,24.115
-1.9685e-05,4.0546e-05,-79482,33.129
-1.7832e-05,4.9135e-05,-71747,162.66
-1.6906e-05,6.1787e-05,-67714,316.76
-1.6885e-05,8.6026e-05,-67137,576.38
-1.4723e-05,0.0001177,-57671,959.04
-1.4031e-05,0.00013878,-54421,1198.5
-1.3604e-05,0.00016985,-52046,1539.4
-1.2472e-05,0.00020755,-46936,1946.8
-1.1798e-05,0.00024608,-43660,2358.6
-1.1088e-05,0.00028,-40095,2738.4
-1.0798e-05,0.00031434,-38069,3123.9
-1.0028e-05,0.00034724,-33921,3516.1
-9.9921e-06,0.0003763,-32869,3848.2
-9.1186e-06,0.00040106,-28310,4162.6
-9.4197e-06,0.00042494,-28750,4430.4
-8.4716e-06,0.00044315,-23944,4679
-8.8557e-06,0.00046251,-24855,4893.4
-7.8789e-06,0.00047435,-20095,5071.2
-8.4597e-06,0.00049039,-22024,5237.9
-7.4056e-06,0.00049932,-16965,5387.9
-7.7077e-06,0.00050993,-17827,5503.9
-6.9416e-06,0.00051271,-14244,5571.3
-7.284e-06,0.00051052,-15889,5529.7
-6.7665e-06,0.00050504,-13732,5489.5
-7.1786e-06,0.00049694,-15879,5377.6
-6.3139e-06,0.00048439,-12365,5272.6
-6.6143e-06,0.00045955,-14715,4966
-6.4879e-06,0.00043413,-15055,4676.5
-6.7482e-06,0.00040217,-17359,4294.2
-6.6413e-06,0.0003696,-17988,3923.7
-7.0873e-06,0.00033048,-21265,3456.7
-7.0806e-06,0.00029221,-22408,3022.9
-7.7032e-06,0.0002483,-26334,2508.9
-7.781e-06,0.00020596,-27723,2039.2
-8.635e-06,0.00016087,-32248,1528
-8.9454e-06,0.00011843,-34240,1074.2
-1.0029e-05,7.8325e-05,-39321,633.51
-1.0493e-05,4.0745e-05,-41977,222.26
-1.1598e-05,5.1761e-06,-47208,-180.56
-1.2189e-05,-2.2034e-05,-50172,-483.54
-1.3791e-05,-4.3727e-05,-57149,-748.1
-1.441e-05,-5.5204e-05,-59907,-883.41
-1.632e-05,-5.5191e-05,-67700,-922.14
-1.6947e-05,-4.4187e-05,-70034,-817.23
-1.8988e-05,-2.5554e-05,-77981,-659.5
-1.9459e-05,-1.1447e-06,-79408,-408.06
-2.1708e-05,-7.9759e-06,-88722,-526.86
-2.239e-05,-1.0762e-05,-91563,-570.53
-2.4335e-05,-1.8242e-05,-99647,-690.07
-2.5086e-05,-2.0168e-05,-1.0275e+05,-725.95
-2.7169e-05,-3.0025e-05,-1.1145e+05,-873.73
-2.803e-05,-4.1732e-05,-1.152e+05,-1016.5
-3.0073e-05,-5.5038e-05,-1.2381e+05,-1200.3
-3.1011e-05,-5.9473e-05,-1.2772e+05,-1266.8
-3.2994e-05,-7.3392e-05,-1.361e+05,-1456
-3.3856e-05,-7.8301e-05,-1.3972e+05,-1526
-3.5977e-05,-7.7705e-05,-1.4836e+05,-1562.8
-3.6901e-05,-8.17e-05,-1.5221e+05,-1624.3
-3.9124e-05,-0.00010465,-1.6174e+05,-1915.1
-3.9992e-05,-0.00011956,-1.6559e+05,-2092.2
-4.1909e-05,-0.000142,-1.7387e+05,-2371.2
-4.2901e-05,-0.00015626,-1.7821e+05,-2543.9
-4.4654e-05,-0.00016746,-1.8558e+05,-2699.3
-4.5716e-05,-0.00018454,-1.9026e+05,-2903.6
-4.7479e-05,-0.00019413,-1.9766e+05,-3042
-4.8537e-05,-0.00020689,-2.0223e+05,-3200
-5.0218e-05,-0.00021966,-2.0935e+05,-3370.8
-5.1212e-05,-0.00023458,-2.1371e+05,-3550.7
-5.281e-05,-0.00023649,-2.2027e+05,-3603.6
-5.3795e-05,-0.00022666,-2.2409e+05,-3518.5
-5.5198e-05,-0.00022543,-2.2979e+05,-3533.9
-5.6089e-05,-0.00023568,-2.3363e+05,-3661.7
-5.7591e-05,-0.00022058,-2.3946e+05,-3530.7
-5.8599e-05,-0.00022182,-2.436e+05,-3564.5
-5.9769e-05,-0.00022094,-2.4835e+05,-3578.9
-6.0592e-05,-0.00021772,-2.5164e+05,-3561.3
-6.1659e-05,-0.00021737,-2.5599e+05,-3579.2
-6.2471e-05,-0.00020712,-2.5909e+05,-3486.1
-6.3419e-05,-0.00020237,-2.6287e+05,-3454.6
-6.4184e-05,-0.00020058,-2.6595e+05,-3451
-6.4973e-05,-0.00018989,-2.6896e+05,-3352.7
-6.5633e-05,-0.0001789,-2.7142e+05,-3248.6
-6.6249e-05,-0.00017174,-2.7379e+05,-3184.6
-6.6854e-05,-0.00017331,-2.7629e+05,-3213.7
-6.7289e-05,-0.00016001,-2.778e+05,-3080.2
-6.7754e-05,-0.00015389,-2.7957e+05,-3024.2
-6.8068e-05,-0.00015349,-2.8084e+05,-3026.4
-6.8392e-05,-0.00017846,-2.8268e+05,-3300.1
-6.8518e-05,-0.00015961,-2.828e+05,-3101.1
-6.8774e-05,-0.00017895,-2.8424e+05,-3313.1
-6.8653e-05,-0.0001549,-2.8326e+05,-3053.3
-6.8756e-05,-0.00016665,-2.8392e+05,-3181.2
-6.8496e-05,-0.00017709,-2.8307e+05,-3287.5
-6.8664e-05,-0.00017354,-2.8368e+05,-3253
-6.8225e-05,-0.0001572,-2.8156e+05,-3069.3
-6.8507e-05,-0.00017341,-2.8304e+05,-3248.4
-6.7431e-05,-0.00015233,-2.7822e+05,-3001
-6.7632e-05,-0.00014749,-2.7894e+05,-2953.4
-6.7024e-05,-0.00014814,-2.7647e+05,-2947.9
-6.6995e-05,-0.00015436,-2.7648e+05,-3013.8
-6.6187e-05,-0.00014938,-2.7308e+05,-2944.2
-6.5391e-05,-0.00016334,-2.7012e+05,-3077.3
-6.5036e-05,-0.00015241,-2.6845e+05,-2953.1
-6.4733e-05,-0.00013412,-2.6684e+05,-2751.3
-6.4041e-05,-0.000143,-2.642e+05,-2832.2
-6.3734e-05,-0.00012429,-2.6256e+05,-2625.9
-6.2781e-05,-0.00013237,-2.5884e+05,-2692.9
-6.2005e-05,-0.00012768,-2.5558e+05,-2627
-6.2503e-05,-0.00010469,-2.5714e+05,-2391.2
-6.0955e-05,-0.00013048,-2.5135e+05,-2635.5
-5.9251e-05,-0.00012553,-2.443e+05,-2547.9
-5.8778e-05,-0.00011567,-2.4216e+05,-2432.8
-5.7265e-05,-0.00010642,-2.358e+05,-2303.1
-5.8013e-05,-0.00011988,-2.3913e+05,-2462.3
-5.4722e-05,-0.00012124,-2.2573e+05,-2409.8
-5.3632e-05,-0.00015466,-2.2196e+05,-2745.1
-5.2106e-05,-0.00015591,-2.1576e+05,-2727.4
-5.1233e-05,-0.00018712,-2.1283e+05,-3043.5
-4.9319e-05,-0.00021778,-2.0565e+05,-3332.4
-4.8121e-05,-0.00025317,-2.0148e+05,-3686.5
-4.6388e-05,-0.00027759,-1.9490e+05,-3912.5
-4.5382e-05,-0.00031944,-1.9165e+05,-4339.5
-4.3414e-05,-0.00033347,-1.8391e+05,-4449.6
-4.2399e-05,-0.00031025,-1.7929e+05,-4180.6
-4.0922e-05,-0.00026858,-1.7242e+05,-3704.8
-3.9762e-05,-0.00022817,-1.6686e+05,-3249
-3.8764e-05,-0.00019029,-1.6202e+05,-2823.6
-3.6016e-05,-0.00015534,-1.501e+05,-2393.9
-3.6359e-05,-0.00011593,-1.5069e+05,-1979.4
-3.2396e-05,-8.562e-05,-1.3391e+05,-1574.6
-3.2212e-05,-5.4464e-05,-1.3252e+05,-1237.7
-2.9239e-05,-3.0148e-05,-1.199e+05,-917.13
-2.6065e-05,-1.0169e-05,-1.0654e+05,-638.89
-2.6604e-05,1.0358e-05,-1.0833e+05,-430.36
-2.1145e-05,-1.5167e-06,-86296,-446.32
-1.9502e-05,-3.1908e-05,-80213,-737.97
-1.4778e-05,-8.2792e-05,-61977,-1186.1
-1.8184e-06,-9.7452e-05,-12523,-905.5
2.07e-06,0.00018799,15293,2211.5
3.4168e-06,0.00032404,26685,3849.4
3.8937e-06,0.00032057,28757,3829.3
4.7296e-06,0.00031554,32470,3806.9
4.7089e-06,0.00031044,32154,3744.7
5.2197e-06,0.00030353,34265,3684.8
4.7482e-06,0.00029991,31892,3620.1
4.8135e-06,0.00029448,31969,3557.9
4.4374e-06,0.00029046,30041,3493
4.2567e-06,0.00028576,29003,3429
3.6282e-06,0.0002825,25939,3362.5
3.4039e-06,0.00027822,24726,3301.9
3.1667e-06,0.0002759,23533,3264.2
2.9254e-06,0.00027364,22336,3227.2
2.4656e-06,0.00027198,20146,3188
2.1454e-06,0.00026985,18603,3149.7
1.7148e-06,0.00026793,16551,3109.1
1.4028e-06,0.00026571,15056,3070.5
1.0227e-06,0.00026367,13247,3031.1
5.9592e-07,0.00026166,11244,2990.7
2.7019e-07,0.00025937,9687.4,2951
-3.2469e-07,0.00025788,6963.8,2910.8
-5.9452e-07,0.00025534,5659.2,2870.8
-1.1945e-06,0.00025365,2925.2,2828.7
-1.7022e-06,0.00025187,611.42,2789.4
-2.2716e-06,0.00024993,-1963,2747
-2.7603e-06,0.00024782,-4187.2,2705.3
-3.3175e-06,0.00024604,-6678.5,2666.1
-3.948e-06,0.00024465,-9473.2,2628.9
-4.6172e-06,0.00024292,-12426,2587.3
-5.0565e-06,0.00024066,-14391,2547.7
-5.7051e-06,0.00023847,-17253,2502.2
-6.2157e-06,0.00023565,-19522,2454.8
-6.8112e-06,0.00023326,-22135,2409.9
-7.3932e-06,0.00023096,-24679,2366.8
-8.0815e-06,0.00022929,-27649,2327.8
-8.4735e-06,0.00022652,-29379,2286
-9.2249e-06,0.0002249,-32594,2246.7
-9.8499e-06,0.00022264,-35281,2204.4
-1.0576e-05,0.00022048,-38376,2161
-1.1134e-05,0.00021804,-40771,2119.4
-1.2065e-05,0.00021626,-44687,2076.2
-1.2609e-05,0.00021375,-47000,2035.4
-1.3597e-05,0.00021194,-51120,1992.4
-1.4198e-05,0.00020948,-53646,1952.2
-1.5086e-05,0.00020735,-57325,1910.4
-1.5532e-05,0.00020449,-59205,1870.7
-1.6412e-05,0.00020224,-62841,1828.8
-1.6961e-05,0.00019945,-65137,1787.8
-1.7894e-05,0.00019732,-68984,1746.1
-1.8369e-05,0.00019454,-70982,1706.6
-1.9178e-05,0.00019222,-74327,1665.4
-1.9805e-05,0.00018957,-76941,1624.3
-2.0501e-05,0.00018695,-79831,1582.2
-2.1144e-05,0.00018453,-82504,1543.2
-2.2072e-05,0.00018237,-86336,1501.2
-2.2642e-05,0.00017967,-88714,1460.8
-2.365e-05,0.00017775,-92869,1419.7
-2.4449e-05,0.00017551,-96172,1379.5
-2.5271e-05,0.0001732,-99572,1338.1
-2.5731e-05,0.00017033,-1.0151e+05,1298
-2.669e-05,0.0001683,-1.0546e+05,1256.8
-2.7584e-05,0.00016622,-1.0915e+05,1216.5
-2.8306e-05,0.00016378,-1.1215e+05,1175.7
-2.8807e-05,0.00016097,-1.1425e+05,1135.4
-2.973e-05,0.00015888,-1.1806e+05,1094.3
-3.0676e-05,0.00015691,-1.2196e+05,1054
-3.147e-05,0.00015464,-1.2524e+05,1013.6
-3.2052e-05,0.00015204,-1.2767e+05,973.91
-3.2763e-05,0.00014962,-1.3062e+05,933.6
-3.3579e-05,0.00014731,-1.34e+05,892.34
-3.44e-05,0.0001452,-1.3739e+05,853.02
-3.5103e-05,0.00014273,-1.4031e+05,812.27
-3.5744e-05,0.00014023,-1.4297e+05,772.53
-3.6583e-05,0.00013806,-1.4644e+05,732.27
-3.7304e-05,0.0001358,-1.4943e+05,693.46
-3.7889e-05,0.00013311,-1.5187e+05,652.74
-3.8505e-05,0.00013066,-1.5443e+05,614.04
-3.9462e-05,0.00012867,-1.5838e+05,573.3
-4.022e-05,0.00012618,-1.6152e+05,531.3
-4.1809e-05,0.00012234,-1.6808e+05,457.87
-4.2754e-05,0.00011777,-1.7203e+05,389.81
-4.4516e-05,0.00011448,-1.7929e+05,318.83
-4.5703e-05,0.00011058,-1.8421e+05,252.9
-4.703e-05,0.00010644,-1.8971e+05,181.73
-4.846e-05,0.00010306,-1.9561e+05,116.43
-5.0373e-05,9.9782e-05,-2.0349e+05,42.476
-5.2314e-05,8.1329e-05,-2.1178e+05,-194.35
-5.3387e-05,-0.00010992,-2.2005e+05,-2261.6
-5.3735e-05,-0.00077303,-2.3493e+05,-9364.7
-8.3852e-06,-0.0026086,-99021,-26838
