-1.4228e-05,-0.00057669,-65627,-6713.6
-1.2197e-05,-0.00045534,-56514,-5274.6
-1.3056e-05,-0.00027695,-58669,-3242.8
-1.7401e-05,-0.00012955,-73624,-1739.3
-1.7996e-05,-3.8559e-05,-74202,-778.4
-1.6384e-05,-3.3902e-06,-66907,-369.52
-1.7089e-05,2.0455e-05,-69297,-128.87
-1.8125e-05,2.919e-05,-73349,-56.549
-1.8331e-05,3.5537e-05,-74058,7.1467
-1.8881e-05,3.6192e-05,-76292,2.9528
-1.8966e-05,3.559e-05,-76649,-5.2075
-1.9477e-05,3.2876e-05,-78790,-44.628
-1.9491e-05,2.7998e-05,-78943,-97.064
-2.0966e-05,1.6498e-05,-85196,-250.04
-1.8875e-05,-2.8125e-06,-77060,-414.02
-1.9961e-05,-2.2289e-05,-81884,-644.37
-2.0055e-05,-2.792e-05,-82383,-706.5
-2.029e-05,-2.695e-05,-83320,-700.91
-2.0199e-05,-2.833e-05,-82981,-713.83
-2.1956e-05,-2.2602e-05,-90032,-688.31
-1.9911e-05,-2.0586e-05,-81646,-625.14
-2.1085e-05,-2.6204e-05,-86548,-709.1
-2.0933e-05,-2.6011e-05,-85927,-703.95
-2.1488e-05,-2.1448e-05,-88099,-666.46
-2.1416e-05,-2.3458e-05,-87845,-686.48
-2.1658e-05,-2.0517e-05,-88775,-659.96
-2.155e-05,-2.0023e-05,-88321,-652.47
-2.1712e-05,-1.6501e-05,-88910,-618.1
-2.1386e-05,-2.1454e-05,-87684,-664.44
-2.1713e-05,-2.3639e-05,-89060,-694.45
-2.1627e-05,-2.7056e-05,-88781,-729.26
-2.1614e-05,-2.3425e-05,-88654,-690.16
-2.1443e-05,-2.1974e-05,-87927,-671.17
-2.1727e-05,-2.733e-05,-89192,-734.21
-2.2191e-05,-2.1034e-05,-90958,-676.32
-2.0944e-05,-8.4647e-06,-85615,-516.54
-2.0884e-05,-2.2678e-05,-85658,-667.31
-2.11e-05,-2.6391e-05,-86615,-711.41
-2.0729e-05,-2.1599e-05,-85003,-652.61
-2.0619e-05,-1.6942e-05,-84462,-600.59
-2.0265e-05,-2.1626e-05,-83111,-643.47
-2.0217e-05,-2.2493e-05,-82934,-651.77
-1.9908e-05,-1.9723e-05,-81616,-615.86
-1.9821e-05,-2.133e-05,-81292,-631.26
-1.9601e-05,-2.3156e-05,-80433,-646.31
-1.942e-05,-2.0096e-05,-79634,-609.92
-1.9253e-05,-1.8187e-05,-78912,-586.1
-1.8909e-05,-1.6652e-05,-77481,-562.7
-1.8838e-05,-1.7095e-05,-77199,-565.99
-1.868e-05,-1.955e-05,-76604,-589.03
-1.8313e-05,-1.9413e-05,-75102,-580.09
-1.8031e-05,-1.524e-05,-73870,-529.74
-1.7588e-05,-1.1928e-05,-71992,-485.31
-1.7551e-05,-1.8002e-05,-71964,-549.5
-1.7065e-05,-1.1687e-05,-69855,-472.09
-1.7112e-05,-3.867e-06,-69885,-389.42
-1.6057e-05,1.3311e-05,-65236,-184.28
-1.5881e-05,3.5581e-06,-64712,-284.98
-1.5425e-05,8.2531e-06,-62759,-225.51
-1.513e-05,5.5619e-06,-61610,-248.29
-1.4617e-05,1.3305e-05,-59358,-155.05
-1.4396e-05,8.5105e-06,-58556,-201.82
-1.3899e-05,1.511e-05,-56395,-121.16
-1.3712e-05,9.1676e-06,-55752,-180.88
-1.3161e-05,1.3633e-05,-53414,-121.93
-1.2992e-05,9.289e-06,-52812,-164.94
-1.255e-05,1.3728e-05,-50917,-108.48
-1.2419e-05,1.635e-05,-50328,-77.767
-1.2044e-05,2.4191e-05,-48642,13.693
-1.1685e-05,1.8555e-05,-47292,-39.271
-1.1334e-05,2.3958e-05,-45748,25.654
-1.119e-05,1.9088e-05,-45262,-23.506
-1.0821e-05,2.1442e-05,-43709,9.1627
-1.0712e-05,2.0838e-05,-43275,4.933
-1.0388e-05,2.8194e-05,-41803,90.178
-1.0409e-05,4.1463e-05,-41618,231.64
-9.8319e-06,5.601e-05,-38969,398.92
-9.99e-06,4.0149e-05,-39937,226.11
-9.7986e-06,3.3075e-05,-39300,154.36
-9.5773e-06,2.5341e-05,-38554,76.168
-9.4134e-06,2.6135e-05,-37870,87.987
-9.4201e-06,1.9016e-05,-38042,11.725
-9.3663e-06,1.7463e-05,-37854,-3.7834
-9.3591e-06,1.3013e-05,-37915,-51.219
-9.4002e-06,1.7376e-05,-37994,-5.4049
-9.3789e-06,1.8393e-05,-37887,5.898
-9.384e-06,2.9019e-05,-37691,119.42
-9.5915e-06,4.266e-05,-38260,261.06
-9.6452e-06,5.8363e-05,-38160,427.89
-9.9642e-06,4.5507e-05,-39722,283.93
-1.0054e-05,4.0962e-05,-40181,233.5
-1.0106e-05,3.1233e-05,-40590,128.42
-1.0328e-05,3.0677e-05,-41507,117.95
-1.0348e-05,2.2912e-05,-41746,34.526
-1.0645e-05,2.1761e-05,-42984,16.164
-1.0833e-05,1.6877e-05,-43850,-39.886
-1.1166e-05,1.8815e-05,-45169,-25.941
-1.138e-05,1.1728e-05,-46185,-106.07
-1.1679e-05,1.237e-05,-47394,-105.3
-1.1903e-05,8.9902e-06,-48375,-145.99
-1.2247e-05,1.6817e-05,-49620,-69.296
-1.2459e-05,1.3554e-05,-50550,-108.49
-1.2767e-05,1.7947e-05,-51716,-67.771
-1.3239e-05,2.2184e-05,-53555,-32.069
-1.3713e-05,2.5586e-05,-55420,-5.3374
-1.3948e-05,1.3088e-05,-56636,-143.77
-1.4325e-05,1.2125e-05,-58190,-161.72
-1.4595e-05,2.9607e-06,-59479,-265.21
-1.5008e-05,7.7126e-06,-61069,-222.81
-1.5333e-05,2.8605e-06,-62494,-281.31
-1.5776e-05,4.7017e-06,-64261,-270.61
-1.6067e-05,-1.2494e-06,-65569,-340.17
-1.6495e-05,9.8208e-07,-67273,-325.03
-1.6768e-05,-5.5555e-06,-68518,-400.48
-1.7234e-05,-4.7895e-06,-70406,-401.78
-1.7459e-05,-9.9857e-06,-71429,-461.92
-1.7871e-05,-6.9696e-06,-73046,-438.04
-1.8146e-05,-1.2119e-05,-74273,-498.7
-1.8497e-05,-1.8301e-05,-75832,-571.95
-1.8689e-05,-2.3256e-05,-76714,-628.83
-1.9016e-05,-2.7888e-05,-78143,-685.02
-1.9113e-05,-2.0978e-05,-78399,-613.11
-1.9366e-05,-2.1261e-05,-79438,-621.28
-1.9493e-05,-2.814e-05,-80093,-697.41
-1.9836e-05,-2.441e-05,-81419,-664.52
-1.9885e-05,-2.318e-05,-81595,-652.36
-2.0413e-05,-2.3475e-05,-83752,-666.25
-1.9972e-05,-2.0546e-05,-81894,-625.96
-2.0468e-05,-1.1686e-05,-83739,-541.31
-2.0639e-05,-1.4141e-05,-84484,-571.03
-2.0981e-05,-1.3305e-05,-85865,-569.06
-2.1015e-05,-1.5688e-05,-86050,-595.22
-2.0638e-05,-2.3807e-05,-84678,-674.39
-2.1164e-05,-2.016e-05,-86752,-646.09
-2.124e-05,-1.498e-05,-86953,-592.23
-2.1393e-05,-1.9306e-05,-87665,-641.61
-2.1477e-05,-1.4486e-05,-87910,-591.77
-2.1439e-05,-1.9337e-05,-87855,-642.87
-2.118e-05,-1.7939e-05,-86768,-622.65
-2.2759e-05,-7.5181e-06,-92999,-543.34
-2.1834e-05,-2.3061e-05,-89541,-690.73
-2.143e-05,-2.6031e-05,-87956,-714.28
-2.1611e-05,-1.9559e-05,-88560,-648.74
-2.1535e-05,-1.5344e-05,-88164,-602.13
-2.3008e-05,-1.5003e-05,-94168,-628.45
-2.1214e-05,-2.393e-05,-87029,-687.4
-2.0961e-05,-3.1444e-05,-86149,-762.61
-2.102e-05,-2.8442e-05,-86332,-731.73
-2.0969e-05,-3.2911e-05,-86216,-778.48
-2.0743e-05,-3.4708e-05,-85326,-793.08
-2.0421e-05,-3.2415e-05,-83968,-762.02
-2.038e-05,-2.7212e-05,-83695,-705.55
-2.0132e-05,-2.6422e-05,-82667,-692.05
-1.9731e-05,-1.5442e-05,-80806,-566.47
-1.98e-05,4.0119e-06,-80692,-359.85
-1.9655e-05,2.0255e-05,-79770,-183.2
-1.9553e-05,3.2395e-05,-79110,-51.328
-1.9293e-05,3.7764e-05,-77936,11.401
-1.8401e-05,4.1492e-05,-74222,69.399
-2.0056e-05,4.6867e-05,-80865,93.217
-1.7342e-05,4.1748e-05,-69897,93.679
-1.9127e-05,2.7992e-05,-77461,-89.737
-1.6792e-05,4.847e-06,-68404,-289.73
-1.6162e-05,-2.8308e-05,-66509,-631.46
-1.7985e-05,-7.0924e-05,-74812,-1124.2
-1.3673e-05,-0.00017727,-59387,-2173.8
-1.5564e-05,-0.00032061,-69759,-3762.9
-1.2326e-05,-0.00049848,-57167,-5783.5
-2.8898e-06,-0.00054841,-14212,-6413.6
-1.2325e-06,-0.00013053,-7040.6,-1458.5
-2.2466e-07,4.9022e-05,210.54,526.96
2.116e-07,5.5853e-05,2208.2,613.06
1.4014e-06,5.9687e-05,7366.2,689.3
1.8536e-06,5.8348e-05,9272.7,688.01
2.717e-06,5.5867e-05,12954,686.73
2.8136e-06,5.5516e-05,13382,685.44
3.3038e-06,5.4109e-05,15519,684.16
3.6319e-06,5.3082e-05,16939,682.87
4.0011e-06,5.2012e-05,18574,681.59
4.1432e-06,5.1571e-05,19212,680.33
4.4492e-06,5.069e-05,20574,679.09
4.5698e-06,5.0309e-05,21106,678.38
4.8343e-06,4.9577e-05,22296,677.65
4.7732e-06,4.9596e-05,22001,676.94
5.0142e-06,4.8784e-05,23050,676.21
4.9902e-06,4.8354e-05,22850,675.5
5.268e-06,4.7467e-05,24082,674.78
5.2906e-06,4.7281e-05,24174,674.06
5.4534e-06,4.6581e-05,24867,673.34
5.5209e-06,4.6066e-05,25112,672.63
5.5649e-06,4.5948e-05,25333,671.91
5.6571e-06,4.5407e-05,25701,671.19
5.7125e-06,4.4989e-05,25909,670.48
5.7062e-06,4.5088e-05,25918,669.76
5.8061e-06,4.4584e-05,26335,669.05
5.7623e-06,4.4925e-05,26200,668.32
5.8325e-06,4.5107e-05,26608,667.61
5.7519e-06,4.5874e-05,26364,666.91
5.7298e-06,4.6622e-05,26396,666.2
5.8147e-06,4.6372e-05,26788,665.52
5.8585e-06,4.6207e-05,26988,664.78
5.9566e-06,4.5912e-05,27442,664.05
6.0237e-06,4.5698e-05,27752,663.34
6.0511e-06,4.5577e-05,27877,662.62
6.0534e-06,4.5512e-05,27886,661.91
6.193e-06,4.5133e-05,28535,661.19
6.1852e-06,4.5092e-05,28496,660.49
6.1937e-06,4.5016e-05,28534,659.79
6.2143e-06,4.4914e-05,28628,659.08
6.2647e-06,4.4734e-05,28862,658.36
6.1591e-06,4.4913e-05,28368,657.65
6.178e-06,4.4813e-05,28455,656.96
6.0572e-06,4.5031e-05,27891,656.26
6.0266e-06,4.5032e-05,27748,655.52
6.0101e-06,4.501e-05,27671,654.83
6.1153e-06,4.4718e-05,28156,654.13
6.1013e-06,4.4694e-05,28090,653.46
6.1205e-06,4.458e-05,28179,652.7
6.0685e-06,4.464e-05,27935,652.01
6.1391e-06,4.4427e-05,28260,651.32
6.1211e-06,4.4408e-05,28175,650.62
6.2061e-06,4.4149e-05,28573,649.92
6.3934e-06,4.3671e-05,29444,649.2
6.2738e-06,4.3899e-05,28881,648.57
6.2431e-06,4.3903e-05,28736,647.84
6.3044e-06,4.3696e-05,29023,647.1
6.1156e-06,4.4064e-05,28142,646.42
5.9963e-06,4.4273e-05,27584,645.7
5.9909e-06,4.4227e-05,27559,645.02
6.0987e-06,4.3923e-05,28057,644.3
5.9643e-06,4.4169e-05,27431,643.61
5.7909e-06,4.4505e-05,26627,642.92
5.8102e-06,4.4402e-05,26714,642.22
5.9397e-06,4.4044e-05,27314,641.52
5.7829e-06,4.4346e-05,26584,640.82
5.5697e-06,4.4776e-05,25600,640.13
5.4833e-06,4.4917e-05,25200,639.44
5.4854e-06,4.4856e-05,25207,638.75
5.4164e-06,4.4954e-05,24892,638.05
5.4074e-06,4.4914e-05,24848,637.35
5.1851e-06,4.5376e-05,23828,636.66
5.2073e-06,4.5269e-05,23928,635.97
5.1345e-06,4.5377e-05,23594,635.27
4.9981e-06,4.5631e-05,22972,634.57
4.8043e-06,4.6033e-05,22089,633.88
4.913e-06,4.5714e-05,22582,633.2
4.7533e-06,4.6036e-05,21856,632.5
4.5788e-06,4.6391e-05,21068,631.81
4.3607e-06,4.6849e-05,20083,631.07
4.1242e-06,4.7182e-05,18991,629.82
3.8501e-06,4.7667e-05,17748,628.57
3.3185e-06,4.8925e-05,15401,627.33
2.7641e-06,5.0376e-05,13013,626.09
2.5801e-06,5.0773e-05,12218,624.85
1.7719e-06,5.2837e-05,8773,623.61
1.4235e-06,5.3629e-05,7296.8,622.37
3.1441e-07,5.5322e-05,2629.4,609.85
-4.3712e-07,4.7798e-05,-719.9,508.45
-9.6415e-07,2.0382e-05,-3674.8,188.16
-2.8629e-06,-0.00019075,-14562,-2157.5
