-1.7973e-05,-0.00099463,-81476,-11713
-1.5494e-05,-0.00070414,-71092,-8237.7
-1.6039e-05,-0.00038529,-72588,-4492.2
-2.0122e-05,-0.00013828,-84901,-1888
-2.0589e-05,-3.1179e-06,-84055,-452.13
-1.857e-05,5.6515e-05,-74608,226.6
-1.906e-05,8.1593e-05,-76098,484.79
-1.9696e-05,8.5377e-05,-78613,512.34
-1.9713e-05,8.4592e-05,-78698,503.6
-1.99e-05,7.701e-05,-79617,418.71
-1.9804e-05,6.8646e-05,-79394,331.23
-1.9972e-05,5.9049e-05,-80276,225.18
-1.98e-05,4.7708e-05,-79803,107.42
-2.0942e-05,3.0999e-05,-84803,-94.493
-1.8676e-05,6.8249e-06,-76051,-306.91
-1.9449e-05,-1.6131e-05,-79672,-568.12
-1.9385e-05,-2.2424e-05,-79540,-634.12
-1.9312e-05,-2.2063e-05,-79232,-628.76
-1.9071e-05,-2.2466e-05,-78260,-628.18
-2.0542e-05,-1.6151e-05,-84132,-590.57
-1.8361e-05,-1.2403e-05,-75159,-506.13
-1.9261e-05,-1.7367e-05,-78930,-577.51
-1.8983e-05,-1.5516e-05,-77758,-552.06
-1.929e-05,-1.0629e-05,-78911,-506.04
-1.9097e-05,-1.1181e-05,-78136,-508.03
-1.9114e-05,-7.9644e-06,-78140,-473.98
-1.8897e-05,-6.1253e-06,-77218,-449.9
-1.8855e-05,-2.4365e-06,-76969,-409.59
-1.8432e-05,-5.964e-06,-75316,-438.71
-1.8578e-05,-8.1667e-06,-75958,-465.25
-1.8408e-05,-1.0252e-05,-75305,-484.07
-1.8236e-05,-7.0365e-06,-74538,-446.19
-1.7993e-05,-5.5668e-06,-73516,-425.53
-1.8146e-05,-1.0746e-05,-74248,-484.04
-1.8555e-05,-3.3346e-06,-75766,-413.11
-1.7199e-05,8.2862e-06,-69996,-261.24
-1.7094e-05,-4.0077e-06,-69816,-390.57
-1.7229e-05,-7.6314e-06,-70442,-432.07
-1.6835e-05,-1.4228e-06,-68711,-357.68
-1.6663e-05,3.1725e-06,-67913,-305.03
-1.6298e-05,1.1194e-06,-66468,-319.57
-1.6208e-05,5.5326e-07,-66110,-323.78
-1.5897e-05,3.8994e-06,-64775,-281.68
-1.5792e-05,2.697e-06,-64369,-292.39
-1.5576e-05,2.3412e-06,-63494,-291.8
-1.5395e-05,4.6335e-06,-62712,-263.62
-1.5233e-05,7.1435e-06,-61998,-233.47
-1.4905e-05,7.6449e-06,-60650,-221.44
-1.4844e-05,6.6991e-06,-60420,-230.31
-1.472e-05,3.5764e-06,-59980,-261.19
-1.4375e-05,4.0806e-06,-58559,-248.77
-1.4154e-05,5.8311e-06,-57624,-225.57
-1.3762e-05,9.8145e-06,-55943,-174.99
-1.381e-05,5.3288e-06,-56232,-223.94
-1.3392e-05,1.1173e-05,-54406,-152.94
-1.3536e-05,2.0224e-05,-54810,-59.096
-1.2559e-05,3.5352e-05,-50517,122.54
-1.2499e-05,2.7095e-05,-50438,35.49
-1.2127e-05,2.9511e-05,-48872,68.879
-1.1969e-05,2.7071e-05,-48275,46.013
-1.155e-05,3.2715e-05,-46452,114.89
-1.1488e-05,2.8755e-05,-46281,73.792
-1.1099e-05,3.3573e-05,-44594,133.24
-1.1084e-05,2.8673e-05,-44633,81.151
-1.0651e-05,3.147e-05,-42811,119.85
-1.0666e-05,2.741e-05,-42954,76.139
-1.0352e-05,3.011e-05,-41619,111.39
-1.0411e-05,3.2298e-05,-41814,133.59
-1.0161e-05,3.8394e-05,-40671,203.86
-1.0019e-05,3.3066e-05,-40199,149.78
-9.7956e-06,3.6576e-05,-39217,191.86
-9.8795e-06,3.115e-05,-39669,132.13
-9.6407e-06,3.1749e-05,-38683,143.39
-9.7692e-06,3.071e-05,-39228,129.66
-9.5809e-06,3.6683e-05,-38338,197.37
-9.8466e-06,4.9607e-05,-39160,330.16
-9.4065e-06,6.3167e-05,-37088,484.11
-9.8301e-06,4.6849e-05,-39148,301.01
-9.7688e-06,3.8822e-05,-39062,216.42
-9.8188e-06,3.0542e-05,-39434,126.86
-9.7986e-06,3.0724e-05,-39348,129.22
-1.0068e-05,2.3232e-05,-40601,43.62
-1.0154e-05,2.1434e-05,-40987,22.648
-1.0411e-05,1.6137e-05,-42144,-39.221
-1.0594e-05,2.0341e-05,-42802,2.0292
-1.0832e-05,1.9608e-05,-43789,-10.656
-1.0986e-05,2.9674e-05,-44214,93.841
-1.144e-05,4.1609e-05,-45822,212.23
-1.1626e-05,5.6588e-05,-46275,368.63
-1.2199e-05,4.1732e-05,-48917,198.1
-1.2418e-05,3.7133e-05,-49904,144.47
-1.2718e-05,2.4886e-05,-51378,7.408
-1.3073e-05,2.4405e-05,-52833,-4.9463
-1.3322e-05,1.5666e-05,-54030,-103.47
-1.3743e-05,1.3114e-05,-55797,-139.31
-1.4139e-05,5.7773e-06,-57561,-225.82
-1.4599e-05,7.5896e-06,-59402,-215.8
-1.5014e-05,-1.7715e-06,-61288,-324.35
-1.5447e-05,-6.0703e-07,-63029,-320.7
-1.5867e-05,-4.5686e-06,-64821,-371.59
-1.6328e-05,3.6912e-06,-66537,-292.66
-1.6719e-05,-6.5161e-07,-68219,-347.05
-1.7133e-05,1.0127e-06,-69872,-337.67
-1.7758e-05,3.7408e-06,-72366,-321.2
-1.8319e-05,3.8465e-06,-74655,-331.5
-1.8706e-05,-1.2263e-05,-76562,-511.64
-1.9182e-05,-1.2177e-05,-78502,-520.4
-1.959e-05,-2.26e-05,-80379,-640.16
-2.0081e-05,-1.8825e-05,-82304,-609.77
-2.0513e-05,-2.5077e-05,-84194,-685.41
-2.1016e-05,-2.5085e-05,-86246,-695.73
-2.1393e-05,-3.1201e-05,-87907,-768.81
-2.187e-05,-2.9085e-05,-89810,-755.87
-2.2206e-05,-3.5042e-05,-91304,-826.42
-2.2708e-05,-3.4527e-05,-93340,-831.12
-2.2981e-05,-3.744e-05,-94516,-867.84
-2.3413e-05,-3.3392e-05,-96195,-833.34
-2.3712e-05,-3.7043e-05,-97489,-878.46
-2.407e-05,-4.4262e-05,-99098,-962.95
-2.4269e-05,-4.5437e-05,-99932,-979.56
-2.4593e-05,-5.0654e-05,-1.0136e+05,-1042
-2.4677e-05,-4.0854e-05,-1.015e+05,-938.85
-2.4916e-05,-4.1559e-05,-1.0249e+05,-951.24
-2.5006e-05,-4.8057e-05,-1.0299e+05,-1022.6
-2.5328e-05,-4.3617e-05,-1.0422e+05,-981.64
-2.5322e-05,-4.0043e-05,-1.0412e+05,-943.3
-2.5819e-05,-4.1596e-05,-1.0618e+05,-970.01
-2.5304e-05,-3.621e-05,-1.0397e+05,-901.94
-2.5762e-05,-2.7486e-05,-1.0566e+05,-817.95
-2.584e-05,-2.9569e-05,-1.0602e+05,-841.82
-2.6134e-05,-2.9344e-05,-1.0721e+05,-845.39
-2.6066e-05,-3.0786e-05,-1.0697e+05,-859.44
-2.5632e-05,-3.9431e-05,-1.0537e+05,-943.05
-2.6051e-05,-3.4962e-05,-1.0699e+05,-903.78
-2.6075e-05,-2.8351e-05,-1.0695e+05,-833.57
-2.6124e-05,-3.3277e-05,-1.0725e+05,-887.24
-2.6155e-05,-2.7018e-05,-1.0725e+05,-820.96
-2.6005e-05,-3.2362e-05,-1.0675e+05,-875.06
-2.5676e-05,-3.0746e-05,-1.0537e+05,-851.08
-2.7131e-05,-1.9215e-05,-1.1108e+05,-757.37
-2.6125e-05,-3.6072e-05,-1.0731e+05,-917.15
-2.5563e-05,-3.8364e-05,-1.0507e+05,-930.25
-2.5662e-05,-3.1593e-05,-1.0533e+05,-859.84
-2.5413e-05,-2.68e-05,-1.0422e+05,-803.52
-2.6803e-05,-2.7651e-05,-1.0991e+05,-840.9
-2.4833e-05,-3.5145e-05,-1.0202e+05,-880.98
-2.4475e-05,-4.4009e-05,-1.0074e+05,-968.48
-2.4353e-05,-3.9611e-05,-1.0016e+05,-918.96
-2.4208e-05,-4.4184e-05,-99656,-964.9
-2.3786e-05,-4.5706e-05,-97966,-972.6
-2.3367e-05,-4.3009e-05,-96201,-935.23
-2.3122e-05,-3.6156e-05,-95065,-856.98
-2.2769e-05,-3.4772e-05,-93595,-834.99
-2.216e-05,-2.2077e-05,-90853,-686.85
-2.2121e-05,-1.4259e-06,-90274,-465.22
-2.1735e-05,1.4657e-05,-88371,-285.38
-2.1501e-05,2.2699e-05,-87254,-194.62
-2.0998e-05,2.1731e-05,-85222,-194.75
-1.9977e-05,1.9002e-05,-81112,-203.16
-2.1394e-05,1.5495e-05,-86962,-269.47
-1.8558e-05,1.6443e-06,-75673,-359.89
-2.007e-05,-2.1228e-05,-82306,-635.23
-1.7597e-05,-5.2701e-05,-72861,-921.49
-1.6729e-05,-8.8895e-05,-70055,-1290.9
-1.8345e-05,-0.00012628,-77409,-1723.6
-1.3937e-05,-0.00019738,-60874,-2393.9
-1.5683e-05,-0.00027529,-69458,-3271.4
-1.2515e-05,-0.00036852,-56818,-4306
-1.7361e-06,-0.00037973,-8665,-4440.2
9.1108e-07,-3.0789e-05,3294,-328.17
1.948e-06,8.365e-05,10456,975.38
2.3127e-06,8.5025e-05,12085,1003
3.44e-06,8.3831e-05,17020,1027.6
3.7946e-06,8.2036e-05,18547,1019.3
4.5907e-06,7.8945e-05,22053,1010.8
4.614e-06,7.8034e-05,22148,1000.4
5.0431e-06,7.6309e-05,24077,993.89
5.2841e-06,7.459e-05,25122,982.37
5.5942e-06,7.3002e-05,26516,973.53
5.6289e-06,7.2194e-05,26658,964.8
5.9012e-06,7.0815e-05,27893,956.58
5.9587e-06,7.009e-05,28123,950.75
6.1841e-06,6.9102e-05,29147,946.26
6.0641e-06,6.8854e-05,28562,940.45
6.2794e-06,6.7755e-05,29504,935.95
6.1744e-06,6.7101e-05,28915,929.99
6.429e-06,6.5893e-05,30050,925.21
6.364e-06,6.5514e-05,29728,919.5
6.4994e-06,6.4512e-05,30293,914.58
6.4852e-06,6.3796e-05,30153,908.98
6.4845e-06,6.3415e-05,30157,903.82
6.5157e-06,6.2629e-05,30237,898.38
6.5089e-06,6.1981e-05,30148,893.01
6.4087e-06,6.1903e-05,29710,887.24
6.4582e-06,6.1139e-05,29888,882
6.345e-06,6.1259e-05,29418,876.53
6.3321e-06,6.1231e-05,29432,870.97
6.161e-06,6.1834e-05,28489,872.14
6.0743e-06,6.228e-05,28476,859.54
6.1353e-06,6.1714e-05,28750,854.48
6.0618e-06,6.1401e-05,28400,848.43
6.0975e-06,6.0895e-05,28558,843.3
6.0913e-06,6.0457e-05,28522,837.74
6.0618e-06,6.0087e-05,28377,832.38
5.9829e-06,5.9835e-05,28006,826.93
6.1373e-06,5.9061e-05,28716,822.04
5.999e-06,5.9018e-05,28070,817.43
5.9409e-06,5.8766e-05,27799,812.62
5.8908e-06,5.8601e-05,27568,809.09
5.8905e-06,5.7849e-05,27552,800.15
5.692e-06,5.7926e-05,26636,795.34
5.6363e-06,5.7813e-05,26385,792.36
5.4113e-06,5.7707e-05,25348,784.83
5.3399e-06,5.7492e-05,25017,780.38
5.2118e-06,5.7282e-05,24437,774.58
5.2692e-06,5.6781e-05,24703,770.54
5.1642e-06,5.6478e-05,24227,764.51
5.133e-06,5.6096e-05,24084,759.46
4.9468e-06,5.6022e-05,23246,753.95
4.9868e-06,5.5443e-05,23424,748.54
4.8691e-06,5.5263e-05,22894,743.59
4.8877e-06,5.4593e-05,22979,736.72
4.9725e-06,5.4042e-05,23382,733
4.7772e-06,5.3776e-05,22482,724.9
4.6476e-06,5.3604e-05,21897,719.73
4.6364e-06,5.3193e-05,21849,714.95
4.326e-06,5.2893e-05,20429,703.52
4.1382e-06,5.3047e-05,19579,700.33
4.0204e-06,5.2829e-05,19052,695
4.0703e-06,5.2231e-05,19277,689.74
3.8158e-06,5.2291e-05,18129,683.83
3.5753e-06,5.2372e-05,17043,678.25
3.4792e-06,5.2064e-05,16615,672.45
3.55e-06,5.1413e-05,16930,667.3
3.2734e-06,5.1527e-05,15691,661.14
2.9927e-06,5.1708e-05,14434,655.33
2.7857e-06,5.1661e-05,13516,649.18
2.7119e-06,5.1341e-05,13185,643.64
2.5458e-06,5.1197e-05,12454,637.86
2.4687e-06,5.0925e-05,12103,632.42
2.1305e-06,5.1229e-05,10616,626.17
2.0819e-06,5.087e-05,10396,620.93
1.9073e-06,5.0767e-05,9628.6,614.89
1.6894e-06,5.0824e-05,8675.3,609.3
1.3889e-06,5.1061e-05,7368.8,603.24
1.4316e-06,5.0459e-05,7544.7,598.03
1.1702e-06,5.0597e-05,6410.2,592.01
9.1398e-07,5.0744e-05,5302.9,586.25
5.7394e-07,5.104e-05,3842.6,579.72
1.5556e-07,5.1121e-05,2049,568.69
-2.8052e-07,5.1283e-05,191.95,558.16
-9.8259e-07,5.2154e-05,-2760,548.34
-1.6979e-06,5.3074e-05,-5739.3,539.5
-2.077e-06,5.3059e-05,-7320.4,529.72
-3.0832e-06,5.4539e-05,-11450,521.69
-3.7258e-06,5.4962e-05,-14079,512.07
-4.9119e-06,4.9379e-05,-19033,428.09
-5.7209e-06,-1.4659e-05,-23636,-273.12
-6.2787e-06,-0.0001102,-27915,-1302.2
-7.753e-06,-0.00046026,-36814,-5329.5
