-1.4248e-05,-0.00057682,-65726,-6714.5
-1.218e-05,-0.00045539,-56442,-5274.8
-1.304e-05,-0.00027692,-58601,-3242.3
-1.7381e-05,-0.00012955,-73542,-1738.9
-1.7976e-05,-3.8552e-05,-74118,-777.91
-1.636e-05,-3.3458e-06,-66809,-368.56
-1.7081e-05,2.0734e-05,-69259,-125.72
-1.8042e-05,2.9482e-05,-73002,-51.726
-1.8248e-05,3.5954e-05,-73711,13.287
-1.8844e-05,3.6556e-05,-76130,7.6058
-1.8924e-05,3.5816e-05,-76473,-1.9417
-1.9451e-05,3.3075e-05,-78677,-41.959
-1.9456e-05,2.809e-05,-78801,-95.379
-2.0992e-05,1.6332e-05,-85305,-252.35
-1.8919e-05,-3.2669e-06,-77247,-419.77
-1.9954e-05,-2.2723e-05,-81867,-648.88
-2.0041e-05,-2.8082e-05,-82330,-707.96
-2.0274e-05,-2.6955e-05,-83258,-700.64
-2.0183e-05,-2.8251e-05,-82912,-712.65
-2.1938e-05,-2.2478e-05,-89956,-686.62
-1.9892e-05,-2.0457e-05,-81568,-623.39
-2.1065e-05,-2.6084e-05,-86467,-707.42
-2.0914e-05,-2.5906e-05,-85846,-702.43
-2.1469e-05,-2.1369e-05,-88017,-665.21
-2.1397e-05,-2.3407e-05,-87764,-685.54
-2.1637e-05,-2.052e-05,-88687,-659.55
-2.1528e-05,-2.0037e-05,-88234,-652.18
-2.1692e-05,-1.6555e-05,-88829,-618.26
-2.1366e-05,-2.1471e-05,-87601,-664.22
-2.1691e-05,-2.3646e-05,-88969,-694.07
-2.1605e-05,-2.7052e-05,-88691,-728.76
-2.1592e-05,-2.3396e-05,-88563,-689.4
-2.1421e-05,-2.1874e-05,-87833,-669.64
-2.1705e-05,-2.7195e-05,-89099,-732.31
-2.2168e-05,-2.0902e-05,-90863,-674.45
-2.0922e-05,-8.3554e-06,-85522,-514.92
-2.0862e-05,-2.2565e-05,-85565,-665.65
-2.1078e-05,-2.628e-05,-86523,-709.78
-2.0707e-05,-2.1486e-05,-84912,-650.96
-2.0598e-05,-1.6812e-05,-84370,-598.76
-2.0243e-05,-2.1468e-05,-83019,-641.34
-2.0195e-05,-2.2324e-05,-82840,-649.51
-1.9885e-05,-1.9604e-05,-81521,-614.12
-1.9798e-05,-2.1334e-05,-81200,-630.84
-1.9574e-05,-2.3531e-05,-80332,-649.79
-1.9403e-05,-2.0782e-05,-79578,-616.9
-1.9233e-05,-1.8803e-05,-78843,-592.28
-1.8899e-05,-1.7162e-05,-77448,-567.94
-1.8824e-05,-1.744e-05,-77147,-569.39
-1.8677e-05,-1.9745e-05,-76596,-591.05
-1.8304e-05,-1.949e-05,-75067,-580.74
-1.8023e-05,-1.5226e-05,-73836,-529.43
-1.7579e-05,-1.1891e-05,-71954,-484.73
-1.7541e-05,-1.7955e-05,-71924,-548.8
-1.7055e-05,-1.1639e-05,-69814,-471.38
-1.7101e-05,-3.8135e-06,-69842,-388.63
-1.6047e-05,1.3364e-05,-65191,-183.5
-1.5869e-05,3.6297e-06,-64663,-283.97
-1.5414e-05,8.3344e-06,-62710,-224.41
-1.5118e-05,5.6588e-06,-61558,-247
-1.4605e-05,1.3424e-05,-59306,-153.52
-1.4383e-05,8.6576e-06,-58501,-199.99
-1.3887e-05,1.5293e-05,-56341,-118.94
-1.37e-05,9.3902e-06,-55696,-178.25
-1.3149e-05,1.3883e-05,-53358,-119
-1.298e-05,9.5696e-06,-52757,-161.7
-1.2537e-05,1.4026e-05,-50860,-105.04
-1.2408e-05,1.6662e-05,-50278,-74.222
-1.2033e-05,2.4502e-05,-48588,17.246
-1.1674e-05,1.8858e-05,-47241,-35.819
-1.1323e-05,2.4233e-05,-45697,28.817
-1.118e-05,1.9304e-05,-45214,-20.983
-1.081e-05,2.1584e-05,-43661,10.905
-1.0701e-05,2.0873e-05,-43229,5.5354
-1.0376e-05,2.8111e-05,-41758,89.532
-1.0396e-05,4.1249e-05,-41572,229.61
-9.8191e-06,5.5667e-05,-38924,395.52
-9.9782e-06,3.9739e-05,-39897,221.97
-9.7868e-06,3.2601e-05,-39262,149.54
-9.5664e-06,2.4925e-05,-38518,71.937
-9.4035e-06,2.577e-05,-37837,84.284
-9.4088e-06,1.8724e-05,-38002,8.8279
-9.3591e-06,1.7255e-05,-37829,-5.8636
-9.3537e-06,1.294e-05,-37894,-51.894
-9.3903e-06,1.7432e-05,-37952,-4.6078
-9.3735e-06,1.8696e-05,-37858,9.2531
-9.3804e-06,2.9548e-05,-37666,125.16
-9.5852e-06,4.333e-05,-38221,268.36
-9.6408e-06,5.9121e-05,-38126,436.08
-9.9621e-06,4.5898e-05,-39706,288.16
-1.0054e-05,4.0874e-05,-40184,232.56
-1.0098e-05,2.9806e-05,-40589,113.31
-1.0308e-05,2.8177e-05,-41478,91.621
-1.0332e-05,2.1554e-05,-41711,20.311
-1.0637e-05,2.1463e-05,-42956,13.14
-1.0825e-05,1.6966e-05,-43816,-38.773
-1.116e-05,1.9249e-05,-45134,-21.164
-1.1374e-05,1.2216e-05,-46152,-100.73
-1.1673e-05,1.2891e-05,-47359,-99.604
-1.1896e-05,9.4364e-06,-48339,-141.08
-1.224e-05,1.7175e-05,-49583,-65.313
-1.245e-05,1.3792e-05,-50511,-105.78
-1.2758e-05,1.8057e-05,-51677,-66.414
-1.3227e-05,2.2162e-05,-53510,-32.07
-1.3701e-05,2.5497e-05,-55374,-6.0451
-1.3935e-05,1.299e-05,-56584,-144.55
-1.4312e-05,1.2016e-05,-58139,-162.62
-1.4582e-05,2.9034e-06,-59428,-265.57
-1.4996e-05,7.7e-06,-61018,-222.69
-1.5322e-05,2.9433e-06,-62445,-280.18
-1.5764e-05,4.8575e-06,-64210,-268.71
-1.6056e-05,-1.061e-06,-65522,-337.94
-1.6484e-05,1.094e-06,-67223,-323.6
-1.6757e-05,-5.5229e-06,-68471,-399.9
-1.7222e-05,-4.8431e-06,-70357,-402.11
-1.7445e-05,-1.0134e-05,-71373,-463.21
-1.7857e-05,-7.2109e-06,-72993,-440.33
-1.8127e-05,-1.2376e-05,-74202,-501.06
-1.8479e-05,-1.8398e-05,-75759,-572.62
-1.8671e-05,-2.3206e-05,-76639,-627.93
-1.9e-05,-2.7762e-05,-78076,-683.35
-1.9097e-05,-2.0876e-05,-78330,-611.69
-1.9349e-05,-2.1222e-05,-79367,-620.52
-1.9475e-05,-2.8146e-05,-80023,-697.13
-1.9818e-05,-2.4426e-05,-81343,-664.3
-1.9866e-05,-2.3204e-05,-81516,-652.23
-2.0393e-05,-2.348e-05,-83672,-665.9
-1.9951e-05,-2.0537e-05,-81810,-625.45
-2.0448e-05,-1.165e-05,-83655,-540.51
-2.0618e-05,-1.4085e-05,-84397,-570.01
-2.096e-05,-1.3229e-05,-85776,-567.81
-2.0993e-05,-1.5613e-05,-85961,-593.99
-2.0616e-05,-2.3741e-05,-84588,-673.23
-2.1142e-05,-2.011e-05,-86660,-645.1
-2.1217e-05,-1.497e-05,-86861,-591.67
-2.137e-05,-1.9334e-05,-87572,-641.43
-2.1453e-05,-1.4547e-05,-87815,-591.93
-2.1416e-05,-1.9397e-05,-87764,-643.06
-2.1155e-05,-1.7953e-05,-86667,-622.29
-2.2734e-05,-7.4943e-06,-92898,-542.58
-2.1808e-05,-2.2994e-05,-89436,-689.5
-2.1404e-05,-2.5949e-05,-87846,-712.87
-2.1584e-05,-1.9474e-05,-88449,-647.28
-2.1507e-05,-1.5263e-05,-88050,-600.69
-2.298e-05,-1.4912e-05,-94052,-626.9
-2.1185e-05,-2.3842e-05,-86910,-685.88
-2.0932e-05,-3.1332e-05,-86029,-760.83
-2.0991e-05,-2.8326e-05,-86211,-729.89
-2.094e-05,-3.2781e-05,-86093,-776.5
-2.0713e-05,-3.4582e-05,-85203,-791.12
-2.0392e-05,-3.2336e-05,-83847,-760.57
-2.035e-05,-2.7199e-05,-83573,-704.8
-2.0103e-05,-2.6498e-05,-82551,-692.28
-1.972e-05,-1.5466e-05,-80762,-566.51
-1.9784e-05,3.9817e-06,-80628,-359.84
-1.9607e-05,2.0443e-05,-79570,-180.21
-1.9503e-05,3.2476e-05,-78901,-49.427
-1.9238e-05,3.7789e-05,-77715,12.768
-1.8357e-05,4.1484e-05,-74045,70.202
-2.001e-05,4.6777e-05,-80679,93.196
-1.73e-05,4.1599e-05,-69728,92.942
-1.9086e-05,2.7858e-05,-77297,-90.339
-1.6751e-05,4.7245e-06,-68240,-290.21
-1.6124e-05,-2.843e-05,-66357,-631.99
-1.7947e-05,-7.1098e-05,-74663,-1125.4
-1.3642e-05,-0.00017746,-59262,-2175.2
-1.5532e-05,-0.0003207,-69628,-3763.2
-1.2298e-05,-0.00049839,-57048,-5782.2
-2.8851e-06,-0.00054844,-14192,-6413.9
-1.2291e-06,-0.00013265,-7056.5,-1481.8
-2.1565e-07,4.6528e-05,189.76,500.09
1.8636e-07,5.4667e-05,2072.6,599.44
1.4047e-06,5.9939e-05,7386.3,692.14
1.8816e-06,5.8545e-05,9395.6,690.89
2.7283e-06,5.6104e-05,13008,689.63
2.8472e-06,5.5703e-05,13530,688.38
3.3298e-06,5.4317e-05,15635,687.13
3.6369e-06,5.3342e-05,16968,685.87
4.0174e-06,5.2247e-05,18651,684.62
4.1643e-06,5.1798e-05,19309,683.4
4.4643e-06,5.0933e-05,20646,682.18
4.5807e-06,5.0563e-05,21161,681.5
4.8472e-06,4.9827e-05,22358,680.78
4.7822e-06,4.9856e-05,22047,680.09
5.0251e-06,4.9042e-05,23104,679.38
4.9912e-06,4.8633e-05,22860,678.68
5.2773e-06,4.773e-05,24129,677.98
5.2898e-06,4.7565e-05,24177,677.28
5.459e-06,4.6854e-05,24898,676.58
5.5222e-06,4.6348e-05,25124,675.89
5.5685e-06,4.6228e-05,25354,675.19
5.6613e-06,4.5687e-05,25726,674.49
5.7181e-06,4.5268e-05,25940,673.79
5.7139e-06,4.5365e-05,25959,673.1
5.8132e-06,4.4863e-05,26373,672.4
5.7703e-06,4.5204e-05,26242,671.7
5.8408e-06,4.5387e-05,26651,671.01
5.7729e-06,4.613e-05,26462,670.31
5.7328e-06,4.6914e-05,26416,669.62
5.8125e-06,4.667e-05,26782,668.93
5.8598e-06,4.6502e-05,26999,668.23
5.9693e-06,4.6191e-05,27505,667.54
6.0373e-06,4.5977e-05,27819,666.85
6.062e-06,4.5862e-05,27932,666.16
6.0638e-06,4.5799e-05,27938,665.46
6.2067e-06,4.5416e-05,28601,664.77
6.1972e-06,4.5379e-05,28556,664.08
6.2017e-06,4.5311e-05,28575,663.39
6.2161e-06,4.522e-05,28640,662.7
6.2741e-06,4.5031e-05,28909,662.01
6.1697e-06,4.5209e-05,28422,661.32
6.1868e-06,4.5112e-05,28499,660.63
6.0613e-06,4.5338e-05,27914,659.94
6.0416e-06,4.5325e-05,27821,659.25
6.0269e-06,4.5301e-05,27752,658.57
6.1225e-06,4.5026e-05,28194,657.88
6.1058e-06,4.5006e-05,28115,657.2
6.1373e-06,4.4876e-05,28260,656.5
6.0838e-06,4.494e-05,28009,655.82
6.1439e-06,4.4746e-05,28287,655.14
6.1283e-06,4.4723e-05,28213,654.45
6.231e-06,4.4433e-05,28690,653.76
6.4111e-06,4.3972e-05,29529,653.08
6.2644e-06,4.4243e-05,28842,652.4
6.2407e-06,4.4239e-05,28730,651.72
6.3169e-06,4.401e-05,29084,651.03
6.1296e-06,4.4374e-05,28210,650.35
6.006e-06,4.4597e-05,27634,649.67
6.0039e-06,4.4544e-05,27623,648.99
6.1079e-06,4.425e-05,28104,648.3
5.9722e-06,4.45e-05,27473,647.62
5.8008e-06,4.4834e-05,26677,646.94
5.8174e-06,4.4738e-05,26753,646.26
5.9555e-06,4.4366e-05,27390,645.58
5.7886e-06,4.4689e-05,26616,644.9
5.5774e-06,4.5117e-05,25640,644.22
5.4903e-06,4.526e-05,25238,643.54
5.4867e-06,4.5211e-05,25220,642.87
5.4292e-06,4.5291e-05,24956,642.18
5.418e-06,4.5257e-05,24902,641.51
5.1943e-06,4.5725e-05,23877,640.83
5.2105e-06,4.5629e-05,23950,640.16
5.1386e-06,4.5738e-05,23619,639.47
5.0129e-06,4.5973e-05,23044,638.8
4.815e-06,4.6386e-05,22144,638.12
4.9306e-06,4.6052e-05,22667,637.45
4.7658e-06,4.6387e-05,21918,636.77
4.6022e-06,4.6722e-05,21178,636.1
4.3822e-06,4.7185e-05,20184,635.38
4.1408e-06,4.7532e-05,19071,634.15
3.8631e-06,4.8028e-05,17812,632.94
3.3406e-06,4.9274e-05,15504,631.74
2.7945e-06,5.0707e-05,13150,630.52
2.5937e-06,5.1149e-05,12285,629.31
1.7802e-06,5.3229e-05,8817.9,628.1
1.4474e-06,5.3988e-05,7405.8,626.89
2.9342e-07,5.563e-05,2549,612.69
-4.5974e-07,4.6788e-05,-859.46,495.63
-1.0833e-06,9.3985e-06,-4227.9,78.461
-2.8616e-06,-0.00019267,-14582,-2178.9
