-6.1279e-06,-0.00021355,-28752,-2445.6
-4.6734e-06,-0.00016384,-22029,-1870.4
-5.0425e-06,-9.2597e-05,-22441,-1093.6
-7.1604e-06,-3.921e-05,-30008,-564.92
-7.4658e-06,-5.5545e-06,-30569,-211.25
-6.3138e-06,7.8306e-07,-25740,-120.05
-6.6184e-06,7.2512e-06,-26852,-57.086
-6.8845e-06,9.2331e-06,-27897,-41.306
-6.9279e-06,1.0686e-05,-28044,-26.655
-7.1091e-06,1.1569e-05,-28766,-20.895
-7.1814e-06,1.2051e-05,-29051,-17.217
-7.3619e-06,1.1204e-05,-29804,-29.94
-7.626e-06,9.7474e-06,-30911,-50.889
-6.8771e-06,1.6027e-07,-28051,-138.17
-7.12e-06,-8.6639e-06,-29222,-237.47
-7.7087e-06,-1.2361e-05,-31698,-288.97
-7.7386e-06,-1.2281e-05,-31819,-288.73
-7.8147e-06,-1.0616e-05,-32095,-272.48
-7.6989e-06,-1.0157e-05,-31614,-265.21
-8.8802e-06,-6.315e-06,-36354,-248.16
-7.6639e-06,-3.4847e-06,-31335,-193.15
-8.1615e-06,-7.785e-06,-33453,-249.26
-8.1482e-06,-7.7885e-06,-33398,-249.02
-8.2517e-06,-6.3854e-06,-33792,-236.12
-8.1785e-06,-7.8172e-06,-33523,-249.95
-8.3378e-06,-7.0822e-06,-34158,-245.33
-8.1949e-06,-6.1456e-06,-33556,-232.41
-8.2923e-06,-4.8368e-06,-33926,-220.39
-8.1737e-06,-4.9607e-06,-33445,-219.3
-8.1847e-06,-4.5543e-06,-33481,-215.18
-8.1313e-06,-4.9308e-06,-33271,-218.12
-8.1144e-06,-3.6248e-06,-33176,-203.81
-7.9396e-06,-5.0925e-06,-32493,-215.95
-8.0702e-06,-1.1149e-05,-33148,-283.36
-8.4807e-06,-1.0099e-05,-34802,-280.49
-7.6551e-06,-5.5011e-06,-31340,-214.53
-7.5121e-06,-1.3011e-05,-30909,-291.92
-7.9327e-06,-1.6895e-05,-32705,-342.02
-7.717e-06,-1.5222e-05,-31791,-319.74
-7.7219e-06,-1.2908e-05,-31763,-295.1
-7.5536e-06,-1.0316e-05,-31024,-263.95
-7.5389e-06,-7.782e-06,-30912,-236.56
-7.3634e-06,-3.6015e-06,-30112,-188.29
-7.0808e-06,-2.4511e-06,-28935,-170.24
-7.1353e-06,-4.4181e-06,-29198,-192.38
-6.9932e-06,-2.3403e-06,-28576,-167.27
-6.9853e-06,-2.912e-06,-28555,-173.22
-6.9434e-06,-1.5496e-06,-28356,-157.8
-6.7961e-06,-2.9783e-07,-27730,-141.42
-6.7234e-06,-3.3527e-06,-27496,-172.61
-6.5277e-06,-6.6685e-06,-26765,-204.08
-6.3191e-06,-1.0235e-05,-25986,-237.97
-6.342e-06,-1.6339e-05,-26204,-303.71
-6.4565e-06,-1.6866e-05,-26682,-311.68
-6.2467e-06,-1.1577e-05,-25718,-250.85
-6.4364e-06,-2.3658e-06,-26305,-156.22
-5.8469e-06,9.1465e-06,-23666,-21.127
-5.8031e-06,6.6459e-06,-23538,-46.976
-5.5813e-06,9.188e-06,-22581,-15.281
-5.4624e-06,8.8034e-06,-22104,-16.976
-5.2473e-06,1.2571e-05,-21150,27.684
-5.1321e-06,1.1354e-05,-20705,17.012
-4.9143e-06,1.4462e-05,-19753,54.683
-4.8042e-06,1.206e-05,-19353,31.235
-4.5681e-06,1.3153e-05,-18367,47.72
-4.4697e-06,1.0091e-05,-18028,16.986
-4.2663e-06,9.4249e-06,-17212,13.998
-4.1362e-06,3.3988e-06,-16804,-47.79
-3.9633e-06,-5.5626e-08,-16169,-81.21
-3.96e-06,-2.1939e-06,-16199,-104.01
-3.6959e-06,-9.6132e-07,-15096,-85.455
-3.7297e-06,-1.5191e-06,-15246,-92.107
-3.5601e-06,1.5223e-07,-14520,-70.787
-3.5566e-06,1.4453e-06,-14479,-56.889
-3.4043e-06,5.7182e-06,-13771,-8.1023
-3.4716e-06,1.586e-05,-13839,98.968
-3.1541e-06,2.5203e-05,-12354,205.33
-3.3066e-06,1.8307e-05,-13116,128.49
-3.1883e-06,1.3846e-05,-12724,83.197
-3.0324e-06,8.2157e-06,-12203,26.167
-2.881e-06,5.5335e-06,-11640,0.56649
-2.9105e-06,2.3314e-06,-11826,-34.272
-2.8913e-06,9.0926e-07,-11776,-49.087
-2.8836e-06,-5.1459e-07,-11774,-64.156
-2.8976e-06,1.0552e-06,-11799,-47.657
-2.8383e-06,3.3836e-06,-11510,-21.553
-2.8361e-06,9.0583e-06,-11385,39.17
-2.9604e-06,1.8019e-05,-11710,132.46
-2.9855e-06,2.6643e-05,-11637,224.15
-3.1362e-06,1.9871e-05,-12390,148.68
-3.1674e-06,1.5739e-05,-12601,103.87
-3.1118e-06,1.1189e-05,-12467,56.346
-3.234e-06,9.8188e-06,-12993,39.208
-3.2019e-06,6.7916e-06,-12924,7.4922
-3.3738e-06,6.1209e-06,-13638,-3.1755
-3.399e-06,4.6853e-06,-13770,-19.038
-3.5763e-06,5.7261e-06,-14473,-11.517
-3.6211e-06,4.7009e-06,-14676,-23.389
-3.8017e-06,6.2357e-06,-15382,-10.652
-3.854e-06,5.4357e-06,-15611,-20.27
-4.0359e-06,8.3227e-06,-16295,6.9007
-4.0893e-06,6.6009e-06,-16548,-12.597
-4.2108e-06,7.3212e-06,-17029,-7.3674
-4.4767e-06,7.2689e-06,-18114,-13.334
-4.6552e-06,8.1939e-06,-18824,-7.0733
-4.7579e-06,4.1003e-06,-19326,-52.934
-4.9339e-06,3.9668e-06,-20046,-57.942
-5.0433e-06,8.6806e-07,-20556,-93.301
-5.2381e-06,2.4861e-06,-21318,-79.962
-5.3601e-06,-2.0939e-07,-21870,-111.27
-5.567e-06,1.5255e-06,-22679,-96.925
-5.6753e-06,-1.2289e-06,-23177,-128.58
-5.8976e-06,1.2048e-06,-24034,-107.08
-6.021e-06,-1.6229e-06,-24595,-139.83
-6.2453e-06,6.592e-08,-25476,-126.33
-6.3479e-06,-2.7806e-06,-25952,-158.85
-6.5653e-06,-8.4527e-07,-26800,-142.58
-6.6427e-06,-4.6073e-06,-27192,-184.38
-6.804e-06,-6.1192e-06,-27881,-203.83
-6.9244e-06,-7.4481e-06,-28399,-220.49
-7.0739e-06,-8.7475e-06,-29035,-237.43
-7.1049e-06,-6.8491e-06,-29123,-217.76
-7.2815e-06,-6.2114e-06,-29830,-214.53
-7.3156e-06,-1.0231e-05,-30051,-258.21
-7.5043e-06,-7.9406e-06,-30775,-237.55
-7.5452e-06,-7.3322e-06,-30929,-231.88
-7.7706e-06,-7.8198e-06,-31858,-241.68
-7.603e-06,-7.3477e-06,-31165,-233.22
-7.8548e-06,-3.3379e-06,-32111,-195.47
-7.9328e-06,-5.2154e-06,-32467,-217.13
-8.0958e-06,-3.8306e-06,-33104,-205.63
-8.1575e-06,-4.1235e-06,-33362,-210.02
-8.0356e-06,-6.9292e-06,-32922,-237.54
-8.2437e-06,-6.4e-06,-33760,-236.12
-8.3327e-06,-3.5908e-06,-34066,-207.89
-8.387e-06,-5.3713e-06,-34323,-228.03
-8.4463e-06,-2.7187e-06,-34511,-200.87
-8.5339e-06,-4.2916e-06,-34901,-219.47
-8.3074e-06,-4.6553e-06,-33984,-218.76
-9.4592e-06,5.4187e-08,-38587,-191.83
-8.7554e-06,-9.3241e-06,-35906,-277.79
-8.5992e-06,-1.1146e-05,-35306,-294.1
-8.749e-06,-7.4217e-06,-35842,-257.32
-8.6506e-06,-5.8791e-06,-35409,-238.82
-9.7218e-06,-3.8624e-06,-39738,-239.05
-8.5286e-06,-1.1286e-05,-35022,-294.16
-8.5366e-06,-1.2731e-05,-35083,-309.77
-8.5484e-06,-1.2627e-05,-35130,-308.9
-8.4758e-06,-1.4722e-05,-34876,-329.83
-8.3903e-06,-1.446e-05,-34522,-325.29
-8.2965e-06,-1.2236e-05,-34094,-299.6
-8.1608e-06,-1.0726e-05,-33509,-280.69
-8.0495e-06,-1.1292e-05,-33067,-284.48
-7.8786e-06,-7.705e-06,-32297,-242.65
-7.7827e-06,1.0785e-06,-31727,-146.77
-7.6022e-06,7.2307e-06,-30865,-77.316
-7.5263e-06,1.2863e-05,-30441,-15.55
-7.3926e-06,1.2722e-05,-29899,-14.341
-7.4041e-06,1.2716e-05,-29946,-14.636
-6.4475e-06,9.7659e-06,-26103,-26.72
-6.9943e-06,9.4215e-06,-28341,-41.526
-5.9622e-06,4.069e-06,-24240,-77.766
-6.5289e-06,1.1082e-06,-26611,-120.95
-6.362e-06,-8.3621e-06,-26123,-218.82
-7.9058e-06,-1.7788e-05,-32613,-351.01
-5.2841e-06,-6.1996e-05,-22817,-770.4
-6.7972e-06,-0.0001139,-30037,-1356.8
-4.5515e-06,-0.00019171,-21823,-2182.5
-9.9767e-07,-0.00021589,-6554.1,-2437.5
-7.2252e-07,-3.317e-05,-3594.4,-371.09
-3.5672e-07,5.6116e-05,-170.4,600.9
-3.7737e-07,6.5703e-05,-5.8669,706
1.2734e-07,7.1758e-05,2291.3,786.88
2.0826e-07,6.1668e-05,2354.4,677.17
6.2085e-07,5.0504e-05,3795.9,564.88
5.7303e-07,3.8563e-05,3277.3,431.94
7.3055e-07,2.7229e-05,3650.5,311.61
6.3868e-07,2.5393e-05,3219.3,289.24
7.8326e-07,2.3041e-05,3767.6,267.1
7.9897e-07,2.1001e-05,3783.3,245.2
8.1425e-07,1.9057e-05,3800,224.33
8.9928e-07,1.7731e-05,4125,211.91
9.3103e-07,1.6533e-05,4229.7,199.59
9.863e-07,1.5255e-05,4431.8,186.96
9.6387e-07,1.4205e-05,4312.5,174.94
1.0805e-06,1.2854e-05,4772.7,162.89
1.062e-06,1.1788e-05,4669.8,150.78
1.0766e-06,1.0642e-05,4705.5,138.56
1.0934e-06,9.503e-06,4750.9,126.45
1.126e-06,8.3316e-06,4862.6,114.32
1.142e-06,7.1976e-06,4905.6,102.22
1.175e-06,6.0117e-06,5019.7,89.914
1.1954e-06,4.8696e-06,5081.6,77.794
1.2375e-06,3.6855e-06,5235.4,65.659
1.2674e-06,2.5252e-06,5338,53.507
1.3149e-06,1.3223e-06,5515.5,41.23
1.394e-06,7.7639e-08,5827.4,29.105
1.4287e-06,-1.0902e-06,5951.8,16.898
1.5131e-06,-2.3381e-06,6288.1,4.7673
1.5515e-06,-3.5109e-06,6429.6,-7.472
1.5161e-06,-4.5771e-06,6257.5,-19.965
1.6912e-06,-6.0208e-06,6981.2,-32.642
1.6758e-06,-7.033e-06,6895.9,-44.176
1.6749e-06,-7.0865e-06,6891.3,-44.786
1.6375e-06,-7.0774e-06,6730.5,-45.385
1.8261e-06,-7.4256e-06,7536.2,-45.74
1.7433e-06,-7.357e-06,7180.4,-46.518
1.8726e-06,-7.6669e-06,7732.6,-47.566
1.8037e-06,-7.6272e-06,7435.7,-48.402
1.6976e-06,-7.5257e-06,6980.7,-49.243
1.6725e-06,-7.564e-06,6872,-50.135
1.7434e-06,-7.7628e-06,7173.4,-51.029
1.7958e-06,-7.9335e-06,7395.9,-51.958
1.8322e-06,-8.0713e-06,7550.5,-52.82
1.8808e-06,-7.8482e-06,7764.7,-49.434
1.9218e-06,-4.5844e-06,8003.7,-12.255
1.9081e-06,-1.2265e-06,8010,24.938
2.0426e-06,1.8885e-06,8655.7,62.443
2.0572e-06,5.1811e-06,8787.7,99.561
1.8773e-06,8.8535e-06,8088.1,136.66
1.8794e-06,1.2184e-05,8171.5,173.81
1.8698e-06,1.5564e-05,8207.9,211.21
1.9489e-06,1.8724e-05,8624.6,248.28
1.8875e-06,2.2188e-05,8444.2,285.34
1.8541e-06,2.498e-05,8370.2,315.51
1.9475e-06,2.2472e-05,8710.4,289.99
1.762e-06,2.0544e-05,7862.5,263.97
1.8482e-06,1.8114e-05,8175,239.07
1.8468e-06,1.5839e-05,8115,213.73
1.9228e-06,1.3367e-05,8386.1,187.98
1.8586e-06,1.1226e-05,8060,162.67
1.7851e-06,9.0926e-06,7695.2,137.29
1.8338e-06,6.7192e-06,7853.5,111.95
1.9412e-06,4.233e-06,8265.1,86.524
1.9019e-06,2.0093e-06,8048.7,60.901
1.8011e-06,-8.3658e-08,7570.4,35.529
1.7489e-06,-2.2719e-06,7302.1,10.143
1.7953e-06,-4.6399e-06,7456.1,-15.303
1.8018e-06,-6.6695e-06,7445.4,-37.775
1.7435e-06,-6.2826e-06,7201.7,-34.565
1.6402e-06,-5.8163e-06,6766,-31.336
1.6742e-06,-5.5855e-06,6916.5,-28.13
1.6103e-06,-4.7571e-06,6658,-20.152
1.5323e-06,-5.9617e-07,6405,24.437
1.4802e-06,3.531e-06,6266.6,69.049
1.4862e-06,7.5446e-06,6378.2,113.57
1.4777e-06,1.163e-05,6432.7,158.54
1.3648e-06,1.5919e-05,6050.9,203.25
1.332e-06,2.0406e-05,6020.3,251.84
1.0492e-06,2.8345e-05,5022,331.94
1.0552e-06,3.4719e-05,5213.1,402.25
7.0928e-07,3.497e-05,3758.1,395.98
6.8042e-07,3.4467e-05,3623.6,389.71
6.2712e-07,3.4025e-05,3388,383.49
3.6859e-07,3.4703e-05,2320.5,384.37
1.8897e-07,4.0237e-05,1708.2,440.48
-9.2999e-08,4.553e-05,662.6,491.38
-4.9513e-07,4.7028e-05,-977.25,497.75
-4.9053e-07,3.8825e-05,-1156.8,408.35
-9.9542e-07,-5.3058e-05,-5061.6,-592.36
