-1.7262e-05,-0.0023881,-64648,-16690
-2.1051e-05,-0.0013672,-64670,-10617
-1.9297e-05,-0.00067929,-69942,-5083.4
-1.8295e-05,-0.00017371,-69784,-1247.8
-1.8068e-05,9.9284e-05,-68604,680
-1.6474e-05,0.00027227,-62304,1905.8
-1.5615e-05,0.00031371,-58825,2210.7
-1.3994e-05,0.00031428,-52512,2225.9
-1.3157e-05,0.00027987,-49493,1975.7
-1.1904e-05,0.00023966,-44870,1686.8
-1.1003e-05,0.00020002,-41569,1402.8
-9.8518e-06,0.00016191,-37267,1132.7
-8.762e-06,0.00012403,-33180,865.56
-7.8069e-06,8.994e-05,-29588,625.92
-7.1161e-06,5.7045e-05,-26998,394.48
-5.5989e-06,3.1327e-05,-21258,214.66
-4.9024e-06,1.7552e-05,-18625,118.22
-3.5875e-06,1.0146e-05,-13632,67.461
-2.8207e-06,7.3943e-06,-10719,48.926
-1.9062e-06,6.924e-06,-7241.7,46.668
-1.1889e-06,1.3055e-05,-4506.5,90.787
-5.344e-08,1.3849e-05,-136.55,100.36
3.9594e-07,1.6844e-05,1651.4,124.98
1.2694e-06,1.9068e-05,5165,146.29
1.7091e-06,2.2534e-05,6977.3,174.63
2.3226e-06,2.3362e-05,9515.9,183.79
2.7587e-06,2.5481e-05,11336,202.1
3.4334e-06,2.5589e-05,14140,205.67
3.8684e-06,2.7793e-05,15976,225.62
4.6489e-06,2.5223e-05,19254,210.32
5.0673e-06,2.3158e-05,21032,198.59
5.5166e-06,1.8988e-05,22971,167.92
6.1548e-06,1.8433e-05,25796,167.42
6.6911e-06,1.6354e-05,28198,153
7.2603e-06,1.3023e-05,30780,128.17
7.8307e-06,1.0624e-05,33368,109.27
8.2189e-06,2.8693e-05,35144,261.32
8.4072e-06,4.4239e-05,36040,391.96
8.9803e-06,5.6015e-05,38755,495.59
9.1319e-06,6.9793e-05,39647,613.03
9.4144e-06,8.8767e-05,41248,777.37
9.3609e-06,0.00010658,41250,930.27
9.7799e-06,0.00012119,43446,1062.2
9.6363e-06,0.00013803,43061,1205.2
1.0127e-05,0.00015312,45642,1344
9.7188e-06,0.00016449,43982,1432.6
1.023e-05,0.00017519,46593,1534.8
9.8178e-06,0.00018606,44935,1618.2
1.0304e-05,0.00019562,47416,1710.9
9.8755e-06,0.00020824,45736,1808.2
1.0178e-05,0.00021635,47341,1884.7
9.8672e-06,0.00022267,46060,1930.8
9.9035e-06,0.00022649,46323,1964.3
9.6906e-06,0.00023475,45546,2029.3
9.5911e-06,0.00023247,45029,2007.4
9.3473e-06,0.00022773,43785,1960.8
9.1739e-06,0.00021358,42633,1836.3
8.85e-06,0.00021454,41165,1836.6
8.6068e-06,0.00020396,39789,1741.2
8.2389e-06,0.00019584,37912,1664
7.9448e-06,0.00017922,36183,1517.6
7.5363e-06,0.00016889,34094,1422.1
7.1896e-06,0.00014992,32118,1256.9
6.7268e-06,0.00013755,29785,1145.4
6.3238e-06,0.00011771,27608,974.96
5.787e-06,0.00010269,24970,843.4
5.3655e-06,8.2386e-05,22804,672.85
4.8145e-06,6.4664e-05,20181,523.35
4.3674e-06,4.4266e-05,18047,356.02
3.6817e-06,3.2897e-05,15108,264.98
3.1529e-06,1.7356e-05,12831,143.16
2.3646e-06,1.0967e-05,9415.8,99.732
1.8449e-06,3.1517e-06,7259.4,38.471
9.3127e-07,1.9592e-06,3499.8,29.453
3.8168e-07,-3.5915e-07,1303.3,9.8388
-6.1941e-07,1.7686e-06,-2353.7,11.767
-1.2072e-06,2.5997e-06,-4588.1,16.951
-2.2846e-06,4.9592e-06,-8683,32.356
-2.8044e-06,8.2179e-06,-10656,54.759
-3.9605e-06,8.8287e-06,-15053,57.728
-4.4951e-06,1.003e-05,-17084,65.59
-5.6147e-06,8.3861e-06,-21345,52.68
-6.1531e-06,6.0137e-06,-23395,35.304
-7.2739e-06,2.8446e-07,-27664,-6.4482
-7.7998e-06,-2.906e-06,-29668,-29.585
-8.9101e-06,-1.2723e-05,-33902,-100.19
-9.4045e-06,-2.0626e-05,-35792,-156.56
-1.0487e-05,-3.1689e-05,-39923,-235.93
-1.0968e-05,-4.096e-05,-41761,-301.95
-1.2064e-05,-4.9232e-05,-45939,-361.63
-1.2508e-05,-5.3466e-05,-47634,-392.04
-1.3586e-05,-6.1758e-05,-51743,-451.83
-1.4035e-05,-6.874e-05,-53459,-501.65
-1.5033e-05,-7.3633e-05,-57261,-537.37
-1.5488e-05,-8.1953e-05,-59003,-596.64
-1.6392e-05,-8.8613e-05,-62447,-644.72
-1.6829e-05,-9.6686e-05,-64121,-702.23
-1.7684e-05,-0.00010392,-67380,-754.3
-1.8116e-05,-0.000112,-69032,-811.83
-1.8925e-05,-0.00011533,-72114,-836.31
-1.9324e-05,-0.00011667,-73631,-846.24
-2.004e-05,-0.00011925,-76361,-865.33
-2.0414e-05,-0.00012961,-77794,-938.9
-2.1039e-05,-0.00013035,-80171,-944.81
-2.1382e-05,-0.00013649,-81483,-988.6
-2.1953e-05,-0.0001361,-83657,-986.46
-2.2244e-05,-0.00013668,-84761,-990.9
-2.2743e-05,-0.00013606,-86660,-987.11
-2.3013e-05,-0.00013468,-87683,-977.68
-2.341e-05,-0.00013244,-89193,-962.33
-2.3642e-05,-0.00013238,-90076,-962.18
-2.3969e-05,-0.00012468,-91310,-908.23
-2.4153e-05,-0.00011854,-92004,-865.08
-2.4407e-05,-0.00010985,-92958,-804.02
-2.4528e-05,-0.00010839,-93417,-793.82
-2.4719e-05,-9.645e-05,-94132,-709.77
-2.4791e-05,-9.197e-05,-94397,-678.22
-2.4878e-05,-8.6018e-05,-94721,-636.29
-2.49e-05,-9.2166e-05,-94812,-679.72
-2.492e-05,-7.7031e-05,-94872,-572.88
-2.4903e-05,-8.1479e-05,-94812,-604.27
-2.4842e-05,-7.0434e-05,-94567,-526.21
-2.4778e-05,-7.4203e-05,-94329,-552.75
-2.4626e-05,-7.45e-05,-93752,-554.67
-2.4557e-05,-7.381e-05,-93487,-549.72
-2.4353e-05,-6.5621e-05,-92700,-491.66
-2.4247e-05,-7.3504e-05,-92307,-547.2
-2.3971e-05,-6.4463e-05,-91249,-483.03
-2.3838e-05,-6.689e-05,-90745,-500.01
-2.3491e-05,-6.6577e-05,-89423,-497.4
-2.3322e-05,-7.0728e-05,-88786,-526.52
-2.2944e-05,-6.7557e-05,-87344,-503.68
-2.2739e-05,-7.1094e-05,-86570,-528.42
-2.2338e-05,-6.7928e-05,-85041,-505.6
-2.2153e-05,-6.1798e-05,-84328,-462.1
-2.1752e-05,-6.4634e-05,-82808,-481.66
-2.1563e-05,-5.8102e-05,-82082,-435.32
-2.1133e-05,-6.0307e-05,-80446,-450.38
-2.0881e-05,-5.9162e-05,-79488,-442.01
-2.0377e-05,-5.328e-05,-77563,-399.89
-2.0072e-05,-5.9037e-05,-76410,-440.18
-1.945e-05,-5.5269e-05,-74040,-412.85
-1.9135e-05,-5.3527e-05,-72841,-400.19
-1.8441e-05,-5.0757e-05,-70197,-379.82
-1.8095e-05,-5.7226e-05,-68888,-425.09
-1.7356e-05,-5.2136e-05,-66070,-388.29
-1.6961e-05,-6.3197e-05,-64582,-465.93
-1.6186e-05,-6.235e-05,-61634,-459.05
-1.5782e-05,-7.2191e-05,-60109,-528.05
-1.4934e-05,-8.2819e-05,-56896,-602.11
-1.4492e-05,-9.8311e-05,-55231,-710.98
-1.3619e-05,-0.00011041,-51926,-795.37
-1.3128e-05,-0.00013118,-50082,-941.47
-1.2386e-05,-0.00014523,-47277,-1039.8
-1.1925e-05,-0.00015128,-45532,-1082
-1.1211e-05,-0.00014492,-42807,-1036.2
-1.0657e-05,-0.00013583,-40692,-971.43
-9.8921e-06,-0.00012313,-37766,-880.81
-9.0766e-06,-0.00011031,-34649,-789.35
-8.6755e-06,-9.495e-05,-33106,-680.47
-7.7726e-06,-7.8888e-05,-29653,-566.01
-6.9105e-06,-5.2419e-05,-26344,-378.12
-6.5097e-06,-2.4456e-05,-24787,-180.24
-5.6438e-06,1.0926e-05,-21452,70.576
-4.8129e-06,5.4791e-05,-18241,381.23
-4.4623e-06,0.00013085,-16761,923.34
-2.8072e-06,0.00022989,-8970.1,1706.6
-2.9038e-06,0.00034327,-7130.9,2622.1
1.0818e-06,0.00038203,10962,3043
3.6587e-06,0.00025539,18956,2049.5
4.0354e-06,0.00012745,17803,1012.3
4.086e-06,0.00011975,17870,951.76
3.9925e-06,0.00011271,17354,893.71
3.9034e-06,0.00011028,16942,872.66
3.7753e-06,0.00010781,16358,850.96
3.5949e-06,0.00010579,15560,831.86
3.4326e-06,0.00010352,14848,811.31
3.1443e-06,0.00010172,13600,792.5
2.9294e-06,9.9628e-05,12676,772.94
2.5871e-06,9.7984e-05,11223,754.79
2.3646e-06,9.612e-05,10250,735.88
2.198e-06,9.5061e-05,9561.6,726.47
1.9969e-06,9.4079e-05,8729.9,716.21
1.7939e-06,9.3262e-05,7888.5,707.3
1.5463e-06,9.2507e-05,6863.8,698.23
1.3393e-06,9.1852e-05,6014.4,690.7
1.0905e-06,9.1088e-05,4994.8,681.87
8.5691e-07,9.0296e-05,4040.8,673.17
5.8553e-07,8.9635e-05,2938.3,665.08
3.882e-07,8.886e-05,2135.8,657.08
1.1406e-07,8.806e-05,1031.2,648.34
-1.0348e-07,8.7259e-05,152,640.05
-4.3917e-07,8.6771e-05,-1187.7,633.24
-6.3546e-07,8.5704e-05,-1975.8,623.47
-9.338e-07,8.5029e-05,-3160.4,615.88
-1.1766e-06,8.3984e-05,-4124.4,606.16
-1.4821e-06,8.2951e-05,-5331.2,596.22
-1.7195e-06,8.1667e-05,-6268.6,585.08
-1.9872e-06,8.0298e-05,-7315.3,573.61
-2.2166e-06,7.9248e-05,-8213,564.57
-2.5972e-06,7.8561e-05,-9697.2,557.21
-2.8553e-06,7.7549e-05,-10703,548.44
-3.1586e-06,7.6631e-05,-11876,540.47
-3.4277e-06,7.5617e-05,-12914,532.16
-3.7854e-06,7.4554e-05,-14288,523.49
-3.9804e-06,7.3287e-05,-15037,513.88
-4.4101e-06,7.2801e-05,-16681,509.34
-4.709e-06,7.1599e-05,-17824,500.19
-5.0606e-06,7.0206e-05,-19165,489.8
-5.3403e-06,6.9273e-05,-20230,482.88
-5.7561e-06,6.8345e-05,-21813,475.84
-6.0757e-06,6.74e-05,-23029,468.79
-6.5294e-06,6.6162e-05,-24756,459.53
-6.7736e-06,6.6059e-05,-25685,458.51
-7.2244e-06,6.5312e-05,-27401,452.72
-7.4786e-06,6.4187e-05,-28369,444.49
-7.9338e-06,6.3428e-05,-30101,438.6
-8.1944e-06,6.2324e-05,-31093,430.5
-8.7018e-06,6.1632e-05,-33024,425.02
-8.9128e-06,6.0424e-05,-33828,416.25
-9.3875e-06,5.9662e-05,-35634,410.32
-9.6936e-06,5.8582e-05,-36800,402.34
-1.0123e-05,5.77e-05,-38433,395.61
-1.0485e-05,5.6732e-05,-39810,388.36
-1.0928e-05,5.5889e-05,-41499,381.89
-1.1297e-05,5.4888e-05,-42901,374.4
-1.1782e-05,5.4051e-05,-44748,367.93
-1.2105e-05,5.2967e-05,-45978,359.9
-1.2581e-05,5.2092e-05,-47788,353.17
-1.2888e-05,5.0911e-05,-48957,344.47
-1.3342e-05,4.987e-05,-50687,336.59
-1.3747e-05,4.8693e-05,-52228,327.81
-1.417e-05,4.7595e-05,-53840,319.57
-1.451e-05,4.6386e-05,-55135,310.64
-1.4973e-05,4.5326e-05,-56897,302.62
-1.5353e-05,4.4168e-05,-58340,294
-1.58e-05,4.3121e-05,-60041,286.09
-1.6089e-05,4.1902e-05,-61142,277.15
-1.648e-05,4.0778e-05,-62633,268.75
-1.6895e-05,3.9713e-05,-64213,260.76
-1.7266e-05,3.8537e-05,-65625,252.02
-1.7673e-05,3.7465e-05,-67174,243.98
-1.8053e-05,3.6325e-05,-68618,235.49
-1.8391e-05,3.5136e-05,-69907,226.7
-1.8738e-05,3.3934e-05,-71229,217.81
-1.9118e-05,3.2859e-05,-72677,209.78
-1.9424e-05,3.1601e-05,-73842,200.54
-1.9857e-05,3.0509e-05,-75488,192.33
-2.0219e-05,2.9176e-05,-76866,182.5
-2.1022e-05,2.7343e-05,-79923,168.62
-2.149e-05,2.5056e-05,-81706,151.93
-2.2239e-05,2.294e-05,-84559,136.12
-2.2688e-05,2.0369e-05,-86269,117.45
-2.3457e-05,1.8396e-05,-89195,102.62
-2.3944e-05,1.5793e-05,-91050,83.676
-2.5086e-05,1.4224e-05,-95398,71.267
-2.5471e-05,-1.7505e-06,-96881,-41.973
-2.5452e-05,-0.00014474,-96976,-1051.6
-2.5581e-05,-0.00051423,-97394,-3695.2
-2.2009e-05,-0.0011879,-71151,-9216.7
