-1.4231e-05,-0.00057704,-65641,-6717.5
-1.22e-05,-0.0004556,-56527,-5277.6
-1.3059e-05,-0.00027711,-58682,-3244.6
-1.7403e-05,-0.00012963,-73634,-1740.2
-1.7999e-05,-3.8597e-05,-74211,-778.85
-1.6386e-05,-3.3981e-06,-66914,-369.64
-1.709e-05,2.0458e-05,-69304,-128.87
-1.8127e-05,2.9196e-05,-73354,-56.507
-1.8332e-05,3.5546e-05,-74062,7.222
-1.8882e-05,3.6198e-05,-76294,3.0037
-1.8967e-05,3.5593e-05,-76651,-5.1839
-1.9478e-05,3.2876e-05,-78790,-44.638
-1.9491e-05,2.7994e-05,-78943,-97.109
-2.0965e-05,1.6492e-05,-85194,-250.1
-1.8875e-05,-2.821e-06,-77058,-414.1
-1.996e-05,-2.2301e-05,-81881,-644.48
-2.0054e-05,-2.7931e-05,-82379,-706.6
-2.0288e-05,-2.6962e-05,-83315,-701
-2.0198e-05,-2.834e-05,-82975,-713.9
-2.1954e-05,-2.2611e-05,-90024,-688.37
-1.9909e-05,-2.0592e-05,-81638,-625.16
-2.1082e-05,-2.6209e-05,-86538,-709.1
-2.0931e-05,-2.6014e-05,-85917,-703.93
-2.1485e-05,-2.1452e-05,-88088,-666.43
-2.1413e-05,-2.346e-05,-87833,-686.44
-2.1655e-05,-2.0519e-05,-88761,-659.91
-2.1546e-05,-2.0023e-05,-88307,-652.4
-2.1708e-05,-1.6501e-05,-88894,-618.02
-2.1383e-05,-2.1452e-05,-87668,-664.35
-2.1709e-05,-2.3637e-05,-89043,-694.35
-2.1623e-05,-2.7053e-05,-88764,-729.13
-2.161e-05,-2.3423e-05,-88635,-690.04
-2.1439e-05,-2.1971e-05,-87908,-671.04
-2.1722e-05,-2.7327e-05,-89172,-734.08
-2.2186e-05,-2.1029e-05,-90938,-676.17
-2.0939e-05,-8.4625e-06,-85594,-516.41
-2.0878e-05,-2.2674e-05,-85636,-667.15
-2.1094e-05,-2.6388e-05,-86592,-711.26
-2.0723e-05,-2.1595e-05,-84980,-652.46
-2.0613e-05,-1.694e-05,-84438,-600.46
-2.0259e-05,-2.1622e-05,-83087,-643.31
-2.0211e-05,-2.2491e-05,-82910,-651.62
-1.9902e-05,-1.9721e-05,-81591,-615.71
-1.9814e-05,-2.1329e-05,-81266,-631.12
-1.9594e-05,-2.3153e-05,-80406,-646.15
-1.9414e-05,-2.0095e-05,-79608,-609.78
-1.9246e-05,-1.8184e-05,-78884,-585.94
-1.8903e-05,-1.665e-05,-77453,-562.55
-1.8831e-05,-1.7093e-05,-77171,-565.84
-1.8673e-05,-1.955e-05,-76576,-588.89
-1.8306e-05,-1.941e-05,-75073,-579.92
-1.8024e-05,-1.5241e-05,-73840,-529.61
-1.758e-05,-1.1928e-05,-71963,-485.16
-1.7543e-05,-1.8002e-05,-71934,-549.35
-1.7058e-05,-1.1682e-05,-69825,-471.89
-1.7104e-05,-3.8585e-06,-69854,-389.17
-1.605e-05,1.3317e-05,-65205,-184.07
-1.5873e-05,3.5664e-06,-64680,-284.73
-1.5417e-05,8.2553e-06,-62727,-225.33
-1.5122e-05,5.5595e-06,-61578,-248.15
-1.4609e-05,1.3302e-05,-59325,-154.91
-1.4388e-05,8.5075e-06,-58523,-201.69
-1.3891e-05,1.5111e-05,-56362,-120.98
-1.3704e-05,9.1751e-06,-55718,-180.64
-1.3153e-05,1.364e-05,-53380,-121.69
-1.2984e-05,9.2983e-06,-52778,-164.67
-1.2541e-05,1.3734e-05,-50882,-108.24
-1.241e-05,1.6358e-05,-50294,-77.511
-1.2036e-05,2.4196e-05,-48607,13.914
-1.1677e-05,1.8565e-05,-47256,-38.992
-1.1325e-05,2.3964e-05,-45712,25.888
-1.1182e-05,1.9096e-05,-45226,-23.248
-1.0813e-05,2.1445e-05,-43673,9.3743
-1.0703e-05,2.0844e-05,-43239,5.1788
-1.0379e-05,2.8196e-05,-41767,90.388
-1.04e-05,4.1469e-05,-41582,231.89
-9.8229e-06,5.6013e-05,-38933,399.14
-9.981e-06,4.0156e-05,-39900,226.37
-9.7895e-06,3.3078e-05,-39263,154.57
-9.5681e-06,2.5349e-05,-38517,76.437
-9.4043e-06,2.6139e-05,-37832,88.21
-9.4109e-06,1.9022e-05,-38004,11.981
-9.3571e-06,1.7467e-05,-37816,-3.558
-9.3498e-06,1.3021e-05,-37877,-50.952
-9.391e-06,1.7378e-05,-37956,-5.1937
-9.3696e-06,1.84e-05,-37849,6.1689
-9.3747e-06,2.9022e-05,-37653,119.65
-9.5822e-06,4.2667e-05,-38222,261.33
-9.6359e-06,5.8368e-05,-38122,428.12
-9.9548e-06,4.5516e-05,-39684,284.22
-1.0045e-05,4.0967e-05,-40142,233.75
-1.0096e-05,3.1244e-05,-40551,128.73
-1.0318e-05,3.0683e-05,-41469,118.22
-1.0338e-05,2.2922e-05,-41707,34.822
-1.0636e-05,2.1768e-05,-42945,16.426
-1.0824e-05,1.6887e-05,-43812,-39.586
-1.1157e-05,1.8822e-05,-45131,-25.675
-1.137e-05,1.174e-05,-46146,-105.75
-1.167e-05,1.238e-05,-47355,-105
-1.1894e-05,9.0034e-06,-48337,-145.65
-1.2238e-05,1.6823e-05,-49581,-69.037
-1.2449e-05,1.3563e-05,-50512,-108.2
-1.2757e-05,1.7952e-05,-51678,-67.534
-1.3229e-05,2.2185e-05,-53517,-31.868
-1.3703e-05,2.5593e-05,-55382,-5.0633
-1.3939e-05,1.3102e-05,-56598,-143.43
-1.4315e-05,1.2136e-05,-58152,-161.41
-1.4586e-05,2.9764e-06,-59441,-264.86
-1.4999e-05,7.7219e-06,-61032,-222.52
-1.5324e-05,2.8678e-06,-62457,-281.04
-1.5766e-05,4.7114e-06,-64224,-270.32
-1.6058e-05,-1.2414e-06,-65532,-339.9
-1.6486e-05,9.8975e-07,-67236,-324.77
-1.6759e-05,-5.5506e-06,-68481,-400.25
-1.7226e-05,-4.7848e-06,-70370,-401.55
-1.745e-05,-9.9874e-06,-71393,-461.76
-1.7862e-05,-6.973e-06,-73011,-437.9
-1.8137e-05,-1.2126e-05,-74238,-498.59
-1.8488e-05,-1.8305e-05,-75796,-571.81
-1.868e-05,-2.3265e-05,-76678,-628.75
-1.9007e-05,-2.7894e-05,-78107,-684.91
-1.9104e-05,-2.0989e-05,-78364,-613.04
-1.9357e-05,-2.1269e-05,-79402,-621.18
-1.9484e-05,-2.8148e-05,-80057,-697.31
-1.9827e-05,-2.4418e-05,-81383,-664.42
-1.9876e-05,-2.3191e-05,-81558,-652.3
-2.0404e-05,-2.348e-05,-83716,-666.12
-1.9963e-05,-2.0548e-05,-81857,-625.79
-2.0459e-05,-1.1679e-05,-83703,-541.06
-2.063e-05,-1.413e-05,-84448,-570.73
-2.0972e-05,-1.329e-05,-85829,-568.73
-2.1006e-05,-1.5675e-05,-86014,-594.9
-2.0629e-05,-2.3798e-05,-84642,-674.11
-2.1156e-05,-2.0163e-05,-86715,-645.94
-2.123e-05,-1.5003e-05,-86916,-592.28
-2.1383e-05,-1.9347e-05,-87626,-641.84
-2.1467e-05,-1.4544e-05,-87871,-592.19
-2.1429e-05,-1.939e-05,-87815,-643.24
-2.1169e-05,-1.7957e-05,-86726,-622.63
-2.275e-05,-7.5477e-06,-92963,-543.47
-2.1825e-05,-2.3068e-05,-89504,-690.62
-2.1422e-05,-2.6024e-05,-87920,-714.04
-2.1602e-05,-1.9544e-05,-88525,-648.41
-2.1526e-05,-1.5326e-05,-88130,-601.76
-2.3e-05,-1.4981e-05,-94134,-628.04
-2.1205e-05,-2.3912e-05,-86994,-687.04
-2.0952e-05,-3.1424e-05,-86115,-762.23
-2.1012e-05,-2.8431e-05,-86299,-731.45
-2.0961e-05,-3.2903e-05,-86182,-778.23
-2.0734e-05,-3.4707e-05,-85293,-792.9
-2.0413e-05,-3.2419e-05,-83935,-761.89
-2.0372e-05,-2.7225e-05,-83662,-705.53
-2.0124e-05,-2.6443e-05,-82634,-692.11
-1.9723e-05,-1.5478e-05,-80775,-566.7
-1.9792e-05,3.9577e-06,-80660,-360.26
-1.9646e-05,2.0179e-05,-79738,-183.84
-1.9545e-05,3.2307e-05,-79079,-52.098
-1.9284e-05,3.7667e-05,-77905,10.531
-1.8393e-05,4.1386e-05,-74191,68.437
-2.0047e-05,4.6758e-05,-80833,92.223
-1.7333e-05,4.1637e-05,-69865,92.661
-1.9119e-05,2.7885e-05,-77430,-90.718
-1.6784e-05,4.7448e-06,-68373,-290.66
-1.6154e-05,-2.8388e-05,-66479,-632.16
-1.7977e-05,-7.0948e-05,-74782,-1124.4
-1.3667e-05,-0.00017721,-59359,-2173
-1.5558e-05,-0.0003204,-69732,-3760.4
-1.2321e-05,-0.00049807,-57143,-5778.7
-2.8907e-06,-0.00054795,-14215,-6408.2
-1.235e-06,-0.00013018,-7082.1,-1452.9
-2.1707e-07,4.8986e-05,-85.231,513.97
2.1421e-07,5.6187e-05,2235.3,617.14
1.3945e-06,6.0023e-05,7294.6,691.59
1.8616e-06,5.7834e-05,9240.6,682.13
2.7221e-06,5.6252e-05,12768,690.9
2.809e-06,5.5682e-05,13367,687.16
3.3094e-06,5.3918e-05,15394,683.84
3.6269e-06,5.3222e-05,16922,684.26
4.003e-06,5.2502e-05,18163,682.13
4.1492e-06,5.132e-05,18574,693.4
4.4806e-06,4.1236e-05,20500,573.07
4.5677e-06,5.0359e-05,21100,678.85
4.845e-06,4.9223e-05,21314,666.67
4.7897e-06,4.9907e-05,22083,680.84
5.0309e-06,4.8209e-05,22344,658.12
5.0075e-06,4.8655e-05,22937,679.35
5.2856e-06,4.7764e-05,24170,678.55
5.3086e-06,4.7573e-05,24265,677.84
5.4717e-06,4.6868e-05,24958,677.05
5.5394e-06,4.6348e-05,25205,676.31
5.5836e-06,4.6226e-05,25426,675.54
5.6759e-06,4.568e-05,25795,674.77
5.7314e-06,4.5258e-05,26002,674
5.7252e-06,4.5353e-05,26012,673.23
5.8254e-06,4.4844e-05,26430,672.48
5.7816e-06,4.518e-05,26295,671.7
5.852e-06,4.5357e-05,26703,670.95
5.7714e-06,4.6118e-05,26001,681.58
5.7395e-06,4.6875e-05,26446,669.33
5.8679e-06,4.6556e-05,27039,669.08
5.8741e-06,4.6443e-05,27065,667.9
5.9778e-06,4.6139e-05,27543,667.14
6.0453e-06,4.592e-05,27855,666.38
6.0724e-06,4.5795e-05,27979,665.63
6.0518e-06,4.5756e-05,27885,664.64
6.2738e-06,4.526e-05,28914,664.71
6.1978e-06,4.5308e-05,28557,663.24
6.2164e-06,4.5215e-05,28642,662.63
6.2374e-06,4.5106e-05,28738,661.91
6.2886e-06,4.4923e-05,28975,661.12
6.1832e-06,4.5097e-05,28482,660.36
6.2022e-06,4.4992e-05,28569,659.62
6.0813e-06,4.5204e-05,28005,658.89
6.0509e-06,4.5204e-05,27862,658.06
6.0346e-06,4.5176e-05,27784,657.3
6.1396e-06,4.4879e-05,28270,656.6
6.1257e-06,4.485e-05,28204,655.88
6.1449e-06,4.4734e-05,28292,655.03
6.0929e-06,4.479e-05,28048,654.29
6.1632e-06,4.4572e-05,28374,653.6
6.1452e-06,4.4549e-05,28288,652.83
6.2302e-06,4.4285e-05,28683,652.03
6.4173e-06,4.3804e-05,29554,651.27
6.2972e-06,4.4023e-05,28992,650.66
6.2664e-06,4.4026e-05,28846,649.87
6.3274e-06,4.3817e-05,29129,649.02
6.1386e-06,4.4179e-05,28247,648.28
6.0187e-06,4.4386e-05,27688,647.52
6.0132e-06,4.4335e-05,27661,646.78
6.1204e-06,4.4029e-05,28157,646.02
5.9857e-06,4.4271e-05,27530,645.27
5.8118e-06,4.4602e-05,26723,644.52
5.831e-06,4.4496e-05,26810,643.78
5.9597e-06,4.4135e-05,27405,643.01
5.8026e-06,4.4433e-05,26675,642.27
5.5887e-06,4.4859e-05,25686,641.52
5.5022e-06,4.4996e-05,25287,640.78
5.5161e-06,4.4278e-05,25292,630.11
5.4081e-06,4.7205e-05,24808,671.86
5.426e-06,4.4475e-05,24402,607.23
5.2022e-06,4.5441e-05,23906,637.78
5.2199e-06,4.4945e-05,23738,620.21
5.1432e-06,4.5075e-05,22734,602.46
5.0123e-06,4.5686e-05,23036,635.52
4.8182e-06,4.6085e-05,22152,634.78
4.9256e-06,4.5762e-05,22639,634.04
4.7655e-06,4.6081e-05,21910,633.29
4.5899e-06,4.6433e-05,21117,632.55
4.3711e-06,4.6886e-05,20129,631.75
4.1328e-06,4.7214e-05,19029,630.39
3.858e-06,4.7693e-05,17782,629.06
3.3141e-06,4.894e-05,15306,622.61
2.7668e-06,5.0286e-05,10066,540.41
2.5827e-06,5.0806e-05,12221,625.67
1.7751e-06,5.2838e-05,6368,466.69
1.421e-06,5.3653e-05,7212.2,617.97
3.1575e-07,5.5308e-05,2634.7,609.73
-4.3689e-07,4.775e-05,-720.07,507.94
-9.646e-07,2.0283e-05,-3677.7,187.16
-2.8644e-06,-0.00019093,-14571,-2159.6
