-2.9589e-05,-0.0037124,-2.4991e+05,-36571
-3.8241e-05,-0.0021376,-1.8486e+05,-24350
-3.7487e-05,-0.0011031,-1.6879e+05,-12984
-4.0677e-05,-0.00034529,-1.7298e+05,-4520.2
-4.103e-05,8.1217e-05,-1.6574e+05,33.956
-3.7488e-05,0.00033146,-1.462e+05,2782.1
-3.7112e-05,0.0004101,-1.4307e+05,3630.7
-3.6269e-05,0.00042083,-1.3941e+05,3762.6
-3.5569e-05,0.00038402,-1.373e+05,3383.1
-3.4663e-05,0.0003359,-1.3458e+05,2886.9
-3.376e-05,0.00028705,-1.3189e+05,2383
-3.2951e-05,0.00023608,-1.2963e+05,1854.4
-3.1452e-05,0.00018298,-1.2459e+05,1317
-3.2018e-05,0.0001292,-1.2799e+05,730.37
-2.9007e-05,6.8733e-05,-1.1694e+05,144.98
-2.8355e-05,1.743e-05,-1.1532e+05,-390.37
-2.7661e-05,-7.0351e-06,-1.1299e+05,-637.9
-2.6422e-05,-1.6723e-05,-1.0813e+05,-716.3
-2.5466e-05,-2.4209e-05,-1.0438e+05,-776.89
-2.6252e-05,-2.1245e-05,-1.0753e+05,-761.19
-2.3427e-05,-1.304e-05,-95839,-615.99
-2.3116e-05,-1.767e-05,-94662,-659.16
-2.2478e-05,-1.5893e-05,-92023,-627.18
-2.2088e-05,-9.5665e-06,-90305,-551.6
-2.1469e-05,-1.0634e-05,-87802,-550.42
-2.0828e-05,-8.0381e-06,-85131,-509.62
-2.0145e-05,-6.5616e-06,-82317,-479.95
-1.994e-05,-4.0058e-06,-81427,-448.44
-1.8841e-05,-6.2551e-06,-76992,-450.15
-1.8071e-05,-1.3373e-05,-73995,-510.59
-1.7467e-05,-1.4609e-05,-71555,-511.52
-1.6782e-05,-1.6279e-05,-68797,-515.45
-1.5885e-05,-1.2584e-05,-65060,-457.69
-1.553e-05,-1.4568e-05,-63654,-471.69
-1.5398e-05,-5.3056e-06,-62927,-369.96
-1.3488e-05,1.0882e-05,-54805,-158
-1.2938e-05,1.8789e-05,-52400,-62.274
-1.2927e-05,3.5038e-05,-52026,111.68
-1.1895e-05,5.5768e-05,-47393,354.35
-1.15e-05,7.8631e-05,-45319,606.83
-1.0901e-05,9.7473e-05,-42490,820.5
-1.0918e-05,0.0001188,-42126,1048.2
-1.0116e-05,0.0001401,-38424,1292.1
-1.0162e-05,0.00015987,-38360,1492
-9.312e-06,0.00017725,-34817,1677.8
-9.6467e-06,0.00019489,-35880,1856.8
-8.854e-06,0.000209,-32458,2020.2
-9.0781e-06,0.0002237,-33068,2174.3
-8.3747e-06,0.00023398,-29987,2301.2
-8.7757e-06,0.0002466,-31334,2430.2
-7.9635e-06,0.00025592,-27746,2554.1
-8.0706e-06,0.00026792,-27856,2686.2
-7.5238e-06,0.00027571,-25323,2790.7
-7.7266e-06,0.00027866,-26107,2817
-7.3156e-06,0.00028242,-24235,2873.8
-7.6306e-06,0.00028494,-25454,2894.6
-6.7474e-06,0.00028642,-21559,2944.8
-6.9055e-06,0.00027613,-22569,2821.7
-6.6962e-06,0.00026793,-21886,2737.7
-6.7868e-06,0.00025444,-22642,2583.7
-6.5654e-06,0.00024219,-22001,2455.6
-6.7812e-06,0.00022361,-23400,2242.3
-6.6271e-06,0.0002071,-23134,2066.1
-6.9339e-06,0.00018464,-24917,1812.8
-6.7967e-06,0.00016451,-24746,1600
-7.2122e-06,0.00014044,-26848,1337
-7.2258e-06,0.00011914,-27194,1117.4
-7.718e-06,9.8024e-05,-29492,891.15
-7.8232e-06,7.9904e-05,-30290,695.26
-8.2439e-06,5.7552e-05,-32460,447.71
-8.4726e-06,4.2076e-05,-33708,277.57
-9.2336e-06,2.5908e-05,-37141,89.219
-9.4399e-06,1.5809e-05,-38188,-22.968
-1.039e-05,1.0051e-05,-42180,-103.85
-1.0684e-05,1.1327e-05,-43353,-96.189
-1.1878e-05,2.4258e-05,-47964,17.777
-1.1993e-05,3.8157e-05,-48148,164.08
-1.3389e-05,2.3994e-05,-54132,-15.765
-1.379e-05,2.091e-05,-55829,-56.892
-1.4921e-05,1.4198e-05,-60583,-151.7
-1.5367e-05,1.694e-05,-62344,-131.43
-1.6682e-05,8.9919e-06,-67872,-243.18
-1.7239e-05,5.1511e-06,-70221,-295.57
-1.8535e-05,-4.4787e-06,-75704,-424.91
-1.9172e-05,-3.0256e-06,-78276,-422.34
-2.0436e-05,-1.1671e-05,-83607,-540.5
-2.1001e-05,-9.3078e-06,-85864,-526.72
-2.2448e-05,-6.7504e-06,-91717,-528.81
-2.3057e-05,-1.4322e-06,-94093,-484.33
-2.4625e-05,-2.2323e-05,-1.0091e+05,-739.62
-2.5221e-05,-3.1648e-05,-1.0354e+05,-851.46
-2.6505e-05,-5.0266e-05,-1.0915e+05,-1076.7
-2.7235e-05,-5.8705e-05,-1.123e+05,-1181.8
-2.84e-05,-7.1132e-05,-1.1731e+05,-1338.4
-2.9212e-05,-8.1627e-05,-1.2084e+05,-1467.1
-3.044e-05,-9.2914e-05,-1.2608e+05,-1612.8
-3.1268e-05,-0.00010006,-1.296e+05,-1706.1
-3.2464e-05,-0.00011427,-1.3477e+05,-1882.4
-3.3251e-05,-0.00012293,-1.3816e+05,-1991
-3.4407e-05,-0.00012908,-1.43e+05,-2080.3
-3.5201e-05,-0.00012234,-1.461e+05,-2024.4
-3.6241e-05,-0.00012756,-1.5045e+05,-2101.4
-3.697e-05,-0.00013506,-1.5358e+05,-2196.4
-3.8166e-05,-0.00013055,-1.5836e+05,-2172.6
-3.9031e-05,-0.00013393,-1.6196e+05,-2226.3
-3.9929e-05,-0.00014461,-1.6584e+05,-2358.7
-4.0634e-05,-0.00014591,-1.6874e+05,-2387
-4.1485e-05,-0.00015334,-1.7237e+05,-2483.8
-4.2202e-05,-0.00014668,-1.7516e+05,-2427.2
-4.2991e-05,-0.00014792,-1.784e+05,-2456.4
-4.3698e-05,-0.00014548,-1.8124e+05,-2444.8
-4.4372e-05,-0.00014151,-1.8391e+05,-2416
-4.5007e-05,-0.00013177,-1.863e+05,-2324.8
-4.5585e-05,-0.0001278,-1.8858e+05,-2294.1
-4.6191e-05,-0.00012574,-1.9101e+05,-2284.3
-4.6641e-05,-0.00011735,-1.9268e+05,-2203.8
-4.7136e-05,-0.00010967,-1.9454e+05,-2131.7
-4.7516e-05,-0.00010842,-1.9606e+05,-2126.1
-4.7894e-05,-0.0001225,-1.9789e+05,-2284.4
-4.8115e-05,-0.00011025,-1.9854e+05,-2157.9
-4.8423e-05,-0.00012091,-2.0002e+05,-2278.2
-4.846e-05,-0.00010185,-1.9978e+05,-2075
-4.865e-05,-0.00010778,-2.0068e+05,-2142.4
-4.862e-05,-0.00011603,-2.0072e+05,-2230
-4.8895e-05,-0.00011228,-2.0177e+05,-2195.5
-4.8722e-05,-0.00010192,-2.0085e+05,-2081.1
-4.9135e-05,-0.00011176,-2.0274e+05,-2194.8
-4.8385e-05,-9.8234e-05,-1.994e+05,-2034.8
-4.8733e-05,-9.2157e-05,-2.007e+05,-1977
-4.8505e-05,-9.4071e-05,-1.998e+05,-1992.8
-4.8657e-05,-9.7999e-05,-2.0051e+05,-2037.9
-4.8255e-05,-9.6484e-05,-1.9884e+05,-2013.5
-4.7645e-05,-0.00010875,-1.966e+05,-2132.2
-4.7713e-05,-0.00010129,-1.9672e+05,-2053.9
-4.7578e-05,-8.8812e-05,-1.9592e+05,-1917.7
-4.7278e-05,-9.645e-05,-1.9485e+05,-1993.2
-4.7145e-05,-8.3817e-05,-1.9405e+05,-1855.4
-4.6612e-05,-9.1212e-05,-1.9202e+05,-1923.7
-4.6065e-05,-8.8361e-05,-1.8973e+05,-1882
-4.7054e-05,-7.0734e-05,-1.9341e+05,-1713.7
-4.5778e-05,-9.2986e-05,-1.8866e+05,-1925.7
-4.4647e-05,-9.1247e-05,-1.8401e+05,-1884.1
-4.4462e-05,-8.2513e-05,-1.8308e+05,-1786.9
-4.3575e-05,-7.4785e-05,-1.793e+05,-1686.2
-4.4647e-05,-8.2034e-05,-1.8382e+05,-1785.5
-4.1996e-05,-8.4847e-05,-1.7306e+05,-1761.7
-4.1275e-05,-0.0001057,-1.7054e+05,-1970
-4.0442e-05,-0.00010174,-1.6706e+05,-1910.8
-3.9921e-05,-0.00011875,-1.6528e+05,-2082
-3.8723e-05,-0.00013411,-1.6071e+05,-2221.9
-3.7899e-05,-0.00015139,-1.577e+05,-2389.9
-3.6887e-05,-0.00016144,-1.5378e+05,-2476.9
-3.6094e-05,-0.00018597,-1.5104e+05,-2723.1
-3.4996e-05,-0.00019108,-1.4666e+05,-2755.3
-3.4444e-05,-0.00017753,-1.4413e+05,-2599.2
-3.3493e-05,-0.00015359,-1.3976e+05,-2323.8
-3.2912e-05,-0.00013084,-1.3693e+05,-2068.7
-3.1688e-05,-0.00011156,-1.3155e+05,-1837.6
-2.9873e-05,-9.3709e-05,-1.2378e+05,-1609.8
-3.1061e-05,-7.1618e-05,-1.2818e+05,-1397.7
-2.775e-05,-5.8864e-05,-1.1441e+05,-1194
-2.8543e-05,-4.4867e-05,-1.1736e+05,-1060.4
-2.5793e-05,-3.8626e-05,-1.0601e+05,-937.73
-2.4439e-05,-3.4787e-05,-1.0041e+05,-869.12
-2.4856e-05,-3.2735e-05,-1.0207e+05,-855.66
-1.9896e-05,-6.227e-05,-82432,-1070.6
-1.9632e-05,-0.00010494,-82228,-1521.6
-1.6259e-05,-0.00016793,-69747,-2126.7
-1.8301e-06,-0.00017494,-8568.6,-2048.2
2.4165e-06,0.00015148,14205,1734.8
3.7754e-06,0.00021679,23646,2586.7
4.2832e-06,0.00021504,25915,2587.4
5.3652e-06,0.00021106,30793,2585.8
5.8139e-06,0.0002062,32697,2547
6.5398e-06,0.00020042,35889,2508.8
6.5113e-06,0.00019709,35620,2467.9
6.8228e-06,0.00019266,36918,2428.1
6.8693e-06,0.00018905,36994,2386.9
6.99e-06,0.0001852,37415,2346.1
6.7193e-06,0.00018258,36030,2303.5
6.7537e-06,0.00017922,36065,2264.9
6.6642e-06,0.0001776,35580,2241.8
6.7105e-06,0.00017537,35717,2217.2
6.4025e-06,0.00017439,34226,2192.9
6.3742e-06,0.00017239,34023,2168
6.1013e-06,0.0001711,32691,2141.6
6.0918e-06,0.00016905,32577,2117
5.8731e-06,0.00016767,31501,2091.9
5.7215e-06,0.00016599,30736,2066
5.5237e-06,0.00016447,29761,2040.3
5.2406e-06,0.00016324,28404,2014.7
5.045e-06,0.00016164,27445,1988.4
4.7303e-06,0.00016037,25948,1961.3
4.4427e-06,0.00015918,24584,1936.4
4.1934e-06,0.0001577,23393,1909.7
3.8447e-06,0.00015667,21764,1884.7
3.5564e-06,0.00015545,20416,1860
3.1555e-06,0.00015468,18574,1836.4
2.7762e-06,0.00015382,16840,1813
2.5688e-06,0.00015221,15864,1787.4
2.1846e-06,0.00015094,14105,1759.5
1.9127e-06,0.00014939,12856,1732.8
1.62e-06,0.00014786,11513,1705.8
1.2363e-06,0.00014649,9782.7,1677.8
8.2751e-07,0.0001451,7939.5,1648.5
6.9944e-07,0.00014312,7329.9,1622.7
1.6746e-07,0.00014185,4961.2,1591.1
-1.6865e-07,0.00014031,3449.8,1563.2
-5.6086e-07,0.00013891,1705.5,1535.2
-8.9317e-07,0.00013714,214.51,1505
-1.4471e-06,0.00013635,-2206.1,1478.7
-1.8314e-06,0.00013506,-3898.2,1452.5
-2.4406e-06,0.00013457,-6526.7,1428.5
-2.8296e-06,0.00013318,-8229.2,1401.3
-3.3748e-06,0.00013202,-10579,1372.6
-3.5868e-06,0.00013021,-11528,1346.3
-4.1231e-06,0.00012902,-13828,1318
-4.4714e-06,0.00012744,-15338,1290.9
-5.0754e-06,0.00012635,-17901,1262.5
-5.2915e-06,0.00012452,-18852,1236.7
-5.8323e-06,0.00012327,-21141,1208.9
-6.111e-06,0.00012148,-22345,1182.2
-6.4225e-06,0.00011968,-23682,1154.7
-6.9726e-06,0.00011849,-25988,1128.3
-7.5106e-06,0.00011715,-28236,1101.3
-7.9006e-06,0.00011544,-29876,1074.1
-8.6029e-06,0.00011441,-32768,1048.4
-9.1729e-06,0.00011301,-35122,1021.8
-9.6616e-06,0.00011144,-37147,995.07
-9.9858e-06,0.00010951,-38509,967.82
-1.0613e-05,0.00010825,-41094,941.59
-1.1272e-05,0.00010706,-43808,915.48
-1.1704e-05,0.00010543,-45603,889.31
-1.2025e-05,0.00010357,-46951,862.93
-1.267e-05,0.00010234,-49606,836.57
-1.3354e-05,0.00010121,-52417,810.65
-1.3905e-05,9.9822e-05,-54696,784.57
-1.4304e-05,9.8169e-05,-56355,758.8
-1.4794e-05,9.6669e-05,-58388,732.77
-1.53e-05,9.5156e-05,-60479,706.32
-1.5923e-05,9.3972e-05,-63048,680.98
-1.6398e-05,9.2395e-05,-65017,654.45
-1.6873e-05,9.0878e-05,-66984,628.59
-1.7439e-05,8.9549e-05,-69322,602.85
-1.803e-05,8.8303e-05,-71757,577.52
-1.8335e-05,8.6442e-05,-73039,551.41
-1.8841e-05,8.5044e-05,-75135,526.16
-1.9516e-05,8.3883e-05,-77910,500.02
-2.0134e-05,8.2502e-05,-80459,472.69
-2.129e-05,8.0234e-05,-85221,424.93
-2.2079e-05,7.758e-05,-88495,380.5
-2.3466e-05,7.5941e-05,-94185,334.77
-2.4524e-05,7.3979e-05,-98545,292.25
-2.5558e-05,7.1592e-05,-1.0281e+05,245.72
-2.6894e-05,7.0194e-05,-1.0829e+05,203.59
-2.8503e-05,6.8649e-05,-1.1488e+05,154.35
-3.0088e-05,5.2594e-05,-1.2168e+05,-49.593
-3.087e-05,-0.00011297,-1.2824e+05,-1836.1
-3.1601e-05,-0.00057694,-1.4039e+05,-6832.6
-2.5618e-05,-0.0016043,-1.1934e+05,-18644
