-1.2102e-05,-0.00047716,-56151,-5530.9
-9.7679e-06,-0.00037605,-45613,-4337.9
-1.1019e-05,-0.00022688,-49430,-2659.7
-1.4865e-05,-0.00010299,-62738,-1403.7
-1.5419e-05,-2.8001e-05,-63470,-613.05
-1.3864e-05,-1.4839e-06,-56588,-297.88
-1.4469e-05,1.7649e-05,-58666,-105.58
-1.5332e-05,2.3667e-05,-62066,-58.788
-1.5542e-05,2.7876e-05,-62837,-18.058
-1.6014e-05,2.8117e-05,-64757,-25.073
-1.6101e-05,2.7426e-05,-65126,-34.24
-1.6559e-05,2.5852e-05,-67027,-60.384
-1.6637e-05,2.2433e-05,-67416,-98.541
-1.7679e-05,1.2121e-05,-71875,-229.99
-1.6115e-05,-3.9291e-06,-65821,-369.81
-1.6643e-05,-2.0697e-05,-68317,-559.87
-1.6925e-05,-2.5542e-05,-69566,-617.4
-1.723e-05,-2.354e-05,-70769,-602.2
-1.7174e-05,-2.3835e-05,-70545,-604.2
-1.8462e-05,-1.8907e-05,-75700,-577.71
-1.691e-05,-1.6659e-05,-69323,-522.1
-1.7521e-05,-2.1303e-05,-71910,-584.2
-1.7759e-05,-2.141e-05,-72882,-590.17
-1.8124e-05,-1.6595e-05,-74274,-546.11
-1.8026e-05,-1.828e-05,-73910,-562.14
-1.8198e-05,-1.6176e-05,-74568,-543.15
-1.8141e-05,-1.5868e-05,-74328,-538.68
-1.8247e-05,-1.2756e-05,-74697,-507.56
-1.8091e-05,-1.7027e-05,-74150,-550.07
-1.8231e-05,-1.8835e-05,-74758,-572.25
-1.82e-05,-2.2993e-05,-74714,-616.08
-1.8361e-05,-2.0137e-05,-75314,-588.81
-1.8161e-05,-1.7256e-05,-74441,-553.95
-1.831e-05,-2.2055e-05,-75146,-608.3
-1.8817e-05,-1.7892e-05,-77130,-574.1
-1.7715e-05,-7.237e-06,-72414,-437.72
-1.7631e-05,-1.9028e-05,-72313,-562.11
-1.7793e-05,-2.2967e-05,-73053,-607.52
-1.7487e-05,-1.9305e-05,-71730,-562.13
-1.7389e-05,-1.5113e-05,-71247,-515.33
-1.6981e-05,-1.8794e-05,-69655,-546.37
-1.7112e-05,-2.022e-05,-70222,-564.31
-1.6781e-05,-1.4225e-05,-68749,-493.46
-1.6589e-05,-1.423e-05,-67965,-489.61
-1.646e-05,-1.6541e-05,-67484,-511.69
-1.6269e-05,-1.3711e-05,-66647,-477.54
-1.6147e-05,-1.2023e-05,-66117,-457.01
-1.5869e-05,-1.009e-05,-64942,-430.69
-1.5771e-05,-1.0104e-05,-64544,-428.85
-1.5635e-05,-1.2727e-05,-64041,-454.12
-1.5305e-05,-1.3661e-05,-62715,-457.4
-1.5067e-05,-1.1742e-05,-61705,-432.04
-1.4723e-05,-1.1029e-05,-60287,-417.42
-1.475e-05,-1.6139e-05,-60501,-472.61
-1.4296e-05,-9.0161e-06,-58503,-387.2
-1.4407e-05,-1.9135e-06,-58812,-313.51
-1.346e-05,1.2711e-05,-54651,-137.87
-1.3334e-05,4.1905e-06,-54310,-226.41
-1.2952e-05,7.677e-06,-52681,-181.36
-1.2712e-05,4.4796e-06,-51766,-210.66
-1.231e-05,1.0316e-05,-50007,-140.08
-1.2139e-05,6.155e-06,-49393,-181.09
-1.1707e-05,1.2361e-05,-47505,-105.95
-1.1555e-05,6.4639e-06,-47008,-165.93
-1.1065e-05,9.2352e-06,-44952,-126.32
-1.096e-05,4.4211e-06,-44623,-175.67
-1.0592e-05,7.1365e-06,-43064,-139.13
-1.0534e-05,9.8739e-06,-42771,-108.68
-1.02e-05,1.6867e-05,-41266,-27.109
-9.9066e-06,1.2195e-05,-40165,-71.108
-9.5904e-06,1.7035e-05,-38777,-12.924
-9.5108e-06,1.4836e-05,-38497,-34.812
-9.1482e-06,1.8382e-05,-36946,10.475
-9.0964e-06,1.7851e-05,-36745,5.8579
-8.7898e-06,2.3943e-05,-35370,77.231
-8.8475e-06,3.5327e-05,-35374,197.78
-8.3103e-06,4.7595e-05,-32933,339.89
-8.4992e-06,3.4044e-05,-33979,191.15
-8.2956e-06,2.7631e-05,-33279,126.72
-8.1078e-06,1.9693e-05,-32674,45.66
-7.943e-06,1.9167e-05,-32013,43.388
-7.9698e-06,1.3849e-05,-32230,-14.024
-7.9263e-06,1.3096e-05,-32068,-21.19
-7.927e-06,9.0555e-06,-32153,-64.411
-7.9475e-06,1.2516e-05,-32166,-27.826
-7.8998e-06,1.3647e-05,-31949,-14.756
-7.9295e-06,2.2928e-05,-31882,83.881
-8.1062e-06,3.409e-05,-32375,199.63
-8.1438e-06,4.6948e-05,-32267,336.36
-8.4115e-06,3.5409e-05,-33594,207.53
-8.4783e-06,3.1065e-05,-33955,159.73
-8.5115e-06,2.3758e-05,-34239,80.917
-8.7027e-06,2.4371e-05,-35006,83.581
-8.6799e-06,1.9966e-05,-35003,36.937
-8.977e-06,2.1074e-05,-36192,42.743
-9.128e-06,1.7259e-05,-36886,-1.1202
-9.4254e-06,1.9267e-05,-38058,14.3
-9.5923e-06,1.3912e-05,-38848,-46.352
-9.8682e-06,1.5002e-05,-39952,-40.309
-1.0049e-05,1.1622e-05,-40756,-80.127
-1.0359e-05,1.7668e-05,-41901,-21.793
-1.0527e-05,1.3744e-05,-42663,-67.156
-1.0806e-05,1.611e-05,-43753,-47.528
-1.1192e-05,1.681e-05,-45316,-47.905
-1.1579e-05,1.9493e-05,-46839,-27.085
-1.1784e-05,1.1158e-05,-47846,-120.38
-1.2156e-05,1.2373e-05,-49337,-114.96
-1.2376e-05,4.4207e-06,-50396,-204.46
-1.2746e-05,8.0902e-06,-51831,-172.75
-1.2978e-05,2.0627e-06,-52901,-241.93
-1.3396e-05,4.4317e-06,-54559,-225.1
-1.3623e-05,-1.252e-06,-55598,-290.48
-1.4028e-05,2.0964e-06,-57184,-262.92
-1.4244e-05,-4.2181e-06,-58194,-334.84
-1.4654e-05,-3.2668e-06,-59848,-333.01
-1.4821e-05,-8.0643e-06,-60628,-387.71
-1.5224e-05,-5.0683e-06,-62209,-363.87
-1.54e-05,-1.1442e-05,-63055,-435.6
-1.5702e-05,-1.6219e-05,-64385,-492.83
-1.5868e-05,-2.0069e-05,-65140,-537.37
-1.6133e-05,-2.3862e-05,-66300,-583.33
-1.6202e-05,-1.8098e-05,-66465,-523.1
-1.6462e-05,-1.7478e-05,-67510,-521.75
-1.6571e-05,-2.3867e-05,-68088,-592.29
-1.6854e-05,-2.0718e-05,-69179,-564.38
-1.689e-05,-1.9676e-05,-69302,-553.96
-1.7328e-05,-1.9665e-05,-71091,-562.76
-1.6973e-05,-1.6534e-05,-69577,-522.05
-1.7417e-05,-8.6129e-06,-71229,-446.38
-1.7579e-05,-1.1025e-05,-71939,-475.47
-1.7886e-05,-1.0473e-05,-73179,-475.81
-1.7951e-05,-1.231e-05,-73481,-496.77
-1.7642e-05,-1.941e-05,-72366,-566.42
-1.807e-05,-1.6854e-05,-74062,-547.8
-1.8232e-05,-1.1946e-05,-74619,-498.59
-1.8272e-05,-1.6731e-05,-74883,-550.6
-1.8314e-05,-1.2167e-05,-74962,-502.64
-1.8398e-05,-1.5473e-05,-75370,-539.69
-1.8066e-05,-1.4803e-05,-74001,-525.77
-1.9588e-05,-5.3616e-06,-80021,-455.78
-1.8657e-05,-1.9519e-05,-76511,-588.24
-1.8438e-05,-2.1847e-05,-75664,-608.67
-1.8616e-05,-1.6749e-05,-76284,-557.77
-1.8407e-05,-1.3934e-05,-75376,-523.43
-1.9806e-05,-1.2359e-05,-81050,-535.03
-1.8176e-05,-2.049e-05,-74568,-588.83
-1.7972e-05,-2.6424e-05,-73855,-648.13
-1.8136e-05,-2.3856e-05,-74471,-624
-1.8003e-05,-2.8425e-05,-74024,-670.17
-1.7809e-05,-2.9778e-05,-73259,-680.69
-1.7651e-05,-2.6958e-05,-72556,-647.31
-1.7432e-05,-2.2872e-05,-71579,-599.16
-1.7202e-05,-2.2176e-05,-70625,-587.03
-1.7049e-05,-1.2363e-05,-69805,-479.01
-1.6985e-05,4.1515e-06,-69205,-301.09
-1.6759e-05,1.7083e-05,-68020,-158.22
-1.6707e-05,2.6775e-05,-67611,-53.513
-1.6415e-05,2.9643e-05,-66363,-16.915
-1.5302e-05,3.0872e-05,-61796,18.866
-1.6988e-05,3.699e-05,-68551,49.999
-1.4887e-05,3.3923e-05,-60043,59.921
-1.6119e-05,2.1577e-05,-65319,-97.15
-1.396e-05,1.8597e-06,-56910,-264.06
-1.3758e-05,-2.2423e-05,-56581,-519.62
-1.5502e-05,-5.6357e-05,-64387,-917.97
-1.1509e-05,-0.00014654,-49932,-1801.1
-1.3313e-05,-0.00026674,-59580,-3134.1
-1.0359e-05,-0.00042059,-48353,-4861.2
-2.3883e-06,-0.00046468,-12387,-5401.7
-1.1718e-06,-0.00010517,-6512,-1172.5
-3.2494e-07,4.6223e-05,-269.08,494.23
-2.1692e-10,4.9311e-05,1168.3,536.58
1.0376e-06,5.0184e-05,5559.8,574
1.333e-06,4.9359e-05,6775.2,572.27
2.0523e-06,4.7323e-05,9809.1,570.57
2.1344e-06,4.697e-05,10160,568.87
2.5871e-06,4.566e-05,12104,567.18
2.736e-06,4.5105e-05,12737,565.48
3.0441e-06,4.4172e-05,14072,563.79
3.1891e-06,4.3663e-05,14702,562.12
3.4717e-06,4.2784e-05,15942,560.49
3.5169e-06,4.2577e-05,16122,559.56
3.6716e-06,4.2099e-05,16804,558.6
3.6669e-06,4.1955e-05,16769,557.65
3.8629e-06,4.1241e-05,17595,556.71
3.8191e-06,4.0831e-05,17302,555.76
4.0614e-06,4.0018e-05,18362,554.81
4.0613e-06,3.9859e-05,18337,553.86
4.1943e-06,3.9219e-05,18889,552.92
4.2541e-06,3.8696e-05,19083,551.98
4.2793e-06,3.8612e-05,19216,551.04
4.3815e-06,3.8026e-05,19619,550.09
4.4152e-06,3.7644e-05,19725,549.14
4.4465e-06,3.7628e-05,19899,548.2
4.5033e-06,3.7216e-05,20114,547.26
4.4954e-06,3.7508e-05,20153,546.31
4.5684e-06,3.7711e-05,20572,545.37
4.4835e-06,3.8463e-05,20310,544.43
4.3895e-06,3.929e-05,19995,544.63
4.5045e-06,3.8891e-05,20467,546.33
4.4465e-06,3.8946e-05,20153,548.9
4.5765e-06,3.8569e-05,20839,540.67
4.6582e-06,3.8303e-05,21086,548.19
4.7021e-06,3.8124e-05,21316,545.15
4.7107e-06,3.8021e-05,21364,543.39
4.8543e-06,3.762e-05,22028,541.5
4.8687e-06,3.7504e-05,22125,538.2
4.8841e-06,3.7386e-05,22078,545.26
4.886e-06,3.7297e-05,21991,551.03
4.8984e-06,3.7198e-05,22286,533.15
4.8029e-06,3.7321e-05,21682,543.87
4.8376e-06,3.7149e-05,22004,531.29
4.7847e-06,3.7213e-05,21694,535.11
4.7911e-06,3.7126e-05,21760,531.65
4.7768e-06,3.7458e-05,21735,532.82
4.8803e-06,3.6754e-05,22166,529.27
4.8808e-06,3.6673e-05,22189,526.61
4.9588e-06,3.642e-05,22542,525.66
4.9112e-06,3.6447e-05,22324,524.73
4.9092e-06,3.6367e-05,22311,523.8
4.8835e-06,3.6347e-05,22193,522.87
4.963e-06,3.6086e-05,22551,521.93
5.1242e-06,3.5656e-05,23288,521
5.0216e-06,3.5804e-05,22818,520.07
4.9569e-06,3.5868e-05,22521,519.13
5.0684e-06,3.5536e-05,23025,518.2
4.8761e-06,3.5881e-05,22146,517.27
4.7704e-06,3.6042e-05,21665,516.34
4.769e-06,3.5961e-05,21655,515.41
4.8437e-06,3.5717e-05,21993,514.47
4.7168e-06,3.592e-05,21415,513.54
4.5592e-06,3.6193e-05,20699,512.61
4.5781e-06,3.6071e-05,20783,511.69
4.7106e-06,3.5698e-05,21382,510.76
4.5769e-06,3.591e-05,20772,509.82
4.3858e-06,3.6266e-05,19902,509.44
4.3229e-06,3.6332e-05,19592,510.33
4.3328e-06,3.6259e-05,19670,507.28
4.2602e-06,3.6506e-05,19346,508.11
4.2476e-06,3.6283e-05,19251,507.68
4.0383e-06,3.6681e-05,18283,508.3
4.0461e-06,3.6583e-05,18308,507.85
3.9844e-06,3.6639e-05,18052,505.52
3.8762e-06,3.6822e-05,17578,504.17
3.7192e-06,3.705e-05,16905,500.63
3.8305e-06,3.674e-05,17407,499.62
3.7162e-06,3.6919e-05,16893,498.69
3.5512e-06,3.7228e-05,16164,497.77
3.4101e-06,3.7461e-05,15534,496.78
3.164e-06,3.7772e-05,14426,495.1
2.9486e-06,3.8052e-05,13462,493.44
2.4738e-06,3.9086e-05,11404,491.78
2.0256e-06,4.0154e-05,9505.8,490.12
1.9465e-06,4.0229e-05,9166.1,488.47
1.2631e-06,4.1838e-05,6283.5,486.81
1.0368e-06,4.2251e-05,5328.3,485.15
1.1828e-07,4.3907e-05,1505.1,478.96
-5.3131e-07,4.0505e-05,-1286.3,426.14
-8.3646e-07,2.1597e-05,-2963.8,214.52
-2.2856e-06,-0.00015224,-11765,-1713.7
