0.00067952,-0.02293,-4.3105e+05,-37170
-7.0603e-05,-0.0041904,-3.1438e+05,-26776
-7.6266e-05,-0.0015213,-2.8826e+05,-11078
-7.155e-05,3.9497e-05,-2.7213e+05,195.75
-7.0174e-05,0.00078627,-2.6603e+05,5471.5
-6.6336e-05,0.0012001,-2.5038e+05,8443
-6.4019e-05,0.001255,-2.4028e+05,8914.7
-5.8884e-05,0.0012166,-2.2011e+05,8692
-5.6836e-05,0.0010905,-2.1354e+05,7731.6
-5.2822e-05,0.00096285,-1.9901e+05,6794.2
-5.0081e-05,0.0008371,-1.8937e+05,5866.1
-4.5614e-05,0.00071079,-1.7285e+05,4955.2
-4.338e-05,0.00058579,-1.6433e+05,4086.2
-3.835e-05,0.00046329,-1.4533e+05,3226.9
-3.6443e-05,0.00034486,-1.3821e+05,2392.8
-3.1819e-05,0.00023169,-1.2076e+05,1599
-3.0122e-05,0.00017316,-1.1437e+05,1187.7
-2.6291e-05,0.00013323,-99842,910.13
-2.411e-05,0.00010686,-91579,726.52
-1.9542e-05,8.7218e-05,-74226,593.09
-1.89e-05,8.403e-05,-71787,571.33
-1.4222e-05,7.3866e-05,-54006,504.99
-1.3326e-05,6.4558e-05,-50609,440.3
-9.6531e-06,7.7434e-05,-36624,535.48
-9.1715e-06,8.076e-05,-34788,559.52
-6.2754e-06,0.00010534,-24002,718.51
-6.0775e-06,0.00014595,-24403,931.27
-1.7734e-06,0.00020407,-12811,1123.8
-1.1885e-06,0.00023485,-11601,1304.9
9.7558e-07,0.00027782,-4711.1,1592.5
-3.8063e-07,0.00029046,1555.9,2233.7
1.0582e-06,0.00034489,9742.7,2730.7
1.1191e-06,0.00040017,11612,3197.1
2.0549e-06,0.00046906,17680,3805.8
3.109e-06,0.00053564,24259,4399.6
3.365e-06,0.00057881,26626,4771
2.4189e-06,0.00062877,23810,5164.2
2.7912e-06,0.00067364,26675,5548.1
2.7387e-06,0.00071828,27605,5915.2
4.4848e-06,0.00075809,36266,6281.1
4.4706e-06,0.0007877,36894,6519
5.7185e-06,0.00081664,42962,6774.4
5.9879e-06,0.00084276,44657,6984.2
6.8733e-06,0.00084819,48608,7042.4
7.6774e-06,0.00085202,52188,7085.9
7.7863e-06,0.00084876,52593,7062.6
8.8134e-06,0.00084199,56970,7027.9
8.446e-06,0.00083601,55250,6975.8
9.5765e-06,0.00082443,60006,6905.9
9.058e-06,0.00081528,57569,6826.5
9.9743e-06,0.00079559,61248,6690.4
9.1835e-06,0.00076705,57230,6453
9.5704e-06,0.00073015,58204,6169.4
8.7812e-06,0.00069911,54055,5904.6
8.5736e-06,0.00065161,52092,5516.6
7.5945e-06,0.00060188,46570,5086.7
6.9267e-06,0.00053894,42043,4551.5
5.776e-06,0.00049357,35804,4147.6
4.9123e-06,0.00043661,30508,3651.7
3.4401e-06,0.00038535,22735,3189
2.4349e-06,0.00032691,16907,2680.5
5.6954e-07,0.0002805,7806.6,2258.5
-5.8881e-07,0.0002305,1729.1,1824.1
-2.8969e-06,0.00019548,-8690.2,1495.5
-4.1774e-06,0.00015971,-14641,1186.1
-6.986e-06,0.00013943,-26182,991.41
-8.4094e-06,0.00012002,-31838,838.06
-1.151e-05,0.00010165,-43657,704.3
-1.2808e-05,8.4827e-05,-48614,584.03
-1.6171e-05,6.514e-05,-61428,441.13
-1.7582e-05,4.866e-05,-66813,323.13
-2.0974e-05,3.4076e-05,-79734,216.22
-2.2404e-05,1.1891e-05,-85197,57.916
-2.587e-05,-4.2941e-06,-98400,-60.397
-2.7323e-05,-3.4212e-05,-1.0396e+05,-273.34
-3.0716e-05,-5.5419e-05,-1.1689e+05,-427.03
-3.2393e-05,-8.3847e-05,-1.2330e+05,-629.72
-3.5919e-05,-9.7408e-05,-1.3673e+05,-729.59
-3.7357e-05,-0.00012081,-1.4223e+05,-896.54
-4.0974e-05,-0.00014317,-1.5602e+05,-1058.7
-4.2494e-05,-0.00017104,-1.6183e+05,-1257.2
-4.5979e-05,-0.00018508,-1.751e+05,-1360.5
-4.751e-05,-0.00021937,-1.8097e+05,-1604.3
-5.0959e-05,-0.00023702,-1.9411e+05,-1733
-5.2461e-05,-0.00025889,-1.9985e+05,-1889.2
-5.5821e-05,-0.00028289,-2.1266e+05,-2062.7
-5.7282e-05,-0.0003122,-2.1825e+05,-2271.4
-6.0467e-05,-0.00032375,-2.3038e+05,-2356.7
-6.1939e-05,-0.00035982,-2.3603e+05,-2613.2
-6.5086e-05,-0.00036868,-2.4801e+05,-2679.4
-6.6395e-05,-0.00038587,-2.5301e+05,-2802.4
-6.9412e-05,-0.00039983,-2.645e+05,-2904.5
-7.0705e-05,-0.00042033,-2.6945e+05,-3050.9
-7.3477e-05,-0.00041076,-2.7998e+05,-2986.5
-7.4748e-05,-0.00043163,-2.8484e+05,-3135.4
-7.7218e-05,-0.00041943,-2.9422e+05,-3052.2
-7.8328e-05,-0.00042609,-2.9846e+05,-3100.5
-8.0622e-05,-0.00040426,-3.0716e+05,-2949
-8.1733e-05,-0.0004126,-3.114e+05,-3009.2
-8.3872e-05,-0.00038325,-3.195e+05,-2804.4
-8.4859e-05,-0.00036226,-3.2323e+05,-2657.3
-8.6645e-05,-0.00033539,-3.3e+05,-2469.7
-8.7494e-05,-0.00035795,-3.3325e+05,-2630
-8.9021e-05,-0.00032941,-3.3903e+05,-2430.2
-8.9776e-05,-0.00034132,-3.4192e+05,-2515.2
-9.1084e-05,-0.00031472,-3.4686e+05,-2328.9
-9.1667e-05,-0.00031339,-3.4908e+05,-2320.2
-9.271e-05,-0.00029958,-3.5303e+05,-2223.8
-9.3193e-05,-0.00029836,-3.5487e+05,-2215.8
-9.3937e-05,-0.00028739,-3.5768e+05,-2139.2
-9.4305e-05,-0.00029946,-3.591e+05,-2224.9
-9.4857e-05,-0.00027786,-3.6118e+05,-2073
-9.5081e-05,-0.00027362,-3.6202e+05,-2043.3
-9.537e-05,-0.00025942,-3.6311e+05,-1943.3
-9.5455e-05,-0.00027564,-3.6345e+05,-2057.9
-9.5552e-05,-0.00025122,-3.6379e+05,-1885.6
-9.5509e-05,-0.00025403,-3.6363e+05,-1905.4
-9.5307e-05,-0.00025028,-3.6285e+05,-1878.7
-9.51e-05,-0.00028993,-3.6211e+05,-2158.5
-9.4696e-05,-0.00024803,-3.6053e+05,-1862.1
-9.4428e-05,-0.00027802,-3.5954e+05,-2073.6
-9.3778e-05,-0.0002467,-3.5703e+05,-1851.6
-9.3351e-05,-0.00026872,-3.5544e+05,-2006.7
-9.2392e-05,-0.00027579,-3.5179e+05,-2055.5
-9.1922e-05,-0.00027668,-3.5001e+05,-2061.2
-9.073e-05,-0.00024898,-3.4544e+05,-1864.1
-9.0164e-05,-0.00027866,-3.4332e+05,-2073.1
-8.8726e-05,-0.00024398,-3.3781e+05,-1826.5
-8.8091e-05,-0.00025111,-3.354e+05,-1876
-8.6426e-05,-0.00024669,-3.2906e+05,-1842.9
-8.5635e-05,-0.00025924,-3.2606e+05,-1930.6
-8.3831e-05,-0.00024546,-3.1918e+05,-1831.2
-8.3093e-05,-0.00025695,-3.1639e+05,-1911.5
-8.1186e-05,-0.00024303,-3.0912e+05,-1810.9
-8.0463e-05,-0.00021812,-3.0634e+05,-1634.1
-7.8778e-05,-0.00022632,-2.9994e+05,-1690
-7.8001e-05,-0.00020054,-2.9695e+05,-1507.1
-7.6202e-05,-0.00020651,-2.9011e+05,-1547.1
-7.5201e-05,-0.0002006,-2.863e+05,-1504.2
-7.3003e-05,-0.00017834,-2.7791e+05,-1344.4
-7.1905e-05,-0.00019832,-2.7375e+05,-1484.3
-6.9395e-05,-0.0001853,-2.6418e+05,-1389.3
-6.8109e-05,-0.0001806,-2.5929e+05,-1354.7
-6.5332e-05,-0.00017321,-2.4871e+05,-1299.2
-6.39e-05,-0.00020052,-2.433e+05,-1490.4
-6.1271e-05,-0.00018779,-2.3328e+05,-1397.4
-5.9767e-05,-0.00023253,-2.2761e+05,-1711.6
-5.6742e-05,-0.00023922,-2.1611e+05,-1755.4
-5.5223e-05,-0.00027954,-2.1038e+05,-2038.3
-5.2239e-05,-0.0003217,-1.9908e+05,-2332.6
-5.0622e-05,-0.00037281,-1.9298e+05,-2691.6
-4.7398e-05,-0.00040634,-1.8076e+05,-2924.6
-4.5772e-05,-0.00046186,-1.7464e+05,-3314.7
-4.3358e-05,-0.00048783,-1.6549e+05,-3495.2
-4.154e-05,-0.00047524,-1.5856e+05,-3404.2
-3.9495e-05,-0.00044059,-1.5074e+05,-3157.1
-3.6949e-05,-0.00040402,-1.4101e+05,-2895.9
-3.5e-05,-0.00036287,-1.3355e+05,-2603
-3.2665e-05,-0.00032218,-1.2462e+05,-2312.9
-2.9499e-05,-0.00028026,-1.1253e+05,-2013.3
-2.856e-05,-0.00023434,-1.089e+05,-1687.9
-2.3708e-05,-0.0001828,-90387,-1318.3
-2.2705e-05,-0.00012567,-86503,-913.73
-1.8412e-05,-6.4529e-05,-70104,-477.05
-1.5846e-05,7.1733e-06,-60260,32.205
-1.2542e-05,0.00010864,-47574,752.45
-8.7282e-06,0.00024827,-35550,1591
-5.0574e-06,0.00037105,-15131,2847.3
2.6784e-07,0.00045918,10355,3714.5
1.9029e-06,0.00065903,22221,5402.4
1.8952e-06,0.00053606,18871,4369.1
1.4292e-06,0.00052224,16444,4239.7
7.5972e-07,0.00050927,13122,4111.1
-6.053e-07,0.00050344,6989.4,4025
-1.3136e-06,0.00049499,3670.7,3934.7
-2.8338e-06,0.00048978,-3050.2,3851.6
-3.7825e-06,0.00048226,-7322.4,3764.7
-5.5468e-06,0.00047761,-14979,3683.2
-6.6697e-06,0.00047067,-19912,3599.1
-8.6616e-06,0.00046614,-28316,3522.1
-9.7906e-06,0.00045989,-33240,3442.9
-1.0742e-05,0.00045683,-37221,3400.5
-1.1708e-05,0.00045163,-40964,3360.1
-1.2832e-05,0.00045108,-45911,3316.4
-1.3856e-05,0.00044738,-50045,3275.9
-1.5003e-05,0.00044564,-54834,3237.4
-1.6231e-05,0.00044274,-59796,3198.4
-1.7166e-05,0.00043917,-63590,3157.8
-1.8356e-05,0.00043616,-68362,3120.5
-1.9617e-05,0.00043324,-73378,3084.9
-2.0726e-05,0.00042964,-77777,3046.9
-2.1703e-05,0.0004257,-81633,3009.1
-2.2821e-05,0.00042197,-86014,2973.3
-2.416e-05,0.00041829,-91224,2938.3
-2.5226e-05,0.00041411,-95354,2902.7
-2.6653e-05,0.00041002,-1.0085e+05,2868
-2.7641e-05,0.00040506,-1.0464e+05,2829.6
-2.9207e-05,0.00040068,-1.1062e+05,2795.3
-3.0278e-05,0.00039531,-1.1471e+05,2756.1
-3.1756e-05,0.0003909,-1.2033e+05,2723.3
-3.2538e-05,0.00038539,-1.2331e+05,2683.5
-3.4134e-05,0.00038099,-1.2939e+05,2650.6
-3.5233e-05,0.00037582,-1.3358e+05,2612.8
-3.6702e-05,0.00037101,-1.3917e+05,2577.2
-3.7757e-05,0.00036555,-1.4319e+05,2537.4
-3.9227e-05,0.0003607,-1.4879e+05,2501.4
-4.033e-05,0.00035536,-1.5299e+05,2462.5
-4.1815e-05,0.00035048,-1.5864e+05,2426.3
-4.3071e-05,0.00034527,-1.6342e+05,2388.1
-4.4427e-05,0.00034026,-1.6859e+05,2351.2
-4.5806e-05,0.00033524,-1.7384e+05,2314.1
-4.7343e-05,0.00033043,-1.7969e+05,2278.4
-4.8521e-05,0.0003251,-1.8418e+05,2239.3
-4.9865e-05,0.00032006,-1.893e+05,2202.2
-5.102e-05,0.00031478,-1.937e+05,2163.7
-5.2258e-05,0.00030964,-1.9842e+05,2125.9
-5.3558e-05,0.00030453,-2.0337e+05,2088.3
-5.5112e-05,0.0002997,-2.0929e+05,2052.4
-5.633e-05,0.00029449,-2.1393e+05,2014.2
-5.7818e-05,0.00028964,-2.1959e+05,1978.3
-5.8924e-05,0.00028431,-2.2380e+05,1939.3
-6.0769e-05,0.00027983,-2.3083e+05,1905.6
-6.1925e-05,0.00027461,-2.3523e+05,1867.3
-6.345e-05,0.00026975,-2.4104e+05,1831.3
-6.485e-05,0.00026478,-2.4637e+05,1794.5
-6.6252e-05,0.00025976,-2.5171e+05,1757.5
-6.7514e-05,0.00025459,-2.5652e+05,1719.5
-6.8955e-05,0.00024965,-2.6201e+05,1683
-7.0189e-05,0.00024447,-2.6671e+05,1645
-7.1561e-05,0.00023943,-2.7194e+05,1607.8
-7.2836e-05,0.00023428,-2.7679e+05,1570
-7.4272e-05,0.00022932,-2.8226e+05,1533.2
-7.54e-05,0.00022403,-2.8656e+05,1494.6
-7.6646e-05,0.0002189,-2.9130e+05,1456.9
-7.7814e-05,0.00021355,-2.9575e+05,1417.8
-7.9252e-05,0.00020858,-3.0123e+05,1381
-8.0325e-05,0.0002032,-3.0532e+05,1341.8
-8.1538e-05,0.000198,-3.0994e+05,1303.7
-8.2592e-05,0.00019253,-3.1396e+05,1263.8
-8.39e-05,0.00018746,-3.1894e+05,1226.5
-8.4987e-05,0.00018206,-3.2308e+05,1187.1
-8.6091e-05,0.00017673,-3.2729e+05,1148.2
-8.705e-05,0.00017115,-3.3094e+05,1107.6
-8.8267e-05,0.00016593,-3.3558e+05,1069.4
-8.9132e-05,0.00016027,-3.3888e+05,1028.4
-9.0197e-05,0.00015492,-3.4294e+05,989.39
-9.0857e-05,0.00014895,-3.4546e+05,946.45
-9.2138e-05,0.0001438,-3.5034e+05,908.55
-9.2896e-05,0.0001374,-3.5323e+05,862.47
-9.4954e-05,0.00012794,-3.6107e+05,793.31
-9.5828e-05,0.00011701,-3.6441e+05,715.06
-9.7458e-05,0.00010682,-3.7062e+05,641.2
-9.8257e-05,9.5532e-05,-3.7368e+05,560.56
-9.9455e-05,8.4941e-05,-3.7825e+05,484.35
-0.00010016,7.3463e-05,-3.8094e+05,402.46
-0.00010156,6.307e-05,-3.8629e+05,327.42
-0.00010264,4.6402e-05,-3.9041e+05,208.43
-0.00010324,-8.1495e-05,-3.9283e+05,-695.7
-0.00010174,-0.00088479,-3.8808e+05,-6368.2
4.4243e-05,-0.0046658,-52760,-20584
