0.00029234,-0.014145,-5.5909e+05,-75651
-6.9024e-05,-0.0039709,-3.9605e+05,-41420
-7.3442e-05,-0.0017043,-3.2744e+05,-20181
-7.5176e-05,-0.00028905,-3.1261e+05,-4621.1
-7.5146e-05,0.00046019,-2.9724e+05,3393.4
-6.9969e-05,0.00089727,-2.6724e+05,8173.1
-6.9317e-05,0.00099983,-2.6256e+05,9278.5
-6.6222e-05,0.0010083,-2.4979e+05,9430.7
-6.3998e-05,0.00093158,-2.4224e+05,8656.8
-6.05e-05,0.00082362,-2.301e+05,7577.7
-5.9011e-05,0.0007101,-2.2633e+05,6393.9
-5.6449e-05,0.0005939,-2.1823e+05,5203.3
-5.3959e-05,0.00047569,-2.1048e+05,3989.7
-5.2407e-05,0.00035588,-2.0658e+05,2740
-4.8652e-05,0.0002306,-1.938e+05,1476.5
-4.6123e-05,0.00011205,-1.8589e+05,260.07
-4.4487e-05,4.2981e-05,-1.8062e+05,-445.27
-4.147e-05,4.9391e-07,-1.6918e+05,-838.28
-3.965e-05,-2.8949e-05,-1.6235e+05,-1116.1
-3.8313e-05,-4.133e-05,-1.5715e+05,-1221.3
-3.5674e-05,-3.3493e-05,-1.4622e+05,-1083.8
-3.2774e-05,-4.1464e-05,-1.3455e+05,-1110.1
-3.2161e-05,-4.9152e-05,-1.3221e+05,-1179.8
-2.9205e-05,-3.3819e-05,-1.1984e+05,-955.74
-2.9495e-05,-3.9601e-05,-1.2113e+05,-1023.5
-2.6464e-05,-2.589e-05,-1.0849e+05,-815.18
-2.6573e-05,-2.21e-05,-1.0886e+05,-776.88
-2.3377e-05,-7.2298e-06,-95517,-552.83
-2.2585e-05,-2.5438e-05,-92654,-731.42
-2.1272e-05,-2.1241e-05,-87213,-659.84
-2.1071e-05,2.7371e-05,-85404,-135.94
-2.036e-05,8.6085e-05,-81309,506.36
-2.1331e-05,0.0001521,-83928,1192.5
-1.9904e-05,0.00022186,-76687,1967.5
-1.9003e-05,0.00030895,-71519,2898.2
-1.7178e-05,0.00037487,-62855,3636.7
-1.5064e-05,0.00037092,-54300,3640.8
-1.4333e-05,0.00037992,-51062,3758.2
-1.3218e-05,0.00039566,-45949,3967.1
-1.2923e-05,0.000432,-43581,4390.3
-1.2073e-05,0.00046283,-38919,4773.8
-1.1579e-05,0.00049438,-35649,5159
-1.0785e-05,0.00052465,-31008,5546.4
-1.0586e-05,0.00055106,-29091,5866.4
-9.6917e-06,0.00057314,-24219,6165.5
-9.8119e-06,0.00059386,-23858,6408.9
-8.8322e-06,0.00060889,-18824,6631
-9.0856e-06,0.00062432,-19262,6806.6
-8.0449e-06,0.00063185,-14223,6942.4
-8.4821e-06,0.00064233,-15745,7049
-7.3224e-06,0.00064488,-10350,7132.2
-7.645e-06,0.00064648,-11688,7139.4
-6.8047e-06,0.00063881,-8167.7,7087.1
-7.1616e-06,0.00062561,-10388,6911.8
-6.6351e-06,0.00060882,-8669.7,6737.1
-7.1936e-06,0.00058815,-12051,6466.6
-6.4764e-06,0.00056154,-9805.6,6187.5
-6.9532e-06,0.00052252,-13653,5698.8
-7.0058e-06,0.00048284,-15487,5227.1
-7.5268e-06,0.00043685,-19563,4665.2
-7.6327e-06,0.00039037,-21575,4127.7
-8.459e-06,0.00033791,-26772,3503.8
-8.7091e-06,0.00028738,-29247,2930.8
-9.8182e-06,0.00023284,-35311,2295.9
-1.0179e-05,0.00018145,-37946,1729.1
-1.1614e-05,0.0001307,-44823,1155.5
-1.2189e-05,8.5518e-05,-48014,664.66
-1.3967e-05,4.8576e-05,-55991,235.33
-1.4656e-05,1.6368e-05,-59457,-123.09
-1.6651e-05,-1.1059e-05,-68152,-456.95
-1.7374e-05,-2.3133e-05,-71350,-600.78
-1.9805e-05,-3.2073e-05,-81449,-745.84
-2.0584e-05,-2.8899e-05,-84563,-727.74
-2.3148e-05,-2.7136e-05,-94987,-761.05
-2.3957e-05,-2.2362e-05,-98190,-726.45
-2.6599e-05,-1.0066e-05,-1.0872e+05,-648.71
-2.7326e-05,2.8404e-06,-1.1142e+05,-525.47
-3.0188e-05,-1.0506e-05,-1.2337e+05,-726.41
-3.1099e-05,-2.3481e-05,-1.2735e+05,-883.71
-3.3661e-05,-3.9755e-05,-1.3814e+05,-1109.9
-3.466e-05,-5.1758e-05,-1.4246e+05,-1258.5
-3.7342e-05,-6.6853e-05,-1.5370e+05,-1474.5
-3.8457e-05,-8.8402e-05,-1.5869e+05,-1727.7
-4.1094e-05,-0.00010622,-1.6982e+05,-1972
-4.2286e-05,-0.00011663,-1.7489e+05,-2107.4
-4.4849e-05,-0.00013521,-1.8572e+05,-2358.4
-4.5964e-05,-0.00014654,-1.9050e+05,-2502.2
-4.8632e-05,-0.000147,-2.014e+05,-2561.4
-4.9819e-05,-0.00015871,-2.0648e+05,-2710.8
-5.2579e-05,-0.00018258,-2.1823e+05,-3022.3
-5.3683e-05,-0.00020141,-2.2312e+05,-3246.1
-5.6111e-05,-0.00022606,-2.3353e+05,-3559.2
-5.7331e-05,-0.00024468,-2.3889e+05,-3783.2
-5.9559e-05,-0.00025313,-2.4815e+05,-3918.9
-6.0835e-05,-0.00027499,-2.538e+05,-4178.8
-6.3029e-05,-0.00028162,-2.6289e+05,-4294.3
-6.4279e-05,-0.00029733,-2.6831e+05,-4487.8
-6.6336e-05,-0.00030585,-2.7688e+05,-4620.8
-6.751e-05,-0.0003216,-2.8199e+05,-4813.2
-6.9445e-05,-0.00031394,-2.8973e+05,-4770.6
-7.0592e-05,-0.00029447,-2.9401e+05,-4585.8
-7.2276e-05,-0.00028046,-3.006e+05,-4470.2
-7.3304e-05,-0.00028877,-3.0496e+05,-4580
-7.5093e-05,-0.00026235,-3.1173e+05,-4333.8
-7.6234e-05,-0.00026426,-3.1642e+05,-4377.5
-7.7625e-05,-0.00025661,-3.2194e+05,-4323.9
-7.8536e-05,-0.00025373,-3.256e+05,-4311.6
-7.9767e-05,-0.00025101,-3.3057e+05,-4307.6
-8.0644e-05,-0.00024199,-3.3396e+05,-4229
-8.1703e-05,-0.0002361,-3.3817e+05,-4187.6
-8.2508e-05,-0.00023835,-3.415e+05,-4228
-8.337e-05,-0.00022488,-3.4474e+05,-4101.4
-8.4046e-05,-0.00021504,-3.473e+05,-4010
-8.4682e-05,-0.00020729,-3.4974e+05,-3940
-8.5303e-05,-0.00021489,-3.5243e+05,-4034
-8.5746e-05,-0.00019997,-3.5393e+05,-3883.3
-8.6214e-05,-0.00019718,-3.5579e+05,-3863
-8.6481e-05,-0.00019797,-3.5689e+05,-3877
-8.6769e-05,-0.00023142,-3.5875e+05,-4240.6
-8.6811e-05,-0.00020496,-3.5838e+05,-3958.4
-8.7018e-05,-0.00023026,-3.5974e+05,-4233.3
-8.6783e-05,-0.0002002,-3.5817e+05,-3906.9
-8.6813e-05,-0.00021615,-3.5862e+05,-4078.2
-8.6384e-05,-0.00022764,-3.571e+05,-4192.3
-8.6476e-05,-0.00022362,-3.5739e+05,-4151.2
-8.5816e-05,-0.00020087,-3.5423e+05,-3894.4
-8.5989e-05,-0.00022143,-3.5536e+05,-4117.9
-8.465e-05,-0.00019248,-3.4931e+05,-3781
-8.4744e-05,-0.00018798,-3.496e+05,-3734.8
-8.3847e-05,-0.00018656,-3.4591e+05,-3701.3
-8.3688e-05,-0.00019378,-3.4541e+05,-3775.3
-8.2556e-05,-0.0001845,-3.406e+05,-3653
-8.1646e-05,-0.00019916,-3.3718e+05,-3791.2
-8.0957e-05,-0.0001839,-3.3406e+05,-3614
-8.0531e-05,-0.00015928,-3.3182e+05,-3341.9
-7.9554e-05,-0.00016879,-3.2803e+05,-3423.8
-7.912e-05,-0.00014442,-3.2576e+05,-3154.2
-7.7867e-05,-0.00015314,-3.2082e+05,-3222.1
-7.6926e-05,-0.00014725,-3.1686e+05,-3139.9
-7.7083e-05,-0.00011992,-3.1695e+05,-2850.8
-7.5344e-05,-0.00015032,-3.1047e+05,-3140.6
-7.3254e-05,-0.00014354,-3.018e+05,-3025.5
-7.2584e-05,-0.00013401,-2.9888e+05,-2909.9
-7.0674e-05,-0.00012489,-2.909e+05,-2773.5
-7.1226e-05,-0.00014612,-2.9358e+05,-3011.9
-6.7574e-05,-0.00014714,-2.787e+05,-2948.4
-6.6306e-05,-0.00019212,-2.7444e+05,-3403.8
-6.444e-05,-0.00019577,-2.669e+05,-3404.8
-6.3383e-05,-0.00023681,-2.6342e+05,-3822.2
-6.1108e-05,-0.00027699,-2.5495e+05,-4205.6
-5.9716e-05,-0.00032449,-2.5024e+05,-4685.4
-5.7613e-05,-0.0003577,-2.4234e+05,-4997.8
-5.6298e-05,-0.00041523,-2.3814e+05,-5586.3
-5.4559e-05,-0.00044078,-2.3157e+05,-5824.2
-5.3156e-05,-0.00042768,-2.2558e+05,-5655.6
-5.1871e-05,-0.00038429,-2.1945e+05,-5165.3
-5.0045e-05,-0.00034319,-2.1116e+05,-4688.5
-4.8979e-05,-0.00030388,-2.0601e+05,-4246.3
-4.5917e-05,-0.0002678,-1.9278e+05,-3798.2
-4.6228e-05,-0.00022691,-1.9322e+05,-3367.2
-4.2516e-05,-0.00019478,-1.7742e+05,-2948
-4.1395e-05,-0.00016325,-1.722e+05,-2587.9
-3.7814e-05,-0.00013815,-1.5708e+05,-2246.7
-3.3947e-05,-0.00011749,-1.4088e+05,-1947
-3.3835e-05,-9.6241e-05,-1.4e+05,-1717.5
-2.6655e-05,-0.0001087,-1.1096e+05,-1704.6
-2.4533e-05,-0.00013108,-1.0275e+05,-1900.8
-1.8811e-05,-0.00018038,-80414,-2311.6
-2.0778e-06,-0.00016677,-18070,-1496.5
1.7206e-06,0.0004078,21819,4742.1
3.129e-06,0.00046629,31928,5550
3.5615e-06,0.00046009,33680,5495.6
4.2732e-06,0.00045266,36713,5439.4
3.9403e-06,0.00044589,34825,5342
4.3241e-06,0.00043658,36216,5247.6
3.4677e-06,0.00043158,31940,5147
3.3303e-06,0.00042404,30950,5049.7
2.5196e-06,0.00041879,26907,4948.7
2.0742e-06,0.00041222,24531,4849
9.8624e-07,0.00040776,19262,4745.8
4.7002e-07,0.00040175,16610,4650.5
-1.3162e-08,0.00039867,14244,4592
-5.0596e-07,0.00039563,11851,4534.1
-1.2141e-06,0.00039316,8493.2,4473.4
-1.7777e-06,0.0003902,5800.2,4414.1
-2.4355e-06,0.00038735,2686,4352
-3.0584e-06,0.00038442,-247.2,4291.4
-3.6859e-06,0.00038147,-3196.5,4230.6
-4.3349e-06,0.0003784,-6230,4168.2
-4.9128e-06,0.00037516,-8941.5,4106.9
-5.7337e-06,0.00037256,-12692,4044.5
-6.2545e-06,0.00036895,-15135,3982.4
-7.0761e-06,0.00036604,-18865,3917.7
-7.8768e-06,0.00036321,-22473,3856
-8.6969e-06,0.00036005,-26156,3790.9
-9.3154e-06,0.00035661,-28960,3729.9
-1.0128e-05,0.00035349,-32569,3667.5
-1.1057e-05,0.00035063,-36648,3605.2
-1.1931e-05,0.00034759,-40469,3544
-1.2759e-05,0.00034398,-44086,3479
-1.3606e-05,0.00034031,-47784,3412.8
-1.455e-05,0.00033674,-51861,3346.4
-1.5354e-05,0.00033299,-55343,3282.2
-1.6206e-05,0.0003292,-59013,3217.2
-1.7117e-05,0.00032544,-62915,3151.6
-1.7758e-05,0.00032116,-65690,3088.2
-1.8708e-05,0.00031742,-69722,3023.6
-1.958e-05,0.0003135,-73418,2959.9
-2.0535e-05,0.00030958,-77442,2895.3
-2.1295e-05,0.00030536,-80655,2833
-2.2416e-05,0.00030166,-85315,2769.8
-2.3326e-05,0.00029754,-89111,2707.3
-2.4536e-05,0.00029386,-94122,2643.3
-2.536e-05,0.00028969,-97567,2582
-2.6493e-05,0.00028588,-1.0227e+05,2518.2
-2.7192e-05,0.00028145,-1.0521e+05,2456.6
-2.8288e-05,0.00027759,-1.0976e+05,2393.1
-2.9101e-05,0.00027331,-1.1316e+05,2330.8
-3.0145e-05,0.00026943,-1.175e+05,2268
-3.0937e-05,0.00026514,-1.2082e+05,2206.1
-3.1819e-05,0.00026103,-1.245e+05,2144.1
-3.2814e-05,0.00025691,-1.2864e+05,2079.9
-3.3716e-05,0.00025266,-1.3241e+05,2016.1
-3.4718e-05,0.00024879,-1.3658e+05,1954.3
-3.5873e-05,0.00024501,-1.4137e+05,1890.5
-3.6656e-05,0.00024066,-1.4465e+05,1828
-3.7903e-05,0.00023714,-1.4981e+05,1765
-3.8994e-05,0.00023337,-1.5434e+05,1702.5
-4.003e-05,0.00022943,-1.5865e+05,1639.4
-4.0779e-05,0.00022501,-1.6179e+05,1576.8
-4.1967e-05,0.00022137,-1.6671e+05,1513.8
-4.3082e-05,0.00021768,-1.7134e+05,1451.6
-4.4024e-05,0.00021361,-1.7526e+05,1389
-4.4707e-05,0.00020913,-1.7814e+05,1327.2
-4.5871e-05,0.00020544,-1.8297e+05,1264
-4.6989e-05,0.00020178,-1.876e+05,1202.2
-4.799e-05,0.00019788,-1.9177e+05,1140.1
-4.8736e-05,0.00019359,-1.949e+05,1079
-4.9649e-05,0.00018951,-1.9870e+05,1016.8
-5.0638e-05,0.00018553,-2.0282e+05,954.13
-5.1639e-05,0.00018175,-2.0698e+05,893.33
-5.2482e-05,0.00017756,-2.1051e+05,831.36
-5.322e-05,0.00017327,-2.1361e+05,770.54
-5.4269e-05,0.00016947,-2.1797e+05,708.55
-5.5057e-05,0.00016541,-2.2126e+05,649.09
-5.585e-05,0.00016108,-2.2458e+05,586.66
-5.65e-05,0.00015677,-2.2733e+05,527.34
-5.7642e-05,0.00015312,-2.3206e+05,465.08
-5.8461e-05,0.00014865,-2.3549e+05,400.65
-6.0264e-05,0.00014168,-2.43e+05,289.44
-6.1274e-05,0.00013381,-2.4727e+05,184.72
-6.3172e-05,0.00012731,-2.5515e+05,76.546
-6.4432e-05,0.0001201,-2.6044e+05,-26.113
-6.5831e-05,0.00011267,-2.663e+05,-134.02
-6.7333e-05,0.00010599,-2.7256e+05,-236.04
-6.9298e-05,9.9396e-05,-2.8072e+05,-346.57
-7.1494e-05,8.2064e-05,-2.9003e+05,-576.62
-7.2956e-05,-8.4864e-05,-2.9939e+05,-2391.8
-7.2941e-05,-0.00082941,-3.145e+05,-10356
1.8297e-05,-0.0036542,-1.0487e+05,-32034
