0.00047817,-0.017962,-3.597e+05,-33498
-6.3716e-05,-0.0038813,-2.7787e+05,-25194
-6.8584e-05,-0.0014881,-2.5791e+05,-10902
-6.5108e-05,-6.5076e-05,-2.4774e+05,-535.29
-6.4395e-05,0.00064454,-2.4421e+05,4477.1
-6.1039e-05,0.0010586,-2.3076e+05,7423
-5.8676e-05,0.0011333,-2.2051e+05,8033.1
-5.4333e-05,0.0010938,-2.0361e+05,7785.1
-5.2263e-05,0.00097283,-1.9666e+05,6879.6
-4.8772e-05,0.00084422,-1.8403e+05,5941.1
-4.6781e-05,0.00072006,-1.7701e+05,5037.9
-4.3436e-05,0.00061436,-1.645e+05,4288.5
-4.1055e-05,0.00050985,-1.5557e+05,3552.6
-3.6849e-05,0.00040864,-1.3969e+05,2842.7
-3.5506e-05,0.00031181,-1.3469e+05,2160.5
-3.0889e-05,0.00022154,-1.1723e+05,1528.4
-2.8781e-05,0.00016217,-1.0928e+05,1111.6
-2.465e-05,0.00011896,-93617,811.27
-2.2811e-05,8.2148e-05,-86663,553.51
-1.8924e-05,5.7233e-05,-71908,382.1
-1.8289e-05,5.1129e-05,-69500,339.74
-1.357e-05,3.0704e-05,-51575,201
-1.264e-05,-1.166e-06,-48076,-22.931
-9.6416e-06,-5.8814e-06,-36677,-52.734
-9.5331e-06,1.6091e-05,-36239,102.52
-6.1007e-06,5.2088e-05,-23142,360.65
-5.5704e-06,5.7936e-05,-21119,402.56
-2.0505e-06,8.0799e-05,-9691.6,452.96
-1.5872e-06,8.9276e-05,-8781.8,471.11
4.2014e-07,0.00011956,-4685.4,544.28
-6.6765e-07,0.00013708,-1752.3,1013
1.8389e-06,0.00018571,9291.4,1439.3
9.0208e-07,0.00023829,6723.4,1846.2
2.4976e-06,0.00030243,15126,2412.6
3.3104e-06,0.00036456,20339,2956
3.5523e-06,0.00042604,23138,3483.3
3.1777e-06,0.00048942,23323,4011.1
4.4013e-06,0.00054745,30417,4536.1
3.3833e-06,0.0006135,27738,5063.3
5.0824e-06,0.00066858,36753,5565.5
5.611e-06,0.00069402,39750,5787.6
6.1967e-06,0.0007053,42632,5893.7
6.9317e-06,0.00071289,46089,5972.6
7.3404e-06,0.0007232,48139,6065.2
8.1483e-06,0.00073069,51910,6143.2
8.0865e-06,0.00073445,51703,6171.8
9.0058e-06,0.0007346,55800,6192.8
8.5764e-06,0.00073592,53907,6194.2
9.6856e-06,0.0007317,58751,6184
9.2186e-06,0.0007312,56655,6170.3
1.0141e-05,0.00072046,60539,6104.3
9.5823e-06,0.00070305,57672,5953.5
1.0033e-05,0.00067763,59133,5759.5
9.5291e-06,0.0006571,56431,5582.5
9.4672e-06,0.00062006,55304,5279.6
8.7787e-06,0.00057984,51245,4933
8.3124e-06,0.00052577,47787,4474.5
7.4698e-06,0.00048784,43027,4137.7
6.7958e-06,0.0004367,38650,3692.5
5.6885e-06,0.00038881,32472,3263.3
4.8591e-06,0.00033173,27369,2767.4
3.4319e-06,0.00028372,20021,2339.2
2.4589e-06,0.00022927,14547,1869.8
6.9569e-07,0.00018638,6093.1,1484.7
-4.4306e-07,0.00013968,351.94,1086.2
-2.6056e-06,0.00010805,-9098.7,800.41
-3.8771e-06,7.6587e-05,-14557,542.92
-6.4939e-06,5.9324e-05,-24629,411.29
-7.6627e-06,4.3672e-05,-29093,299.43
-1.0568e-05,2.9001e-05,-40160,192.47
-1.1813e-05,2.2781e-05,-44903,147.11
-1.4776e-05,1.5674e-05,-56179,93.489
-1.6019e-05,4.7217e-06,-60920,14.715
-1.9045e-05,-3.7132e-06,-72441,-48.36
-2.031e-05,-2.2573e-05,-77273,-182.99
-2.3273e-05,-3.6119e-05,-88560,-282.09
-2.4736e-05,-5.3158e-05,-94146,-404.1
-2.7807e-05,-6.0449e-05,-1.0584e+05,-459.16
-2.905e-05,-7.6608e-05,-1.1058e+05,-574.71
-3.2201e-05,-9.3663e-05,-1.2259e+05,-698.81
-3.3517e-05,-0.00011524,-1.2762e+05,-852.73
-3.6551e-05,-0.00012772,-1.3917e+05,-944.34
-3.7876e-05,-0.00015589,-1.4425e+05,-1144.8
-4.0878e-05,-0.00017248,-1.5569e+05,-1265.5
-4.2178e-05,-0.0001917,-1.6065e+05,-1402.7
-4.5104e-05,-0.00021422,-1.7181e+05,-1565.2
-4.6367e-05,-0.00024019,-1.7664e+05,-1750.1
-4.9144e-05,-0.0002535,-1.8722e+05,-1847.3
-5.0426e-05,-0.00028522,-1.9214e+05,-2072.8
-5.3171e-05,-0.00029534,-2.0259e+05,-2147.5
-5.4318e-05,-0.00031065,-2.0698e+05,-2257
-5.6974e-05,-0.00032507,-2.171e+05,-2361.9
-5.8096e-05,-0.00034419,-2.2139e+05,-2498.3
-6.0555e-05,-0.00034029,-2.3074e+05,-2473.6
-6.1643e-05,-0.00036209,-2.349e+05,-2628.8
-6.386e-05,-0.00035836,-2.4333e+05,-2605.2
-6.4875e-05,-0.0003742,-2.4721e+05,-2718.2
-6.6882e-05,-0.00036829,-2.5484e+05,-2678.8
-6.7837e-05,-0.00037962,-2.5849e+05,-2759.9
-6.9704e-05,-0.00035673,-2.6556e+05,-2600.5
-7.0595e-05,-0.00033643,-2.6893e+05,-2458.1
-7.2221e-05,-0.00031194,-2.7509e+05,-2287.1
-7.3004e-05,-0.00032838,-2.7809e+05,-2404.1
-7.4408e-05,-0.00030302,-2.834e+05,-2226.7
-7.511e-05,-0.00031119,-2.8608e+05,-2285.2
-7.6328e-05,-0.00028786,-2.9069e+05,-2121.8
-7.6883e-05,-0.00028492,-2.9279e+05,-2101.8
-7.7877e-05,-0.00027188,-2.9656e+05,-2010.8
-7.8348e-05,-0.00026867,-2.9835e+05,-1988.7
-7.9086e-05,-0.00025743,-3.0114e+05,-1910.2
-7.9443e-05,-0.00026474,-3.0251e+05,-1962.2
-7.9996e-05,-0.00024406,-3.0459e+05,-1816.8
-8.0235e-05,-0.00023834,-3.0549e+05,-1776.7
-8.0582e-05,-0.00022485,-3.068e+05,-1681.8
-8.0714e-05,-0.00023765,-3.0731e+05,-1772.3
-8.0883e-05,-0.00021596,-3.0793e+05,-1619.3
-8.0896e-05,-0.00021735,-3.0798e+05,-1629.2
-8.0817e-05,-0.00021332,-3.0768e+05,-1600.6
-8.0694e-05,-0.00024653,-3.0725e+05,-1835
-8.0459e-05,-0.00021043,-3.0631e+05,-1579.8
-8.0287e-05,-0.00023531,-3.0568e+05,-1755.3
-7.9821e-05,-0.00020799,-3.0388e+05,-1561.8
-7.9515e-05,-0.00022606,-3.0274e+05,-1689.1
-7.8803e-05,-0.00023141,-3.0004e+05,-1726.1
-7.8466e-05,-0.0002315,-2.9875e+05,-1726.3
-7.7572e-05,-0.00020688,-2.9532e+05,-1551.3
-7.714e-05,-0.00023129,-2.9371e+05,-1723.3
-7.603e-05,-0.00020079,-2.8945e+05,-1506.6
-7.5529e-05,-0.00020607,-2.8755e+05,-1543.2
-7.423e-05,-0.00020196,-2.826e+05,-1512.7
-7.3608e-05,-0.00021241,-2.8025e+05,-1585.8
-7.2201e-05,-0.00020016,-2.7488e+05,-1497.6
-7.1582e-05,-0.00020961,-2.7254e+05,-1563.6
-7.0105e-05,-0.0001975,-2.669e+05,-1476.3
-6.9515e-05,-0.00017624,-2.6464e+05,-1325.5
-6.8166e-05,-0.0001836,-2.5951e+05,-1375.9
-6.7543e-05,-0.000162,-2.5711e+05,-1222.7
-6.6109e-05,-0.00016786,-2.5166e+05,-1262.4
-6.5299e-05,-0.00016362,-2.4858e+05,-1231.5
-6.3586e-05,-0.00014491,-2.4204e+05,-1097.3
-6.2643e-05,-0.00016307,-2.3848e+05,-1224.5
-6.063e-05,-0.00015232,-2.308e+05,-1146.2
-5.9615e-05,-0.00014844,-2.2694e+05,-1117.6
-5.7411e-05,-0.00014138,-2.1854e+05,-1065.2
-5.6269e-05,-0.00016283,-2.1422e+05,-1215.3
-5.3951e-05,-0.00014796,-2.0539e+05,-1107.6
-5.2735e-05,-0.00018489,-2.0081e+05,-1367
-5.0273e-05,-0.00018534,-1.9144e+05,-1367.3
-4.9018e-05,-0.00022033,-1.8671e+05,-1612.9
-4.641e-05,-0.00025892,-1.7683e+05,-1882.4
-4.5076e-05,-0.00031342,-1.7182e+05,-2265.7
-4.2473e-05,-0.00035702,-1.6197e+05,-2570.5
-4.1198e-05,-0.00042504,-1.572e+05,-3049.3
-3.9501e-05,-0.00046535,-1.5079e+05,-3332
-3.7961e-05,-0.00047048,-1.4494e+05,-3366.3
-3.6391e-05,-0.0004441,-1.3894e+05,-3178.2
-3.445e-05,-0.00041564,-1.3152e+05,-2975
-3.3793e-05,-0.00038177,-1.2898e+05,-2735.1
-3.1369e-05,-0.00034998,-1.1972e+05,-2507.7
-2.9417e-05,-0.00031545,-1.1226e+05,-2261.6
-2.7851e-05,-0.00027914,-1.0626e+05,-2003.4
-2.3988e-05,-0.00023525,-91512,-1689
-2.2945e-05,-0.00018701,-87488,-1347.1
-1.9075e-05,-0.00013421,-72708,-969.81
-1.69e-05,-7.0883e-05,-64362,-520.1
-1.3967e-05,2.2679e-05,-53096,143.94
-1.027e-05,0.00014518,-38884,1013.7
-7.0747e-06,0.00027384,-24431,2055.3
6.7911e-07,0.00035101,9904.4,2849
2.5931e-06,0.00062268,24361,5117.8
2.9595e-06,0.00049927,22533,4087.5
2.8989e-06,0.00048469,21848,3962.2
2.3653e-06,0.00047189,19107,3838.3
1.408e-06,0.00046536,14688,3755.9
8.4418e-07,0.0004571,11973,3670.3
-3.0064e-07,0.00045145,6796.7,3591
-1.0497e-06,0.00044404,3335.9,3508.4
-2.5041e-06,0.00043926,-3089.8,3430
-3.5067e-06,0.00043271,-7554.5,3350.1
-4.7731e-06,0.00043054,-13158,3298.2
-6.0364e-06,0.0004219,-18578,3199.2
-6.8329e-06,0.00041889,-21965,3158.3
-6.6261e-06,0.0004505,-20479,3422.3
-8.5639e-06,0.00041324,-29285,3076.7
-8.951e-06,0.00041955,-30770,3120.2
-1.0225e-05,0.00040217,-36324,2956.7
-1.134e-05,0.00040503,-40823,2960.8
-1.2242e-05,0.00040197,-44527,2922.4
-1.3209e-05,0.00039904,-48466,2885.4
-1.4221e-05,0.0003962,-52553,2849.9
-1.5245e-05,0.00039307,-56669,2813.4
-1.6123e-05,0.00038952,-60177,2777
-1.7073e-05,0.00038622,-63951,2742.8
-1.8236e-05,0.00038279,-68523,2707.8
-1.9326e-05,0.00037933,-72790,2674.6
-2.0307e-05,0.00037512,-76609,2638.2
-2.1212e-05,0.00037066,-80125,2601.2
-2.2435e-05,0.00036652,-84838,2566.6
-2.3345e-05,0.00036162,-88337,2528.8
-2.4545e-05,0.00035749,-92929,2496.6
-2.5353e-05,0.00035264,-96017,2460.7
-2.6664e-05,0.00034851,-1.0101e+05,2429.9
-2.7688e-05,0.00034389,-1.0491e+05,2396
-2.8946e-05,0.00033953,-1.097e+05,2363.8
-2.9955e-05,0.0003347,-1.1355e+05,2328.5
-3.1124e-05,0.00033009,-1.18e+05,2294.6
-3.219e-05,0.00032525,-1.2206e+05,2259.2
-3.3361e-05,0.00032044,-1.2652e+05,2223.9
-3.4483e-05,0.00031547,-1.3079e+05,2187.5
-3.5605e-05,0.00031058,-1.3507e+05,2151.7
-3.6744e-05,0.00030567,-1.3941e+05,2115.8
-3.8045e-05,0.00030098,-1.4436e+05,2081.1
-3.9221e-05,0.00029605,-1.4884e+05,2044.9
-4.0397e-05,0.00029121,-1.5332e+05,2009.4
-4.1605e-05,0.0002864,-1.5792e+05,1974.1
-4.2684e-05,0.00028147,-1.6203e+05,1938
-4.3961e-05,0.00027674,-1.6689e+05,1903.1
-4.5083e-05,0.00027178,-1.7116e+05,1866.8
-4.6172e-05,0.00026683,-1.7532e+05,1830.6
-4.7324e-05,0.00026197,-1.797e+05,1795
-4.8396e-05,0.000257,-1.8379e+05,1758.6
-4.9754e-05,0.00025234,-1.8896e+05,1724.1
-5.0946e-05,0.00024756,-1.935e+05,1689
-5.2014e-05,0.00024256,-1.9756e+05,1652.5
-5.3344e-05,0.0002379,-2.0263e+05,1618
-5.4275e-05,0.00023272,-2.0618e+05,1580.4
-5.5484e-05,0.00022788,-2.1078e+05,1544.8
-5.6583e-05,0.00022293,-2.1497e+05,1508.6
-5.7687e-05,0.000218,-2.1918e+05,1472.5
-5.8775e-05,0.00021302,-2.2332e+05,1436
-5.9948e-05,0.00020815,-2.2779e+05,1400.3
-6.1089e-05,0.00020324,-2.3214e+05,1364.3
-6.2179e-05,0.0001983,-2.3629e+05,1328.2
-6.3132e-05,0.00019322,-2.3992e+05,1291.2
-6.424e-05,0.0001882,-2.4414e+05,1254.5
-6.5391e-05,0.00018329,-2.4852e+05,1218.4
-6.6375e-05,0.0001782,-2.5227e+05,1181.4
-6.7328e-05,0.00017309,-2.5591e+05,1144.2
-6.8293e-05,0.00016793,-2.5959e+05,1106.6
-6.9396e-05,0.000163,-2.6379e+05,1070.5
-7.0353e-05,0.00015785,-2.6743e+05,1033
-7.1233e-05,0.00015265,-2.7079e+05,995.3
-7.2073e-05,0.00014733,-2.7399e+05,956.75
-7.3098e-05,0.00014228,-2.7789e+05,919.92
-7.3829e-05,0.00013686,-2.8068e+05,880.75
-7.4772e-05,0.00013177,-2.8428e+05,843.72
-7.5347e-05,0.0001261,-2.8647e+05,803.01
-7.6465e-05,0.00012115,-2.9073e+05,766.75
-7.7117e-05,0.00011506,-2.9322e+05,722.98
-7.8883e-05,0.00010597,-2.9994e+05,656.76
-7.9676e-05,9.5662e-05,-3.0298e+05,583.02
-8.1127e-05,8.5977e-05,-3.0851e+05,512.93
-8.1863e-05,7.5337e-05,-3.1132e+05,436.92
-8.3039e-05,6.5439e-05,-3.1581e+05,365.65
-8.3732e-05,5.4668e-05,-3.1846e+05,288.77
-8.5219e-05,4.5099e-05,-3.2413e+05,219.45
-8.6322e-05,2.7112e-05,-3.2834e+05,91.127
-8.6998e-05,-0.00011273,-3.3108e+05,-897.38
-8.6014e-05,-0.00086858,-3.2822e+05,-6235
3.6124e-05,-0.004122,-28611,-19519
