0.00038157,-0.015507,-3.2213e+05,-31695
-6.0073e-05,-0.0036994,-2.5785e+05,-24274
-6.4309e-05,-0.0014617,-2.4106e+05,-10744
-6.1324e-05,-0.00011587,-2.334e+05,-889.62
-6.0528e-05,0.00057289,-2.2958e+05,3975.5
-5.7171e-05,0.00098193,-2.1622e+05,6879.3
-5.5234e-05,0.0010541,-2.0774e+05,7460.3
-5.1008e-05,0.0010408,-1.911e+05,7409.3
-4.8968e-05,0.00091928,-1.8421e+05,6503.7
-4.5276e-05,0.00078349,-1.7084e+05,5513.6
-4.3521e-05,0.00067963,-1.6464e+05,4757
-4.0338e-05,0.00057533,-1.5276e+05,4016.1
-3.8373e-05,0.00047219,-1.4541e+05,3289.7
-3.4497e-05,0.0003724,-1.3078e+05,2589.5
-3.2823e-05,0.00027515,-1.2452e+05,1904.7
-2.8586e-05,0.00017852,-1.0852e+05,1227.3
-2.6886e-05,0.00012482,-1.0212e+05,850.1
-2.3104e-05,8.7158e-05,-87774,588.54
-2.1496e-05,4.6932e-05,-81705,306.38
-1.7721e-05,2.485e-05,-67369,154.85
-1.7111e-05,1.9001e-05,-65056,114.26
-1.2856e-05,4.1042e-06,-48891,14.028
-1.2351e-05,-8.8746e-06,-46984,-77.02
-8.6366e-06,-6.1341e-07,-32848,-14.373
-8.4984e-06,4.0397e-06,-32317,18.638
-5.457e-06,2.5306e-05,-20725,172.32
-5.4716e-06,4.2247e-05,-20761,291.9
-2.0422e-06,6.7353e-05,-9073.3,390.45
-1.4697e-06,6.3482e-05,-7269.4,346.04
1.0216e-06,8.948e-05,-2066.6,362.05
-3.589e-07,0.00011294,-781.71,833.91
4.0781e-07,0.00013185,2782.9,990.87
1.5185e-06,0.00018726,8226.2,1446.1
2.7868e-06,0.00023435,14703,1855.7
3.6392e-06,0.00028388,19992,2304.4
3.1324e-06,0.00034089,19441,2777.1
2.8554e-06,0.00042562,20368,3472.4
5.0588e-06,0.00049445,31864,4106.9
4.8059e-06,0.00054085,32079,4492.2
6.5285e-06,0.00057732,40808,4845.9
6.8076e-06,0.00058273,42227,4898.8
7.4813e-06,0.00060478,45846,5100.2
8.0509e-06,0.00062335,48901,5268.6
8.3363e-06,0.00064321,50678,5439
9.0911e-06,0.00065978,54484,5592.7
8.9246e-06,0.00067118,53991,5681.3
9.7995e-06,0.00067867,58099,5762.1
9.3113e-06,0.00068718,56089,5819.7
1.033e-05,0.00068964,60714,5862.2
9.8048e-06,0.00069636,58500,5904.6
1.0657e-05,0.00069263,62235,5893.4
1.0074e-05,0.00068308,59411,5803.9
1.049e-05,0.00066531,60876,5670.2
1.0052e-05,0.00065178,58601,5550.8
1.0022e-05,0.00062141,57758,5303
9.4165e-06,0.00058702,54190,5005.9
9.0152e-06,0.00053816,51120,4591.1
8.2883e-06,0.00050465,46947,4292.5
7.6985e-06,0.00045691,42984,3875.8
6.743e-06,0.00041118,37472,3466
6.0114e-06,0.00035506,32768,2978
4.7648e-06,0.00030666,26138,2548.4
3.8948e-06,0.00025019,21005,2062.2
2.3592e-06,0.00020366,13363,1649.5
1.3175e-06,0.00015155,7840.3,1206.5
-5.6543e-07,0.00011153,-758.62,855.13
-1.7069e-06,7.0208e-05,-6037.2,515.79
-3.9967e-06,4.1716e-05,-15152,289.88
-5.1086e-06,1.4258e-05,-19413,94.726
-7.7987e-06,1.8492e-06,-29658,3.9891
-8.9972e-06,-4.8917e-06,-34225,-44.997
-1.1772e-05,-1.0646e-05,-44787,-88.854
-1.2957e-05,-1.5303e-05,-49298,-123.11
-1.5811e-05,-1.832e-05,-60157,-147.73
-1.7009e-05,-2.9946e-05,-64725,-231.21
-1.9803e-05,-3.8259e-05,-75364,-293.16
-2.1188e-05,-4.8658e-05,-80643,-368.19
-2.408e-05,-5.2008e-05,-91648,-395.22
-2.5256e-05,-6.3638e-05,-96133,-478.71
-2.8228e-05,-7.6824e-05,-1.0745e+05,-575.27
-2.9471e-05,-9.4164e-05,-1.122e+05,-699.16
-3.2332e-05,-0.00010465,-1.231e+05,-776.56
-3.3582e-05,-0.00012903,-1.2788e+05,-950.17
-3.6413e-05,-0.00014429,-1.3867e+05,-1061.2
-3.764e-05,-0.00016154,-1.4336e+05,-1184.4
-4.0401e-05,-0.00018282,-1.5388e+05,-1337.9
-4.159e-05,-0.00020696,-1.5844e+05,-1509.8
-4.4215e-05,-0.00022071,-1.6843e+05,-1610
-4.5424e-05,-0.00025025,-1.7307e+05,-1820
-4.8022e-05,-0.00026068,-1.8296e+05,-1896.7
-4.9105e-05,-0.00027531,-1.871e+05,-2001.3
-5.1626e-05,-0.00028976,-1.9671e+05,-2106.3
-5.2687e-05,-0.00030815,-2.0077e+05,-2237.4
-5.5029e-05,-0.00030633,-2.0968e+05,-2227.3
-5.6056e-05,-0.00032763,-2.1361e+05,-2378.9
-5.8179e-05,-0.00032643,-2.2168e+05,-2372.9
-5.9148e-05,-0.00034385,-2.2539e+05,-2497.1
-6.1093e-05,-0.00034247,-2.3279e+05,-2489.6
-6.2015e-05,-0.00035842,-2.3631e+05,-2603.3
-6.3808e-05,-0.0003432,-2.4312e+05,-2498
-6.463e-05,-0.00032719,-2.4622e+05,-2385.9
-6.6192e-05,-0.00030495,-2.5214e+05,-2230.7
-6.6958e-05,-0.00031912,-2.5507e+05,-2331.6
-6.8322e-05,-0.00029535,-2.6023e+05,-2165.3
-6.9008e-05,-0.00030206,-2.6285e+05,-2213.6
-7.0196e-05,-0.00028018,-2.6735e+05,-2060.4
-7.0742e-05,-0.00027668,-2.6942e+05,-2036.4
-7.172e-05,-0.00026407,-2.7313e+05,-1948.4
-7.2187e-05,-0.00026018,-2.749e+05,-1921.5
-7.2923e-05,-0.000249,-2.7768e+05,-1843.4
-7.3283e-05,-0.00025454,-2.7906e+05,-1883
-7.3846e-05,-0.00023424,-2.8118e+05,-1740.2
-7.408e-05,-0.00022733,-2.8206e+05,-1691.7
-7.4438e-05,-0.00021325,-2.8341e+05,-1592.7
-7.4584e-05,-0.00022412,-2.8397e+05,-1669.6
-7.478e-05,-0.0002033,-2.8469e+05,-1522.8
-7.4815e-05,-0.0002041,-2.8483e+05,-1528.5
-7.4768e-05,-0.00019982,-2.8465e+05,-1498.2
-7.4673e-05,-0.00022997,-2.8432e+05,-1711
-7.4485e-05,-0.0001961,-2.8356e+05,-1471.6
-7.4343e-05,-0.00021895,-2.8305e+05,-1632.8
-7.3939e-05,-0.00019363,-2.8149e+05,-1453.5
-7.3682e-05,-0.0002105,-2.8053e+05,-1572.4
-7.3039e-05,-0.00021535,-2.7808e+05,-1605.8
-7.2745e-05,-0.00021507,-2.7697e+05,-1603.5
-7.194e-05,-0.00019203,-2.7388e+05,-1439.8
-7.1552e-05,-0.00021467,-2.7243e+05,-1599.3
-7.0551e-05,-0.00018647,-2.6859e+05,-1399
-7.0104e-05,-0.00019123,-2.6689e+05,-1432.1
-6.8909e-05,-0.00018699,-2.6234e+05,-1400.7
-6.8352e-05,-0.00019598,-2.6023e+05,-1463.6
-6.7065e-05,-0.00018378,-2.5532e+05,-1375.9
-6.6472e-05,-0.00019161,-2.5307e+05,-1430.5
-6.514e-05,-0.00017976,-2.4799e+05,-1345.3
-6.4596e-05,-0.00015919,-2.459e+05,-1199.4
-6.3337e-05,-0.00016515,-2.4112e+05,-1240
-6.2774e-05,-0.00014428,-2.3895e+05,-1091.9
-6.1431e-05,-0.00014898,-2.3385e+05,-1123.5
-6.069e-05,-0.00014465,-2.3102e+05,-1092.1
-5.9112e-05,-0.00012699,-2.25e+05,-965.53
-5.8236e-05,-0.00014394,-2.2168e+05,-1084.2
-5.6368e-05,-0.00013419,-2.1457e+05,-1013.2
-5.5444e-05,-0.00013197,-2.1105e+05,-996.41
-5.3418e-05,-0.00012744,-2.0334e+05,-962.1
-5.2404e-05,-0.00015079,-1.9951e+05,-1125.8
-5.0344e-05,-0.00014074,-1.9166e+05,-1052.4
-4.9246e-05,-0.00017834,-1.8752e+05,-1316.6
-4.7045e-05,-0.00018119,-1.7916e+05,-1334.2
-4.5918e-05,-0.00021451,-1.7491e+05,-1568.2
-4.3531e-05,-0.00024955,-1.6587e+05,-1812.8
-4.2284e-05,-0.00029806,-1.6118e+05,-2153.9
-3.9931e-05,-0.00033725,-1.5227e+05,-2427.9
-3.8761e-05,-0.00040026,-1.479e+05,-2871.5
-3.7254e-05,-0.00043691,-1.4221e+05,-3128.5
-3.546e-05,-0.00044018,-1.3539e+05,-3149.5
-3.4529e-05,-0.00041475,-1.3182e+05,-2968.8
-3.2562e-05,-0.00038804,-1.243e+05,-2777.9
-3.1646e-05,-0.0003562,-1.2078e+05,-2552
-2.9356e-05,-0.00032595,-1.1204e+05,-2335.7
-2.7449e-05,-0.00029308,-1.0474e+05,-2101.4
-2.6195e-05,-0.00025811,-99934,-1853
-2.3173e-05,-0.00021493,-88387,-1544.5
-2.1969e-05,-0.0001686,-83753,-1216
-1.8331e-05,-0.00011724,-69857,-849.1
-1.6262e-05,-5.5499e-05,-61914,-410.74
-1.3447e-05,3.6499e-05,-51101,242.11
-9.4846e-06,0.0001574,-35791,1107.3
-6.7329e-06,0.00028529,-22844,2151.7
7.6862e-07,0.00035361,10332,2871.9
2.8342e-06,0.00058294,24336,4790.9
3.3136e-06,0.00046022,22944,3766.3
3.345e-06,0.00044606,22731,3647.2
2.8228e-06,0.00043398,20062,3529.8
1.9405e-06,0.00042793,15992,3453.8
1.3991e-06,0.00042035,13399,3374.7
2.9241e-07,0.0004153,8411,3302
-4.0562e-07,0.00040846,5194,3225.8
-1.7243e-06,0.00040392,-628.73,3153.7
-2.6129e-06,0.00039772,-4590.4,3080
-4.0539e-06,0.00039348,-10829,3010.5
-4.9652e-06,0.00038774,-14829,2941.2
-5.6828e-06,0.00038488,-17877,2903.6
-6.5329e-06,0.00038234,-21474,2865.4
-7.3013e-06,0.00037969,-24711,2828.8
-8.168e-06,0.00037719,-28336,2792.2
-8.8923e-06,0.00037451,-31353,2757.9
-9.779e-06,0.00037184,-35014,2721.8
-1.0536e-05,0.00036881,-38130,2685.9
-1.1353e-05,0.00036594,-41472,2651.4
-1.2298e-05,0.00036339,-45290,2619
-1.3242e-05,0.00036052,-49087,2585.3
-1.4136e-05,0.00035755,-52660,2553
-1.5085e-05,0.0003546,-56427,2521.4
-1.5974e-05,0.00035118,-59938,2488.2
-1.6837e-05,0.00034774,-63331,2456.1
-1.7762e-05,0.00034403,-66941,2423.2
-1.8674e-05,0.00034011,-70488,2389.6
-1.9754e-05,0.00033624,-74656,2357.1
-2.0671e-05,0.0003318,-78187,2322.2
-2.1657e-05,0.00032787,-81968,2291.5
-2.2613e-05,0.00032379,-85624,2260.4
-2.3685e-05,0.00031986,-89714,2230.9
-2.4619e-05,0.00031564,-93273,2200.1
-2.5706e-05,0.0003116,-97413,2170.3
-2.6592e-05,0.00030714,-1.0079e+05,2137.8
-2.7674e-05,0.00030296,-1.0491e+05,2107.1
-2.8753e-05,0.00029872,-1.0902e+05,2075.8
-2.9853e-05,0.00029442,-1.1321e+05,2044.2
-3.0908e-05,0.00028992,-1.1722e+05,2011.2
-3.1875e-05,0.0002853,-1.2091e+05,1977.5
-3.3052e-05,0.00028093,-1.2539e+05,1945.3
-3.4045e-05,0.00027635,-1.2917e+05,1911.8
-3.5128e-05,0.0002718,-1.333e+05,1878.4
-3.61e-05,0.0002672,-1.37e+05,1844.8
-3.7278e-05,0.00026285,-1.4149e+05,1812.7
-3.8238e-05,0.00025825,-1.4514e+05,1779.2
-3.9443e-05,0.00025392,-1.4973e+05,1747.2
-4.0385e-05,0.00024924,-1.5332e+05,1713.1
-4.143e-05,0.00024472,-1.573e+05,1679.9
-4.2467e-05,0.00024022,-1.6125e+05,1646.9
-4.3456e-05,0.00023563,-1.6502e+05,1613.4
-4.4648e-05,0.00023126,-1.6956e+05,1581.2
-4.5764e-05,0.00022688,-1.7381e+05,1548.9
-4.6704e-05,0.00022221,-1.7739e+05,1514.9
-4.7937e-05,0.00021792,-1.8208e+05,1483.1
-4.8799e-05,0.00021315,-1.8537e+05,1448.5
-4.9895e-05,0.00020866,-1.8954e+05,1415.5
-5.0926e-05,0.00020411,-1.9347e+05,1382.2
-5.1929e-05,0.00019955,-1.9729e+05,1348.8
-5.2915e-05,0.00019494,-2.0105e+05,1315.1
-5.4035e-05,0.00019049,-2.0531e+05,1282.4
-5.5052e-05,0.00018591,-2.0919e+05,1248.9
-5.6067e-05,0.00018137,-2.1306e+05,1215.7
-5.6974e-05,0.00017672,-2.1651e+05,1181.8
-5.8026e-05,0.00017213,-2.2052e+05,1148.2
-5.9043e-05,0.00016754,-2.2439e+05,1114.6
-6.0012e-05,0.00016292,-2.2808e+05,1080.8
-6.0839e-05,0.00015815,-2.3124e+05,1046.1
-6.1711e-05,0.00015336,-2.3456e+05,1011.3
-6.279e-05,0.00014889,-2.3867e+05,978.52
-6.3656e-05,0.00014411,-2.4197e+05,943.77
-6.4481e-05,0.00013934,-2.4511e+05,909.09
-6.5274e-05,0.00013445,-2.4814e+05,873.68
-6.6207e-05,0.00012978,-2.5169e+05,839.6
-6.6866e-05,0.00012476,-2.5421e+05,803.35
-6.784e-05,0.00012019,-2.5792e+05,769.98
-6.8358e-05,0.00011495,-2.5989e+05,732.33
-6.9408e-05,0.0001104,-2.6389e+05,698.99
-7.0047e-05,0.00010482,-2.6633e+05,658.87
-7.172e-05,9.6498e-05,-2.7270e+05,598.14
-7.2496e-05,8.7041e-05,-2.7567e+05,530.45
-7.3912e-05,7.8185e-05,-2.8106e+05,466.26
-7.4631e-05,6.8398e-05,-2.8381e+05,396.31
-7.5816e-05,5.9385e-05,-2.8833e+05,331.27
-7.649e-05,4.9465e-05,-2.9091e+05,260.43
-7.7983e-05,4.0776e-05,-2.966e+05,197.32
-7.9071e-05,2.1947e-05,-3.0076e+05,63.072
-7.9642e-05,-0.00012929,-3.0311e+05,-1005.8
-7.8852e-05,-0.00086482,-3.0097e+05,-6199.8
2.8108e-05,-0.0037803,-21544,-19052
