-1.5361e-05,-0.0031357,-93598,-19746
-2.6043e-05,-0.0016823,-83268,-12844
-2.4431e-05,-0.00082616,-88500,-6198.4
-2.3276e-05,-0.00021574,-88781,-1550.3
-2.3033e-05,0.00011978,-87468,818.95
-2.1104e-05,0.00033485,-79849,2342
-2.0023e-05,0.00038965,-75456,2745.1
-1.8144e-05,0.00039164,-68120,2773.5
-1.7238e-05,0.00034848,-64905,2457.8
-1.5782e-05,0.0002997,-59542,2106.9
-1.4793e-05,0.00025146,-55932,1761.1
-1.3473e-05,0.00020321,-51001,1419.6
-1.1961e-05,0.00015498,-45313,1080.3
-1.1052e-05,0.0001127,-41904,782.87
-1.0132e-05,7.1546e-05,-38452,493.36
-8.3941e-06,3.9719e-05,-31879,270.67
-7.6064e-06,2.0885e-05,-28905,138.61
-6.1329e-06,1.0227e-05,-23313,65.079
-5.2663e-06,4.1214e-06,-20024,22.976
-4.2958e-06,1.3576e-06,-16336,4.5906
-3.5164e-06,7.5453e-06,-13365,49.183
-2.0312e-06,8.5335e-06,-7715.4,57.886
-1.5445e-06,1.0117e-05,-5862.4,69.631
-5.9987e-07,1.1882e-05,-2260.8,83.641
-5.3204e-08,1.2825e-05,-124.47,93.778
8.3092e-07,1.2479e-05,3418.1,96.822
1.4047e-06,1.3461e-05,5773.8,106.59
1.7719e-06,1.2496e-05,7295,100.74
2.5451e-06,1.5198e-05,10500,124.91
3.6418e-06,1.0266e-05,15047,92.105
4.1608e-06,1.2447e-05,17242,112.66
4.832e-06,7.1469e-06,20086,73.682
5.5587e-06,9.3898e-06,23270,94.657
6.1966e-06,1.2762e-05,26106,123.02
6.7932e-06,1.5727e-05,28812,147.88
7.4561e-06,1.9347e-05,31802,177.31
7.9459e-06,4.1467e-05,34033,361.55
8.1726e-06,6.1429e-05,35185,529.87
8.8337e-06,7.7368e-05,38407,672.91
9.1188e-06,9.5572e-05,39988,831.13
9.3639e-06,0.0001191,41523,1035.6
9.2993e-06,0.00014129,41604,1225.4
9.7915e-06,0.00015982,44263,1393.1
9.6584e-06,0.0001812,44103,1572.7
1.0289e-05,0.00020041,47473,1751.2
9.7736e-06,0.00021499,45439,1863.1
1.0399e-05,0.00022719,48643,1982.7
9.8315e-06,0.00024035,46358,2080.4
1.0464e-05,0.00025108,49564,2188.4
9.9046e-06,0.00026615,47379,2302.3
1.0349e-05,0.00027533,49682,2392.6
9.9609e-06,0.00028315,48098,2448.9
1.0064e-05,0.00028764,48695,2490.1
9.8239e-06,0.00029666,47831,2560.5
9.7495e-06,0.00029411,47416,2536.7
9.4808e-06,0.00028881,46032,2484.1
9.31e-06,0.00027311,44818,2345.7
8.975e-06,0.00027257,43258,2332.2
8.7291e-06,0.00025968,41782,2216.1
8.3434e-06,0.00024888,39730,2114.4
8.0513e-06,0.00022889,37880,1937.8
7.6149e-06,0.00021509,35548,1810.9
7.2724e-06,0.00019199,33438,1609
6.7781e-06,0.00017547,30833,1460.2
6.3646e-06,0.00015087,28450,1247.8
5.7799e-06,0.00013115,25466,1074.5
5.3239e-06,0.00010542,23000,857.56
4.7005e-06,8.1673e-05,19927,657.35
4.2209e-06,5.5713e-05,17549,444.96
3.4413e-06,3.8997e-05,14157,310.05
2.861e-06,1.8118e-05,11653,147.77
1.9567e-06,6.8197e-06,7763.4,66.979
1.3814e-06,-5.6325e-06,5376.9,-28.724
3.2235e-07,-1.0787e-05,1062.1,-65.832
-2.9589e-07,-1.6866e-05,-1343.7,-108.25
-1.4698e-06,-1.7205e-05,-5609.9,-123.18
-2.161e-06,-1.7852e-05,-8239.4,-128.55
-3.3989e-06,-1.6155e-05,-12946,-118
-3.9911e-06,-1.2164e-05,-15193,-90.522
-5.3442e-06,-1.1143e-05,-20338,-84.888
-5.9534e-06,-9.1949e-06,-22653,-71.839
-7.262e-06,-1.0024e-05,-27631,-79.213
-7.8726e-06,-1.2312e-05,-29956,-96.08
-9.1757e-06,-1.7492e-05,-34918,-134.16
-9.7722e-06,-2.0402e-05,-37191,-155.41
-1.1057e-05,-3.0063e-05,-42089,-225.11
-1.1617e-05,-3.8327e-05,-44228,-284.11
-1.2857e-05,-4.941e-05,-48957,-363.81
-1.3412e-05,-5.9796e-05,-51080,-437.78
-1.4661e-05,-6.783e-05,-55840,-495.96
-1.5167e-05,-7.261e-05,-57771,-530.3
-1.64e-05,-8.1499e-05,-62469,-594.5
-1.6907e-05,-8.9381e-05,-64407,-650.74
-1.8052e-05,-9.4044e-05,-68770,-685
-1.8567e-05,-0.00010339,-70739,-751.58
-1.9607e-05,-0.00010979,-74701,-798
-2.0102e-05,-0.00011888,-76593,-862.74
-2.1084e-05,-0.000126,-80340,-914.17
-2.1572e-05,-0.0001353,-82204,-980.42
-2.2504e-05,-0.00013807,-85754,-1001.1
-2.2954e-05,-0.00013916,-87467,-1009.3
-2.3782e-05,-0.00014111,-90619,-1024
-2.4203e-05,-0.000153,-92235,-1108.5
-2.4928e-05,-0.00015274,-94990,-1107.5
-2.5318e-05,-0.00015952,-96482,-1155.8
-2.598e-05,-0.0001577,-98998,-1143.7
-2.6309e-05,-0.00015804,-1.0025e+05,-1146.5
-2.689e-05,-0.0001563,-1.0246e+05,-1134.9
-2.7193e-05,-0.00015439,-1.0361e+05,-1121.8
-2.7657e-05,-0.00015078,-1.0537e+05,-1096.8
-2.7922e-05,-0.00015018,-1.0638e+05,-1092.9
-2.8305e-05,-0.00014026,-1.0782e+05,-1023.3
-2.8511e-05,-0.00013275,-1.086e+05,-970.51
-2.8817e-05,-0.00012224,-1.0975e+05,-896.67
-2.8956e-05,-0.00012095,-1.1028e+05,-887.68
-2.9182e-05,-0.00010737,-1.1112e+05,-792.05
-2.9265e-05,-0.0001027,-1.1143e+05,-759.19
-2.937e-05,-9.6302e-05,-1.1182e+05,-714.14
-2.9397e-05,-0.0001042,-1.1193e+05,-769.94
-2.9426e-05,-8.7e-05,-1.1202e+05,-648.53
-2.9407e-05,-9.3024e-05,-1.1196e+05,-691.04
-2.9347e-05,-8.0872e-05,-1.1171e+05,-605.16
-2.9283e-05,-8.6523e-05,-1.1148e+05,-644.99
-2.9128e-05,-8.7891e-05,-1.1089e+05,-654.47
-2.9059e-05,-8.7874e-05,-1.1063e+05,-654.27
-2.8837e-05,-7.8737e-05,-1.0977e+05,-589.49
-2.8722e-05,-8.8284e-05,-1.0935e+05,-656.77
-2.8414e-05,-7.7688e-05,-1.0816e+05,-581.59
-2.8265e-05,-8.0471e-05,-1.076e+05,-601.07
-2.7866e-05,-7.9931e-05,-1.0608e+05,-596.79
-2.7676e-05,-8.4693e-05,-1.0536e+05,-630.2
-2.724e-05,-8.0796e-05,-1.037e+05,-602.17
-2.7007e-05,-8.4937e-05,-1.0282e+05,-631.14
-2.6549e-05,-8.1132e-05,-1.0107e+05,-603.73
-2.6339e-05,-7.3831e-05,-1.0026e+05,-551.94
-2.5885e-05,-7.7144e-05,-98543,-574.8
-2.5669e-05,-6.933e-05,-97711,-519.38
-2.5173e-05,-7.1876e-05,-95830,-536.78
-2.4885e-05,-7.0422e-05,-94732,-526.18
-2.4295e-05,-6.3216e-05,-92479,-474.61
-2.3944e-05,-6.9925e-05,-91151,-521.57
-2.3217e-05,-6.5217e-05,-88380,-487.48
-2.2851e-05,-6.2954e-05,-86988,-471.08
-2.204e-05,-5.9441e-05,-83896,-445.32
-2.1639e-05,-6.7031e-05,-82379,-498.45
-2.0782e-05,-6.0918e-05,-79114,-454.29
-2.0315e-05,-7.4255e-05,-77352,-547.91
-1.9422e-05,-7.3304e-05,-73954,-540.16
-1.8951e-05,-8.5837e-05,-72179,-628.11
-1.7981e-05,-9.9399e-05,-68504,-722.73
-1.7477e-05,-0.00011897,-66612,-860.35
-1.6507e-05,-0.00013423,-62940,-966.95
-1.5961e-05,-0.00015955,-60894,-1145.1
-1.5265e-05,-0.00017564,-58263,-1257.8
-1.4644e-05,-0.00018154,-55908,-1298.8
-1.3838e-05,-0.00017384,-52834,-1243.5
-1.3358e-05,-0.00016323,-50997,-1168
-1.2396e-05,-0.00014932,-47320,-1068.7
-1.1473e-05,-0.0001352,-43792,-967.91
-1.1006e-05,-0.00011849,-41996,-849.35
-1.0408e-05,-0.00010061,-39703,-722.46
-9.4161e-06,-7.2859e-05,-35897,-525.36
-9.0013e-06,-4.3473e-05,-34285,-317.4
-8.2768e-06,-6.4789e-06,-31487,-55.365
-6.8713e-06,3.8189e-05,-26089,261.64
-6.2221e-06,0.000115,-23503,806.67
-4.0686e-06,0.00021567,-14043,1588.2
-3.9326e-06,0.00033055,-11442,2509.8
1.0597e-06,0.00037347,10724,2974.9
3.649e-06,0.000282,19580,2270.9
4e-06,0.00016777,18446,1336.8
4.0716e-06,0.00015919,18572,1268.8
3.9638e-06,0.00015137,17954,1203.1
3.9603e-06,0.00014785,17874,1174.6
3.8228e-06,0.00014455,17222,1145.3
3.6977e-06,0.00014157,16624,1118.9
3.519e-06,0.00013855,15813,1091.3
3.2374e-06,0.00013596,14559,1065.2
2.9889e-06,0.00013319,13467,1038.8
2.5762e-06,0.00013101,11689,1014.1
2.3045e-06,0.00012853,10484,988.67
2.0945e-06,0.00012729,9605.2,976.57
1.8762e-06,0.0001258,8683.2,961.45
1.6294e-06,0.0001248,7647.6,949.82
1.3601e-06,0.00012361,6514.8,936.3
1.1111e-06,0.00012275,5480,925.95
8.2385e-07,0.00012158,4286.5,912.77
5.8249e-07,0.00012039,3283.6,900.16
2.681e-07,0.00011941,1991.5,888.33
2.7908e-09,0.0001184,902.44,877.13
-3.2424e-07,0.00011729,-430.81,864.57
-6.1209e-07,0.00011624,-1600.7,853.14
-9.8223e-07,0.00011538,-3091.2,842.49
-1.2635e-06,0.00011409,-4224.4,829.84
-1.6126e-06,0.00011311,-5619.4,819.03
-1.9176e-06,0.00011174,-6836.6,805.99
-2.2761e-06,0.00011035,-8259.5,792.52
-2.5965e-06,0.0001088,-9526.5,778.62
-2.9536e-06,0.0001072,-10925,764.67
-3.2459e-06,0.00010584,-12070,752.87
-3.6739e-06,0.00010474,-13742,742.09
-4.0439e-06,0.00010347,-15180,730.96
-4.4037e-06,0.00010216,-16572,719.94
-4.8148e-06,0.00010092,-18155,709.52
-5.2259e-06,9.9586e-05,-19733,698.83
-5.4936e-06,9.7991e-05,-20762,686.7
-6.0177e-06,9.6754e-05,-22768,676.62
-6.3624e-06,9.529e-05,-24085,665.55
-6.7752e-06,9.3998e-05,-25659,655.79
-7.1578e-06,9.2406e-05,-27116,644.09
-7.6062e-06,9.1436e-05,-28822,636.72
-8.0094e-06,9.0242e-05,-30357,627.83
-8.4978e-06,8.954e-05,-32216,622.3
-8.8561e-06,8.8149e-05,-33580,612.06
-9.3849e-06,8.7013e-05,-35593,603.43
-9.7021e-06,8.5495e-05,-36801,592.34
-1.0224e-05,8.432e-05,-38789,583.45
-1.0592e-05,8.2861e-05,-40188,572.72
-1.1144e-05,8.171e-05,-42289,563.95
-1.1431e-05,8.0095e-05,-43381,552.22
-1.1953e-05,7.8861e-05,-45371,542.89
-1.2317e-05,7.7335e-05,-46756,531.7
-1.2816e-05,7.6011e-05,-48655,521.78
-1.3246e-05,7.4589e-05,-50294,511.24
-1.3754e-05,7.3249e-05,-52225,501.18
-1.4205e-05,7.1746e-05,-53943,490.05
-1.4718e-05,7.0345e-05,-55898,479.57
-1.5169e-05,6.8739e-05,-57614,467.7
-1.5652e-05,6.721e-05,-59454,456.35
-1.6085e-05,6.5582e-05,-61099,444.35
-1.6577e-05,6.4076e-05,-62976,433.14
-1.7063e-05,6.2552e-05,-64825,421.82
-1.7515e-05,6.103e-05,-66544,410.55
-1.7965e-05,5.9531e-05,-68259,399.44
-1.8453e-05,5.799e-05,-70117,388
-1.8923e-05,5.6436e-05,-71907,376.48
-1.9388e-05,5.4905e-05,-73678,365.13
-1.9789e-05,5.3314e-05,-75204,353.43
-2.0211e-05,5.1715e-05,-76810,341.65
-2.0707e-05,5.0242e-05,-78699,330.67
-2.1108e-05,4.8596e-05,-80228,318.58
-2.1605e-05,4.7126e-05,-82120,307.63
-2.2007e-05,4.5502e-05,-83650,295.69
-2.2437e-05,4.3918e-05,-85288,284.01
-2.2834e-05,4.227e-05,-86799,271.91
-2.3248e-05,4.0728e-05,-88374,260.55
-2.3595e-05,3.9008e-05,-89696,248
-2.4095e-05,3.7491e-05,-91599,236.71
-2.4495e-05,3.5653e-05,-93122,223.27
-2.5414e-05,3.3052e-05,-96622,203.83
-2.5929e-05,2.9914e-05,-98586,181.07
-2.6784e-05,2.7015e-05,-1.0184e+05,159.62
-2.7289e-05,2.3603e-05,-1.0376e+05,134.94
-2.8137e-05,2.0819e-05,-1.07e+05,114.29
-2.8666e-05,1.7357e-05,-1.0901e+05,89.23
-2.9926e-05,1.5021e-05,-1.1381e+05,71.275
-3.0402e-05,-2.727e-06,-1.1564e+05,-54.602
-3.0433e-05,-0.00016077,-1.1594e+05,-1170.6
-3.0637e-05,-0.00059732,-1.1667e+05,-4291.4
-2.2755e-05,-0.0014135,-71237,-10945
