4.206e-05,-0.0064491,-1.9661e+05,-26374
-3.9985e-05,-0.002583,-1.4862e+05,-18383
-4.0235e-05,-0.0011742,-1.4755e+05,-8772.9
-3.8624e-05,-0.00026038,-1.4721e+05,-1883.6
-3.8262e-05,0.00023619,-1.4526e+05,1623.4
-3.5519e-05,0.0005528,-1.3447e+05,3862.1
-3.4057e-05,0.0006316,-1.284e+05,4449.1
-3.0976e-05,0.00063612,-1.1627e+05,4510.9
-2.978e-05,0.00057094,-1.1216e+05,4028
-2.7236e-05,0.00049371,-1.0279e+05,3470.8
-2.5736e-05,0.00041638,-97353,2914
-2.4004e-05,0.00034026,-90900,2374.9
-2.1809e-05,0.00026379,-82643,1837.2
-2.024e-05,0.00019477,-76756,1351.7
-1.9223e-05,0.00012804,-72966,881.72
-1.655e-05,7.5147e-05,-62857,511.34
-1.5016e-05,4.8445e-05,-57054,324.59
-1.2831e-05,3.0301e-05,-48764,199.03
-1.1477e-05,1.7495e-05,-43632,110.18
-9.7596e-06,1.2428e-05,-37104,76.399
-8.6705e-06,2.1004e-05,-32952,138.22
-6.0682e-06,1.9632e-05,-23056,131.55
-5.1165e-06,1.3937e-05,-19443,92.449
-3.5443e-06,8.2502e-07,-13479,1.7046
-3.0994e-06,-1.4466e-05,-11805,-105.73
-1.2436e-06,-2.174e-05,-4830,-149.77
-9.5861e-07,-2.4837e-05,-3895.4,-162.15
5.3503e-07,-1.7464e-05,1979.9,-130.6
1.4056e-06,-4.493e-06,4104.5,-102.01
2.7573e-06,-3.4139e-06,8246.6,-163.51
2.9391e-06,-1.9038e-05,12165,-139.86
3.5707e-06,-2.7026e-05,14919,-205.74
5.205e-06,-2.7879e-05,21909,-210.55
6.101e-06,-1.4119e-05,25774,-96.727
6.5134e-06,1.2285e-05,27669,117.18
7.118e-06,3.9383e-05,30484,338.29
7.8106e-06,8.3508e-05,33967,711.54
8.3838e-06,0.00012502,37101,1070.9
9.0581e-06,0.00016302,40966,1404.4
9.5321e-06,0.0002025,44042,1750.4
9.8271e-06,0.00024688,46532,2135.5
9.9682e-06,0.0002869,48247,2480.9
1.0384e-05,0.00032152,51139,2788
1.028e-05,0.00035573,51619,3077.3
1.0899e-05,0.00038546,55332,3348.4
1.0325e-05,0.00040885,53337,3531.2
1.1081e-05,0.00042766,57367,3712.4
1.0289e-05,0.00044795,54283,3862
1.1088e-05,0.00046294,58387,4011.1
1.036e-05,0.00048399,55620,4168.4
1.094e-05,0.0004958,58613,4283.7
1.0384e-05,0.00050554,56323,4350.3
1.058e-05,0.00050887,57310,4383.6
1.0234e-05,0.00051625,55923,4436
1.0205e-05,0.00050848,55579,4370.2
9.8425e-06,0.00049647,53585,4259.2
9.675e-06,0.00047082,52097,4038.3
9.2457e-06,0.00045992,49818,3933.9
8.9777e-06,0.00043409,47849,3707.4
8.5145e-06,0.00040905,45006,3481.3
8.189e-06,0.00037282,42474,3163.6
7.6431e-06,0.00034228,39111,2888.2
7.2599e-06,0.00030081,36207,2525.3
6.6165e-06,0.00026575,32354,2211.6
6.1198e-06,0.00022121,28991,1825.3
5.3096e-06,0.00018168,24481,1478.6
4.6999e-06,0.00013499,20866,1085.2
3.7209e-06,9.0118e-05,16013,715
3.0708e-06,4.3306e-05,12677,351.18
1.8341e-06,7.6212e-06,7487.5,65.71
1.0496e-06,-3.077e-05,4202.2,-225.12
-4.0183e-07,-5.7692e-05,-1549.8,-408.51
-1.1922e-06,-8.3314e-05,-4528.9,-594.22
-2.819e-06,-9.8312e-05,-11122,-685.23
-3.6383e-06,-0.00010939,-14214,-765.56
-5.5335e-06,-9.986e-05,-21239,-706.69
-6.4708e-06,-8.8608e-05,-24714,-633.05
-8.4053e-06,-7.5238e-05,-32056,-540.97
-9.2383e-06,-6.3927e-05,-35210,-462.08
-1.1255e-05,-5.665e-05,-42871,-413.06
-1.2116e-05,-5.2e-05,-46142,-381.23
-1.4043e-05,-4.9024e-05,-53469,-362.46
-1.4905e-05,-5.2415e-05,-56749,-387.41
-1.6808e-05,-5.6732e-05,-63994,-420.1
-1.7651e-05,-6.1094e-05,-67206,-451.89
-1.952e-05,-7.2392e-05,-74326,-533.83
-2.0323e-05,-8.4352e-05,-77396,-619.22
-2.2117e-05,-9.5901e-05,-84233,-702.86
-2.2936e-05,-0.00011229,-87366,-819.54
-2.473e-05,-0.00012152,-94203,-886.82
-2.5472e-05,-0.00013037,-97032,-950.12
-2.7239e-05,-0.00014256,-1.0377e+05,-1038.3
-2.7971e-05,-0.00015552,-1.0657e+05,-1130.7
-2.9622e-05,-0.00016044,-1.1286e+05,-1167.3
-3.0355e-05,-0.00017583,-1.1566e+05,-1276.9
-3.1864e-05,-0.00018249,-1.2141e+05,-1325.7
-3.2562e-05,-0.00019741,-1.2408e+05,-1431.8
-3.3976e-05,-0.00020526,-1.2947e+05,-1488.9
-3.4652e-05,-0.00022087,-1.3206e+05,-1599.9
-3.5987e-05,-0.00022224,-1.3714e+05,-1611.1
-3.6614e-05,-0.00022262,-1.3952e+05,-1614.6
-3.7786e-05,-0.0002212,-1.4398e+05,-1605.9
-3.8364e-05,-0.0002361,-1.462e+05,-1711.8
-3.9393e-05,-0.00022859,-1.501e+05,-1660
-3.9928e-05,-0.00023349,-1.5214e+05,-1695.2
-4.0873e-05,-0.00022169,-1.5572e+05,-1613
-4.1334e-05,-0.00021716,-1.5747e+05,-1581.5
-4.216e-05,-0.00020856,-1.6060e+05,-1521.8
-4.2574e-05,-0.00020354,-1.6217e+05,-1486.8
-4.3237e-05,-0.00019499,-1.6468e+05,-1427.2
-4.3583e-05,-0.00019471,-1.66e+05,-1425.7
-4.4134e-05,-0.00017949,-1.6808e+05,-1318.8
-4.4395e-05,-0.00017127,-1.6906e+05,-1261.1
-4.4805e-05,-0.00015852,-1.7061e+05,-1171.5
-4.4977e-05,-0.00016042,-1.7126e+05,-1185.1
-4.5262e-05,-0.00014325,-1.7233e+05,-1064.2
-4.5356e-05,-0.00013988,-1.7268e+05,-1040.5
-4.5471e-05,-0.0001339,-1.7311e+05,-998.46
-4.5489e-05,-0.00015004,-1.732e+05,-1112.4
-4.5513e-05,-0.00012746,-1.7326e+05,-953.01
-4.549e-05,-0.00014051,-1.7319e+05,-1045.1
-4.538e-05,-0.00012461,-1.7276e+05,-932.72
-4.5285e-05,-0.00013514,-1.724e+05,-1007
-4.5021e-05,-0.00013835,-1.7141e+05,-1029.3
-4.4903e-05,-0.00013844,-1.7096e+05,-1029.8
-4.4529e-05,-0.00012436,-1.6952e+05,-929.98
-4.434e-05,-0.00013902,-1.6881e+05,-1033.2
-4.3838e-05,-0.00012256,-1.6689e+05,-916.47
-4.3602e-05,-0.00012682,-1.6599e+05,-946.27
-4.2975e-05,-0.00012574,-1.6361e+05,-937.86
-4.2668e-05,-0.0001327,-1.6245e+05,-986.71
-4.1971e-05,-0.0001262,-1.5979e+05,-939.93
-4.1618e-05,-0.00013198,-1.5845e+05,-980.38
-4.0873e-05,-0.00012534,-1.5561e+05,-932.6
-4.0545e-05,-0.00011327,-1.5435e+05,-847.02
-3.9823e-05,-0.00011773,-1.5161e+05,-877.62
-3.9482e-05,-0.00010506,-1.503e+05,-787.78
-3.8698e-05,-0.00010836,-1.4732e+05,-810.16
-3.8245e-05,-0.00010555,-1.4559e+05,-789.78
-3.7307e-05,-9.3931e-05,-1.4201e+05,-706.66
-3.6759e-05,-0.00010393,-1.3994e+05,-776.64
-3.5609e-05,-9.6717e-05,-1.3555e+05,-724.35
-3.5034e-05,-9.3873e-05,-1.3336e+05,-703.59
-3.3751e-05,-8.9526e-05,-1.2848e+05,-671.41
-3.3117e-05,-0.0001031,-1.2608e+05,-766.51
-3.1746e-05,-9.6477e-05,-1.2086e+05,-718.15
-3.1013e-05,-0.00012153,-1.181e+05,-894.19
-2.9572e-05,-0.0001256,-1.1262e+05,-921.25
-2.8806e-05,-0.00015245,-1.0974e+05,-1109.9
-2.7224e-05,-0.00018205,-1.0376e+05,-1317.1
-2.6386e-05,-0.00022191,-1.0062e+05,-1597.6
-2.4785e-05,-0.00025535,-94569,-1831.8
-2.3987e-05,-0.00030156,-91585,-2157.2
-2.2732e-05,-0.00032849,-86867,-2344.3
-2.1847e-05,-0.00031811,-83495,-2269.4
-2.0655e-05,-0.0002851,-78905,-2036
-1.9706e-05,-0.0002493,-75241,-1783.2
-1.9014e-05,-0.00020938,-72564,-1500.5
-1.744e-05,-0.0001705,-66531,-1224.1
-1.6239e-05,-0.00012897,-61912,-929.51
-1.5205e-05,-8.5924e-05,-57929,-624.35
-1.3332e-05,-3.3532e-05,-50746,-252.25
-1.2663e-05,2.1251e-05,-48135,135.32
-1.0904e-05,8.27e-05,-41376,571.21
-9.6363e-06,0.00015322,-36516,1067.8
-8.8965e-06,0.000254,-33002,1817.7
-5.4963e-06,0.0003738,-17333,2818.4
-4.3916e-06,0.00050824,-9475.1,3961.1
4.9903e-07,0.00056419,13439,4567.3
3.5741e-06,0.00046474,24278,3812.2
4.4688e-06,0.00021452,21517,1730.4
4.4442e-06,0.0002057,21183,1657.4
4.127e-06,0.00019797,19643,1586.1
3.8337e-06,0.00019482,18311,1553.6
3.5581e-06,0.00019138,17049,1519.5
3.1628e-06,0.00018874,15291,1489.4
2.8366e-06,0.00018563,13838,1457.3
2.2886e-06,0.00018334,11455,1427.6
1.8504e-06,0.00018059,9558.3,1397
1.2215e-06,0.00017854,6874.9,1368.6
7.6846e-07,0.00017608,4916.8,1339.6
4.5495e-07,0.00017471,3611.7,1324.5
4.6128e-08,0.00017356,1909.4,1308.7
-3.0588e-07,0.00017247,444.72,1294.5
-7.6198e-07,0.00017152,-1440.8,1279.9
-1.1474e-06,0.0001707,-3023,1267.8
-1.6161e-06,0.0001697,-4939.9,1253.5
-1.9975e-06,0.00016855,-6497.1,1239.5
-2.4954e-06,0.0001677,-8510.7,1226.6
-2.8804e-06,0.00016666,-10067,1214
-3.3941e-06,0.00016568,-12126,1200.9
-3.763e-06,0.00016444,-13604,1187.6
-4.3178e-06,0.00016365,-15805,1176.4
-4.7324e-06,0.00016235,-17448,1163.1
-5.2664e-06,0.0001614,-19549,1151.8
-5.7152e-06,0.00015985,-21312,1137.1
-6.2723e-06,0.00015855,-23489,1123.9
-6.7404e-06,0.00015686,-25313,1108.8
-7.3065e-06,0.0001552,-27506,1094
-7.7629e-06,0.00015369,-29272,1081.1
-8.358e-06,0.00015245,-31566,1069.7
-8.9256e-06,0.0001509,-33746,1056.8
-9.4677e-06,0.00014936,-35823,1044.4
-1.0025e-05,0.00014793,-37951,1033.1
-1.0636e-05,0.0001468,-40283,1024.2
-1.1116e-05,0.00014516,-42109,1011.9
-1.1804e-05,0.00014391,-44728,1002.3
-1.2386e-05,0.00014271,-46941,993.21
-1.3057e-05,0.00014141,-49498,983.26
-1.3604e-05,0.00014007,-51580,973.12
-1.4404e-05,0.00013874,-54624,962.81
-1.4892e-05,0.00013736,-56479,952.55
-1.5709e-05,0.00013582,-59588,940.71
-1.6244e-05,0.00013418,-61628,928.52
-1.7004e-05,0.00013267,-64518,916.99
-1.7526e-05,0.00013107,-66507,905.07
-1.8349e-05,0.00012951,-69637,893.06
-1.8858e-05,0.00012778,-71574,880.32
-1.9634e-05,0.00012664,-74528,871.36
-2.0177e-05,0.0001249,-76596,858.47
-2.0907e-05,0.00012334,-79376,846.58
-2.1545e-05,0.00012167,-81802,834.03
-2.2397e-05,0.0001203,-85045,823.36
-2.2831e-05,0.00011835,-86699,809.07
-2.3639e-05,0.00011688,-89773,797.76
-2.4293e-05,0.00011522,-92262,785.31
-2.5077e-05,0.00011369,-95248,773.59
-2.5681e-05,0.00011195,-97545,760.63
-2.6448e-05,0.00011044,-1.0047e+05,749.04
-2.702e-05,0.00010869,-1.0265e+05,736.02
-2.7767e-05,0.00010712,-1.0549e+05,724.09
-2.8437e-05,0.00010545,-1.0804e+05,711.54
-2.9137e-05,0.00010386,-1.107e+05,699.5
-2.9726e-05,0.00010216,-1.1295e+05,686.83
-3.0444e-05,0.00010053,-1.1568e+05,674.46
-3.1119e-05,9.8857e-05,-1.1825e+05,661.86
-3.1775e-05,9.7189e-05,-1.2074e+05,649.32
-3.2342e-05,9.5431e-05,-1.229e+05,636.25
-3.2925e-05,9.3656e-05,-1.2512e+05,623.05
-3.3705e-05,9.216e-05,-1.2809e+05,611.57
-3.4255e-05,9.0326e-05,-1.3018e+05,597.99
-3.4958e-05,8.8738e-05,-1.3286e+05,585.96
-3.5472e-05,8.6878e-05,-1.3482e+05,572.23
-3.615e-05,8.5227e-05,-1.374e+05,559.79
-3.6642e-05,8.3327e-05,-1.3927e+05,545.8
-3.7306e-05,8.172e-05,-1.418e+05,533.68
-3.7732e-05,7.9725e-05,-1.4342e+05,519.1
-3.8481e-05,7.8143e-05,-1.4628e+05,507.06
-3.8996e-05,7.6044e-05,-1.4824e+05,491.64
-4.0298e-05,7.3247e-05,-1.5319e+05,470.38
-4.0957e-05,6.9624e-05,-1.5570e+05,444.03
-4.2161e-05,6.6489e-05,-1.6029e+05,420.5
-4.2798e-05,6.2578e-05,-1.6272e+05,392.14
-4.3958e-05,5.9511e-05,-1.6713e+05,369.13
-4.4598e-05,5.5524e-05,-1.6957e+05,340.24
-4.6224e-05,5.2973e-05,-1.7576e+05,320.34
-4.7005e-05,3.2804e-05,-1.7876e+05,177
-4.729e-05,-0.00015866,-1.8006e+05,-1175.4
-4.7224e-05,-0.0007667,-1.8026e+05,-5487.9
-1.1938e-05,-0.0021581,-38848,-15392
