-1.4228e-05,-0.00057682,-65628,-6715
-1.2197e-05,-0.00045543,-56514,-5275.6
-1.3056e-05,-0.00027698,-58669,-3243.2
-1.7401e-05,-0.00012956,-73622,-1739.4
-1.7996e-05,-3.8557e-05,-74199,-778.36
-1.6383e-05,-3.3819e-06,-66903,-369.41
-1.7087e-05,2.0462e-05,-69292,-128.77
-1.8124e-05,2.9194e-05,-73343,-56.474
-1.8329e-05,3.5538e-05,-74052,7.1933
-1.888e-05,3.619e-05,-76284,2.9592
-1.8964e-05,3.5584e-05,-76642,-5.2407
-1.9475e-05,3.2867e-05,-78781,-44.684
-1.9488e-05,2.7987e-05,-78934,-97.14
-2.0963e-05,1.6488e-05,-85185,-250.1
-1.8873e-05,-2.8221e-06,-77049,-414.07
-1.9958e-05,-2.2299e-05,-81872,-644.42
-2.0052e-05,-2.7927e-05,-82370,-706.52
-2.0286e-05,-2.6958e-05,-83307,-700.91
-2.0196e-05,-2.8335e-05,-82967,-713.81
-2.1952e-05,-2.2606e-05,-90016,-688.28
-1.9907e-05,-2.0587e-05,-81630,-625.08
-2.108e-05,-2.6205e-05,-86532,-709.02
-2.0929e-05,-2.601e-05,-85910,-703.86
-2.1484e-05,-2.1448e-05,-88081,-666.37
-2.1411e-05,-2.3457e-05,-87827,-686.37
-2.1654e-05,-2.0517e-05,-88755,-659.86
-2.1545e-05,-2.0021e-05,-88301,-652.34
-2.1707e-05,-1.65e-05,-88889,-617.98
-2.1381e-05,-2.145e-05,-87663,-664.3
-2.1707e-05,-2.3636e-05,-89038,-694.31
-2.1622e-05,-2.7051e-05,-88759,-729.09
-2.1609e-05,-2.3421e-05,-88631,-690.01
-2.1438e-05,-2.197e-05,-87903,-671.01
-2.1721e-05,-2.7326e-05,-89168,-734.05
-2.2185e-05,-2.1028e-05,-90934,-676.14
-2.0938e-05,-8.4621e-06,-85590,-516.39
-2.0878e-05,-2.2673e-05,-85632,-667.13
-2.1094e-05,-2.6387e-05,-86589,-711.24
-2.0722e-05,-2.1595e-05,-84976,-652.44
-2.0613e-05,-1.694e-05,-84435,-600.43
-2.0258e-05,-2.1622e-05,-83084,-643.29
-2.021e-05,-2.249e-05,-82907,-651.6
-1.9901e-05,-1.972e-05,-81588,-615.69
-1.9814e-05,-2.1328e-05,-81264,-631.1
-1.9594e-05,-2.3152e-05,-80404,-646.13
-1.9413e-05,-2.0094e-05,-79605,-609.75
-1.9246e-05,-1.8183e-05,-78882,-585.91
-1.8902e-05,-1.6649e-05,-77451,-562.53
-1.8831e-05,-1.7092e-05,-77169,-565.81
-1.8673e-05,-1.9548e-05,-76574,-588.86
-1.8305e-05,-1.9409e-05,-75072,-579.89
-1.8024e-05,-1.5239e-05,-73839,-529.59
-1.758e-05,-1.1926e-05,-71961,-485.13
-1.7543e-05,-1.8e-05,-71933,-549.32
-1.7058e-05,-1.168e-05,-69824,-471.86
-1.7104e-05,-3.8563e-06,-69853,-389.14
-1.605e-05,1.3319e-05,-65204,-184.04
-1.5873e-05,3.5683e-06,-64680,-284.71
-1.5417e-05,8.257e-06,-62727,-225.31
-1.5122e-05,5.561e-06,-61578,-248.13
-1.4609e-05,1.3304e-05,-59325,-154.9
-1.4388e-05,8.5084e-06,-58523,-201.68
-1.3891e-05,1.5111e-05,-56362,-120.97
-1.3704e-05,9.1755e-06,-55718,-180.63
-1.3153e-05,1.364e-05,-53381,-121.7
-1.2984e-05,9.298e-06,-52778,-164.68
-1.2542e-05,1.3733e-05,-50883,-108.25
-1.241e-05,1.6357e-05,-50294,-77.524
-1.2036e-05,2.4195e-05,-48608,13.899
-1.1677e-05,1.8564e-05,-47257,-39.011
-1.1325e-05,2.3962e-05,-45713,25.868
-1.1182e-05,1.9094e-05,-45227,-23.271
-1.0813e-05,2.1443e-05,-43674,9.3514
-1.0704e-05,2.0842e-05,-43240,5.1537
-1.0379e-05,2.8194e-05,-41768,90.363
-1.04e-05,4.1467e-05,-41583,231.86
-9.8233e-06,5.6011e-05,-38934,399.11
-9.9814e-06,4.0155e-05,-39902,226.34
-9.7899e-06,3.3076e-05,-39265,154.54
-9.5686e-06,2.5347e-05,-38519,76.406
-9.4048e-06,2.6137e-05,-37834,88.18
-9.4114e-06,1.902e-05,-38006,11.949
-9.3575e-06,1.7465e-05,-37818,-3.5888
-9.3503e-06,1.3019e-05,-37879,-50.985
-9.3915e-06,1.7376e-05,-37959,-5.2238
-9.3702e-06,1.8398e-05,-37851,6.135
-9.3752e-06,2.902e-05,-37655,119.62
-9.5827e-06,4.2664e-05,-38224,261.29
-9.6365e-06,5.8366e-05,-38124,428.09
-9.9553e-06,4.5514e-05,-39686,284.18
-1.0045e-05,4.0964e-05,-40145,233.71
-1.0097e-05,3.1241e-05,-40554,128.68
-1.0319e-05,3.0681e-05,-41471,118.17
-1.0339e-05,2.2919e-05,-41710,34.774
-1.0636e-05,2.1765e-05,-42948,16.378
-1.0824e-05,1.6884e-05,-43814,-39.637
-1.1157e-05,1.8818e-05,-45133,-25.725
-1.1371e-05,1.1736e-05,-46149,-105.8
-1.1671e-05,1.2376e-05,-47358,-105.06
-1.1894e-05,8.999e-06,-48339,-145.71
-1.2238e-05,1.6819e-05,-49584,-69.092
-1.245e-05,1.3559e-05,-50514,-108.26
-1.2758e-05,1.7948e-05,-51680,-67.588
-1.323e-05,2.2181e-05,-53519,-31.921
-1.3704e-05,2.5589e-05,-55384,-5.1205
-1.394e-05,1.3098e-05,-56600,-143.49
-1.4316e-05,1.2132e-05,-58155,-161.47
-1.4586e-05,2.9715e-06,-59443,-264.92
-1.5e-05,7.7175e-06,-61034,-222.58
-1.5325e-05,2.8634e-06,-62459,-281.1
-1.5767e-05,4.707e-06,-64226,-270.38
-1.6058e-05,-1.2455e-06,-65534,-339.95
-1.6487e-05,9.8607e-07,-67238,-324.81
-1.6759e-05,-5.5536e-06,-68483,-400.29
-1.7226e-05,-4.7875e-06,-70371,-401.59
-1.7451e-05,-9.9891e-06,-71394,-461.78
-1.7862e-05,-6.9741e-06,-73012,-437.92
-1.8138e-05,-1.2126e-05,-74239,-498.6
-1.8489e-05,-1.8304e-05,-75797,-571.81
-1.868e-05,-2.3263e-05,-76680,-628.73
-1.9007e-05,-2.7892e-05,-78108,-684.89
-1.9105e-05,-2.0985e-05,-78365,-613.01
-1.9358e-05,-2.1264e-05,-79403,-621.14
-1.9484e-05,-2.8143e-05,-80058,-697.27
-1.9827e-05,-2.4413e-05,-81384,-664.38
-1.9876e-05,-2.3187e-05,-81558,-652.26
-2.0404e-05,-2.3476e-05,-83716,-666.08
-1.9963e-05,-2.0544e-05,-81858,-625.75
-2.0459e-05,-1.1676e-05,-83703,-541.03
-2.063e-05,-1.4127e-05,-84448,-570.71
-2.0973e-05,-1.3289e-05,-85829,-568.71
-2.1006e-05,-1.5674e-05,-86014,-594.89
-2.0629e-05,-2.3798e-05,-84642,-674.1
-2.1155e-05,-2.0163e-05,-86715,-645.94
-2.123e-05,-1.5003e-05,-86916,-592.28
-2.1383e-05,-1.9348e-05,-87626,-641.84
-2.1467e-05,-1.4545e-05,-87870,-592.19
-2.1429e-05,-1.9391e-05,-87814,-643.25
-2.1169e-05,-1.7958e-05,-86726,-622.64
-2.275e-05,-7.5486e-06,-92962,-543.48
-2.1824e-05,-2.3069e-05,-89503,-690.62
-2.1421e-05,-2.6025e-05,-87919,-714.03
-2.1602e-05,-1.9545e-05,-88523,-648.41
-2.1526e-05,-1.5326e-05,-88128,-601.75
-2.2999e-05,-1.4981e-05,-94132,-628.03
-2.1205e-05,-2.3911e-05,-86992,-687.02
-2.0952e-05,-3.1422e-05,-86112,-762.2
-2.1012e-05,-2.843e-05,-86296,-731.41
-2.0961e-05,-3.2901e-05,-86179,-778.19
-2.0734e-05,-3.4704e-05,-85290,-792.86
-2.0412e-05,-3.2416e-05,-83932,-761.85
-2.0371e-05,-2.7223e-05,-83658,-705.48
-2.0123e-05,-2.644e-05,-82630,-692.06
-1.9722e-05,-1.5476e-05,-80770,-566.66
-1.9791e-05,3.9575e-06,-80656,-360.24
-1.9645e-05,2.0177e-05,-79733,-183.84
-1.9544e-05,3.2303e-05,-79074,-52.112
-1.9283e-05,3.7662e-05,-77899,10.508
-1.8391e-05,4.138e-05,-74185,68.405
-2.0046e-05,4.6752e-05,-80826,92.19
-1.7332e-05,4.1631e-05,-69859,92.628
-1.9117e-05,2.788e-05,-77423,-90.737
-1.6782e-05,4.741e-06,-68365,-290.66
-1.6152e-05,-2.8388e-05,-66471,-632.12
-1.7975e-05,-7.0937e-05,-74774,-1124.2
-1.3665e-05,-0.00017719,-59350,-2172.7
-1.5556e-05,-0.00032034,-69722,-3759.8
-1.2319e-05,-0.00049798,-57134,-5777.7
-2.8864e-06,-0.00054781,-14196,-6406.6
-1.2285e-06,-0.00013029,-7020.4,-1455.8
-2.2064e-07,4.9091e-05,228.78,527.8
2.1577e-07,5.5867e-05,2225.9,613.32
1.4062e-06,5.9636e-05,7384.7,688.86
1.8591e-06,5.8298e-05,9294.5,687.6
2.7228e-06,5.5816e-05,12977,686.35
2.8211e-06,5.5465e-05,13413,685.09
3.3118e-06,5.406e-05,15552,683.83
3.6418e-06,5.3034e-05,16981,682.57
4.0114e-06,5.1964e-05,18618,681.31
4.1553e-06,5.1523e-05,19263,680.1
4.4616e-06,5.0643e-05,20627,678.87
4.5827e-06,5.0264e-05,21162,678.17
4.8474e-06,4.9533e-05,22352,677.45
4.787e-06,4.9552e-05,22061,676.75
5.0281e-06,4.8742e-05,23111,676.04
5.0045e-06,4.8311e-05,22913,675.34
5.2823e-06,4.7426e-05,24145,674.63
5.3049e-06,4.7241e-05,24238,673.93
5.4678e-06,4.6542e-05,24931,673.22
5.5353e-06,4.6028e-05,25176,672.52
5.5791e-06,4.5911e-05,25396,671.81
5.671e-06,4.5372e-05,25763,671.1
5.7263e-06,4.4955e-05,25970,670.4
5.7199e-06,4.5055e-05,25979,669.69
5.8197e-06,4.4552e-05,26396,668.99
5.7758e-06,4.4893e-05,26260,668.26
5.8459e-06,4.5075e-05,26668,667.56
5.7648e-06,4.5844e-05,26420,666.88
5.7327e-06,4.6607e-05,26409,666.11
5.8607e-06,4.6295e-05,26998,665.81
5.8667e-06,4.6187e-05,27024,664.75
5.9702e-06,4.5887e-05,27503,664.06
6.0376e-06,4.5674e-05,27814,663.37
6.0643e-06,4.5555e-05,27936,662.67
6.0434e-06,4.5522e-05,27842,661.79
6.2658e-06,4.5031e-05,28870,661.8
6.1892e-06,4.5086e-05,28514,660.51
6.2075e-06,4.4997e-05,28595,659.89
6.2284e-06,4.4895e-05,28690,659.2
6.2794e-06,4.4717e-05,28927,658.49
6.1738e-06,4.4896e-05,28434,657.8
6.1925e-06,4.4797e-05,28519,657.12
6.0716e-06,4.5015e-05,27954,656.43
6.0409e-06,4.5019e-05,27812,655.72
6.0245e-06,4.4998e-05,27734,655.03
6.1294e-06,4.4706e-05,28219,654.34
6.1154e-06,4.4682e-05,28152,653.66
6.1345e-06,4.4571e-05,28241,652.94
6.0825e-06,4.4632e-05,27997,652.26
6.1529e-06,4.442e-05,28322,651.57
6.1348e-06,4.4402e-05,28236,650.88
6.2198e-06,4.4144e-05,28634,650.19
6.4069e-06,4.3668e-05,29504,649.49
6.287e-06,4.3894e-05,28940,648.85
6.2562e-06,4.3901e-05,28795,648.13
6.3173e-06,4.3697e-05,29080,647.41
6.1284e-06,4.4064e-05,28199,646.74
6.0088e-06,4.4276e-05,27640,646.03
6.0032e-06,4.423e-05,27614,645.35
6.1107e-06,4.3929e-05,28111,644.65
5.9762e-06,4.4176e-05,27484,643.97
5.8024e-06,4.4512e-05,26678,643.28
5.8218e-06,4.4411e-05,26766,642.59
5.9507e-06,4.4055e-05,27362,641.9
5.7938e-06,4.4358e-05,26633,641.21
5.5801e-06,4.4789e-05,25646,640.53
5.4937e-06,4.4931e-05,25247,639.84
5.4953e-06,4.4871e-05,25252,639.15
5.4264e-06,4.4971e-05,24811,647.68
5.4165e-06,4.4933e-05,24732,649.32
5.1946e-06,4.5395e-05,23871,637.09
5.2158e-06,4.529e-05,23754,651.6
5.143e-06,4.5399e-05,23512,644.55
5.0057e-06,4.5655e-05,23005,635.03
4.8117e-06,4.6059e-05,22122,634.35
4.9195e-06,4.5742e-05,22611,633.66
4.7596e-06,4.6065e-05,21884,632.97
4.5844e-06,4.6422e-05,21093,632.29
4.3658e-06,4.6881e-05,20106,631.56
4.1282e-06,4.7218e-05,19009,630.32
3.8537e-06,4.7705e-05,17764,629.09
3.3209e-06,4.8967e-05,15412,627.86
2.766e-06,5.042e-05,13022,626.63
2.5807e-06,5.0822e-05,12222,625.39
1.7725e-06,5.2887e-05,8776.7,624.17
1.4234e-06,5.3682e-05,7297.7,622.95
3.1405e-07,5.5374e-05,2629.2,610.41
-4.3778e-07,4.7814e-05,-722.25,508.61
-9.6495e-07,2.0356e-05,-3678,187.9
-2.8637e-06,-0.00019082,-14566,-2158.3
