0.00066529,-0.023507,-6.9485e+05,-92039
-8.28e-05,-0.0046457,-4.8989e+05,-47451
-8.9322e-05,-0.0017982,-3.9629e+05,-21380
-8.8952e-05,-9.0047e-05,-3.6478e+05,-2772.8
-8.817e-05,0.00074771,-3.4456e+05,6203.9
-8.272e-05,0.0011968,-3.1326e+05,11113
-8.1108e-05,0.0012754,-3.0505e+05,11990
-7.7009e-05,0.0012458,-2.8884e+05,11763
-7.5167e-05,0.0011261,-2.8391e+05,10508
-7.1704e-05,0.00099905,-2.723e+05,9223.4
-6.9047e-05,0.00087269,-2.6398e+05,7928.9
-6.5091e-05,0.00074367,-2.5046e+05,6629.5
-6.2871e-05,0.00061379,-2.4404e+05,5285.6
-5.9315e-05,0.00047979,-2.3225e+05,3924.7
-5.5318e-05,0.00034205,-2.1874e+05,2532.9
-5.178e-05,0.0002094,-2.07e+05,1186.2
-5.0177e-05,0.00014525,-2.0176e+05,532.67
-4.658e-05,0.00010627,-1.8788e+05,189.04
-4.431e-05,7.8534e-05,-1.7918e+05,-61.465
-4.1498e-05,6.4616e-05,-1.6799e+05,-153.14
-3.8811e-05,6.3444e-05,-1.5705e+05,-111
-3.5306e-05,4.7663e-05,-1.4307e+05,-208.5
-3.4259e-05,3.8546e-05,-1.3898e+05,-284.7
-3.1141e-05,5.5987e-05,-1.2591e+05,-34.778
-3.0588e-05,5.7302e-05,-1.2362e+05,-9.457
-2.7934e-05,8.482e-05,-1.1224e+05,338.8
-2.7627e-05,0.00012593,-1.1015e+05,784.64
-2.3485e-05,0.00018757,-91996,1528
-2.2575e-05,0.00021339,-87758,1822.6
-2.0737e-05,0.00025418,-79432,2296.1
-2.2008e-05,0.00026341,-84429,2369
-2.0556e-05,0.00032147,-77539,3004.4
-2.0324e-05,0.00037819,-75631,3604.6
-1.9672e-05,0.00044173,-71618,4305.7
-1.9082e-05,0.00051461,-67190,5136
-1.7579e-05,0.00057035,-58872,5830.5
-1.8465e-05,0.00060609,-61492,6211.9
-1.8309e-05,0.00064725,-59355,6696.8
-1.799e-05,0.00069668,-56038,7293.2
-1.6134e-05,0.00074115,-46016,7897.2
-1.5794e-05,0.00076607,-43439,8209.1
-1.4499e-05,0.00079415,-36464,8598.7
-1.392e-05,0.00082304,-32569,8970.7
-1.2947e-05,0.00082686,-28011,9058.2
-1.1923e-05,0.00082886,-23300,9126.5
-1.1634e-05,0.00082866,-21968,9138.1
-1.0439e-05,0.00082381,-16704,9133.7
-1.0464e-05,0.00081936,-16970,9081.4
-9.2616e-06,0.00080734,-12042,8990.5
-9.6223e-06,0.00079573,-14169,8836.4
-8.3384e-06,0.00077618,-9169.4,8660.7
-8.8479e-06,0.00075181,-12502,8349.2
-8.0173e-06,0.00071822,-10164,7986.1
-8.7693e-06,0.0006811,-15237,7506.9
-8.4914e-06,0.00063992,-15612,7032.9
-9.517e-06,0.00059802,-21694,6504.2
-9.1307e-06,0.00055225,-21487,5996
-1.0104e-05,0.00049713,-27842,5314.3
-1.0513e-05,0.00044486,-31455,4695.2
-1.169e-05,0.00039091,-38313,4036.1
-1.2182e-05,0.00034022,-41908,3448.8
-1.3827e-05,0.00028901,-50231,2831.1
-1.4488e-05,0.00024561,-54050,2337.1
-1.6609e-05,0.00020465,-63612,1849.8
-1.7339e-05,0.00017334,-67216,1500.5
-1.9978e-05,0.00014872,-78479,1183.8
-2.0959e-05,0.00013375,-82783,1003.9
-2.3928e-05,0.000118,-95217,775.1
-2.4852e-05,0.00010902,-99168,660.29
-2.7856e-05,8.3695e-05,-1.1194e+05,328.39
-2.8915e-05,7.2619e-05,-1.1649e+05,188.41
-3.2165e-05,5.3165e-05,-1.3014e+05,-85.726
-3.3225e-05,3.3332e-05,-1.3487e+05,-319.38
-3.6582e-05,1.6544e-05,-1.4891e+05,-567.2
-3.7711e-05,-6.0188e-06,-1.5397e+05,-831.46
-4.1125e-05,-1.3956e-05,-1.6806e+05,-985.79
-4.2225e-05,-2.7838e-05,-1.7283e+05,-1156.6
-4.5909e-05,-5.7258e-05,-1.8846e+05,-1546.2
-4.7156e-05,-8.7739e-05,-1.9417e+05,-1897.6
-5.0552e-05,-0.00011783,-2.0864e+05,-2288.6
-5.1908e-05,-0.0001449,-2.1472e+05,-2605.7
-5.5399e-05,-0.00016607,-2.294e+05,-2903.1
-5.6876e-05,-0.0002019,-2.3616e+05,-3316.4
-6.0319e-05,-0.000224,-2.5066e+05,-3622.9
-6.1861e-05,-0.00024151,-2.5731e+05,-3841.5
-6.52e-05,-0.00026449,-2.714e+05,-4155.3
-6.6666e-05,-0.00028318,-2.7776e+05,-4385.1
-7.0059e-05,-0.00028109,-2.9156e+05,-4431.7
-7.1584e-05,-0.00030146,-2.982e+05,-4680.7
-7.5051e-05,-0.00032317,-3.1279e+05,-4983.5
-7.6449e-05,-0.00034491,-3.1894e+05,-5244.5
-7.9517e-05,-0.0003686,-3.3194e+05,-5560.4
-8.1032e-05,-0.00038966,-3.3856e+05,-5816.5
-8.3824e-05,-0.00038784,-3.4991e+05,-5854
-8.5393e-05,-0.00040987,-3.5676e+05,-6121.5
-8.8051e-05,-0.00040255,-3.6746e+05,-6097.4
-8.9494e-05,-0.00040728,-3.7345e+05,-6177.3
-9.2002e-05,-0.00039253,-3.8338e+05,-6070.6
-9.3412e-05,-0.00040023,-3.893e+05,-6181.7
-9.5775e-05,-0.00037426,-3.9841e+05,-5952
-9.7106e-05,-0.00034544,-4.0325e+05,-5670.8
-9.9104e-05,-0.00032184,-4.1093e+05,-5459
-0.00010026,-0.00034001,-4.1602e+05,-5676.9
-0.00010226,-0.00030723,-4.2351e+05,-5366.9
-0.00010349,-0.00031574,-4.287e+05,-5483
-0.00010503,-0.00030163,-4.3471e+05,-5363.5
-0.00010599,-0.00030127,-4.3862e+05,-5379.2
-0.00010731,-0.00029662,-4.4389e+05,-5356.1
-0.0001082,-0.00029065,-4.4743e+05,-5310.6
-0.00010927,-0.00028453,-4.5166e+05,-5266.9
-0.00011008,-0.00029476,-4.5518e+05,-5392.8
-0.00011092,-0.00027911,-4.583e+05,-5242.6
-0.00011158,-0.00027264,-4.6084e+05,-5186.6
-0.00011214,-0.00026498,-4.6297e+05,-5116.1
-0.00011269,-0.00028043,-4.6554e+05,-5292.6
-0.00011301,-0.00026121,-4.6646e+05,-5093.5
-0.00011338,-0.000261,-4.6796e+05,-5098.8
-0.00011345,-0.0002624,-4.6828e+05,-5115.3
-0.0001136,-0.00030823,-4.6980e+05,-5608.5
-0.00011338,-0.00027129,-4.6819e+05,-5208.9
-0.00011344,-0.00030591,-4.6913e+05,-5580.6
-0.00011289,-0.00026767,-4.661e+05,-5160.2
-0.00011272,-0.00028999,-4.6584e+05,-5395.4
-0.00011189,-0.00030393,-4.6273e+05,-5527.6
-0.00011176,-0.00030109,-4.6216e+05,-5494.6
-0.00011061,-0.00027216,-4.569e+05,-5161.9
-0.00011058,-0.00030214,-4.5736e+05,-5481.9
-0.0001087,-0.00026452,-4.4892e+05,-5041.2
-0.00010856,-0.0002628,-4.4832e+05,-5019.8
-0.00010707,-0.00026083,-4.4218e+05,-4968.4
-0.00010662,-0.00027254,-4.4059e+05,-5084.6
-0.00010485,-0.00026115,-4.3313e+05,-4926.6
-0.00010373,-0.00028076,-4.2898e+05,-5113.8
-0.00010235,-0.00026319,-4.2298e+05,-4897.6
-0.0001017,-0.0002331,-4.1973e+05,-4562.6
-0.00010017,-0.00024562,-4.1373e+05,-4665.3
-9.9478e-05,-0.00021503,-4.1028e+05,-4323.9
-9.7641e-05,-0.00022584,-4.03e+05,-4402.2
-9.6381e-05,-0.00021854,-3.9771e+05,-4298.5
-9.5762e-05,-0.00018586,-3.9452e+05,-3936.3
-9.3739e-05,-0.00022138,-3.8699e+05,-4275.1
-9.0825e-05,-0.00021133,-3.7489e+05,-4108.2
-8.9719e-05,-0.00020016,-3.7015e+05,-3966.3
-8.6866e-05,-0.00018855,-3.5827e+05,-3784.1
-8.6908e-05,-0.00021552,-3.5899e+05,-4073.4
-8.2485e-05,-0.00021171,-3.4086e+05,-3942.6
-8.0728e-05,-0.00026397,-3.3475e+05,-4465.8
-7.7762e-05,-0.00026766,-3.2273e+05,-4444.9
-7.6193e-05,-0.00031245,-3.1723e+05,-4892.1
-7.2982e-05,-0.00035641,-3.0503e+05,-5296.9
-7.1043e-05,-0.00040523,-2.9811e+05,-5779.6
-6.7778e-05,-0.00043355,-2.8536e+05,-6016.1
-6.5904e-05,-0.00048828,-2.7883e+05,-6563.4
-6.3088e-05,-0.00050327,-2.6764e+05,-6666.3
-6.134e-05,-0.00047123,-2.5986e+05,-6288
-5.915e-05,-0.00042033,-2.4988e+05,-5699
-5.6503e-05,-0.00037162,-2.3809e+05,-5124.1
-5.4292e-05,-0.00032511,-2.2812e+05,-4581.6
-5.1065e-05,-0.00028068,-2.1405e+05,-4040.8
-4.9554e-05,-0.0002334,-2.0692e+05,-3504.3
-4.5902e-05,-0.0001926,-1.9119e+05,-2993.6
-4.2836e-05,-0.00015481,-1.7791e+05,-2527.1
-3.9496e-05,-0.00012082,-1.636e+05,-2095.6
-3.4574e-05,-9.2836e-05,-1.4294e+05,-1696.2
-3.3831e-05,-6.375e-05,-1.3932e+05,-1370
-2.6215e-05,-6.8634e-05,-1.0834e+05,-1267.2
-2.4292e-05,-7.2341e-05,-1.0058e+05,-1267.8
-1.7383e-05,-0.00012743,-73511,-1716.4
-2.622e-06,-8.9233e-05,-15550,-839.41
6.7038e-07,0.0005285,22501,6148.2
1.6705e-06,0.00058508,30660,6913.8
1.6408e-06,0.0005781,30231,6829.1
2.1612e-06,0.00056895,32282,6743.9
1.2483e-06,0.00056179,27695,6616.4
1.4034e-06,0.00055086,27942,6492.8
-2.0154e-08,0.00054529,21054,6361.3
-4.7871e-07,0.00053637,18530,6233.8
-1.9149e-06,0.00053069,11631,6101.4
-2.6686e-06,0.00052268,7793.7,5971.6
-4.5185e-06,0.00051771,-830.46,5834.8
-5.3415e-06,0.00051059,-4952.1,5710.8
-6.1721e-06,0.00050713,-8872.4,5634.2
-6.8742e-06,0.00050121,-11912,5555.1
-8.0588e-06,0.00050068,-17654,5478.7
-8.8417e-06,0.00049617,-21223,5400.3
-1.0013e-05,0.00049399,-26678,5319.6
-1.0963e-05,0.0004902,-31013,5239.4
-1.1875e-05,0.00048645,-35199,5159.6
-1.2903e-05,0.00048274,-39854,5077.9
-1.4096e-05,0.0004793,-45195,4994.4
-1.5162e-05,0.00047559,-49967,4913.1
-1.6046e-05,0.00047111,-53950,4830.9
-1.7108e-05,0.00046696,-58668,4747.5
-1.8454e-05,0.00046338,-64543,4663.4
-1.942e-05,0.0004587,-68806,4580
-2.0891e-05,0.00045495,-75140,4494.5
-2.1808e-05,0.00045016,-79145,4414.4
-2.3455e-05,0.00044655,-86145,4329
-2.4548e-05,0.00044193,-90828,4249.1
-2.5941e-05,0.00043727,-96731,4162.7
-2.6679e-05,0.00043159,-99926,4082.3
-2.8177e-05,0.0004269,-1.0621e+05,3996.2
-2.9209e-05,0.00042152,-1.1057e+05,3914.9
-3.0651e-05,0.00041659,-1.1658e+05,3831.4
-3.1704e-05,0.00041107,-1.2098e+05,3750.9
-3.3034e-05,0.00040583,-1.2652e+05,3667.9
-3.4144e-05,0.00040045,-1.3116e+05,3587.9
-3.5621e-05,0.0003955,-1.3728e+05,3504.9
-3.6856e-05,0.00039019,-1.4243e+05,3422.9
-3.8162e-05,0.000385,-1.4786e+05,3340.9
-3.9646e-05,0.00038016,-1.5402e+05,3259
-4.1165e-05,0.00037525,-1.6031e+05,3175.6
-4.2463e-05,0.00037013,-1.6572e+05,3094.5
-4.3839e-05,0.00036509,-1.7143e+05,3012.6
-4.5009e-05,0.00035979,-1.7631e+05,2932.2
-4.6143e-05,0.00035436,-1.8105e+05,2851.1
-4.7456e-05,0.00034923,-1.8651e+05,2769.5
-4.8992e-05,0.00034428,-1.9288e+05,2685.3
-5.0262e-05,0.00033913,-1.9816e+05,2604.5
-5.1679e-05,0.00033407,-2.0405e+05,2521.6
-5.2803e-05,0.00032871,-2.0874e+05,2441.4
-5.4563e-05,0.00032398,-2.1602e+05,2355
-5.5532e-05,0.00031828,-2.2009e+05,2274.3
-5.7176e-05,0.00031365,-2.269e+05,2191.5
-5.8607e-05,0.00030868,-2.3284e+05,2109.2
-5.9948e-05,0.00030346,-2.3841e+05,2026.1
-6.1398e-05,0.00029865,-2.4443e+05,1945.2
-6.2959e-05,0.00029392,-2.5089e+05,1862.8
-6.4198e-05,0.0002887,-2.5606e+05,1781.8
-6.5463e-05,0.00028335,-2.6133e+05,1698.9
-6.6872e-05,0.00027845,-2.6718e+05,1617.8
-6.8481e-05,0.00027382,-2.7384e+05,1535.6
-6.9589e-05,0.00026843,-2.7847e+05,1455.4
-7.0706e-05,0.00026294,-2.8314e+05,1374
-7.2031e-05,0.0002579,-2.8865e+05,1293.1
-7.3683e-05,0.00025336,-2.9548e+05,1211
-7.4841e-05,0.00024811,-3.0031e+05,1131.4
-7.6053e-05,0.00024285,-3.0536e+05,1050.5
-7.7176e-05,0.00023749,-3.1006e+05,970.23
-7.8493e-05,0.00023237,-3.1554e+05,888.73
-7.9802e-05,0.00022743,-3.2098e+05,809.28
-8.0884e-05,0.000222,-3.2550e+05,729.16
-8.1915e-05,0.00021652,-3.2982e+05,649.64
-8.3269e-05,0.00021156,-3.3545e+05,569.04
-8.4328e-05,0.0002063,-3.3988e+05,491.21
-8.5284e-05,0.00020064,-3.439e+05,411.19
-8.6104e-05,0.00019499,-3.4736e+05,334.09
-8.7559e-05,0.00019019,-3.5339e+05,253.15
-8.8535e-05,0.00018424,-3.575e+05,169.73
-9.083e-05,0.00017512,-3.6705e+05,25.51
-9.1977e-05,0.00016467,-3.7194e+05,-109.61
-9.414e-05,0.00015574,-3.8095e+05,-249.12
-9.5493e-05,0.00014591,-3.8667e+05,-381.84
-9.6875e-05,0.00013571,-3.9252e+05,-519
-9.8388e-05,0.0001263,-3.9889e+05,-650.48
-0.00010014,0.0001167,-4.0623e+05,-788.8
-0.00010232,0.00010172,-4.1546e+05,-993.49
-0.00010367,-3.3698e-05,-4.2372e+05,-2469.6
-0.0001027,-0.00086441,-4.3667e+05,-11337
4.138e-05,-0.0048565,-1.6149e+05,-37829
