2.7832e-05,-0.0070258,-4.0704e+05,-53685
-5.2182e-05,-0.0030383,-2.7861e+05,-32990
-5.3291e-05,-0.0014511,-2.389e+05,-17125
-5.6025e-05,-0.00038993,-2.3651e+05,-5310.2
-5.6259e-05,0.00019763,-2.2551e+05,969.29
-5.1903e-05,0.00054941,-2.0059e+05,4819.9
-5.1145e-05,0.00065205,-1.9541e+05,5933
-4.9101e-05,0.00066531,-1.868e+05,6116.2
-4.811e-05,0.00060648,-1.8395e+05,5507.2
-4.6117e-05,0.00052991,-1.7738e+05,4728.9
-4.4703e-05,0.00045197,-1.7319e+05,3924.2
-4.3481e-05,0.00037314,-1.6981e+05,3106
-4.1299e-05,0.00029179,-1.6256e+05,2280.4
-4.1206e-05,0.00021126,-1.6381e+05,1421.1
-3.8099e-05,0.00012523,-1.5289e+05,564.25
-3.651e-05,5.2858e-05,-1.4788e+05,-177.39
-3.5071e-05,2.0525e-05,-1.4266e+05,-493.89
-3.312e-05,3.3511e-06,-1.3505e+05,-637.87
-3.1677e-05,-1.0835e-05,-1.2945e+05,-760.22
-3.1716e-05,-1.0175e-05,-1.296e+05,-753.95
-2.8581e-05,4.1879e-07,-1.1659e+05,-576.91
-2.7153e-05,-6.5717e-06,-1.1091e+05,-622.61
-2.605e-05,-1.2073e-05,-1.0652e+05,-659
-2.5033e-05,-2.0623e-05,-1.0254e+05,-729.73
-2.4516e-05,-3.7925e-05,-1.0078e+05,-904.23
-2.2902e-05,-4.2257e-05,-94291,-917.73
-2.2508e-05,-4.486e-05,-92738,-937.56
-2.1177e-05,-3.3965e-05,-87082,-793.97
-1.9981e-05,-2.5947e-05,-82042,-683.91
-1.8955e-05,-2.7052e-05,-77881,-674.86
-1.8688e-05,-4.6094e-05,-77179,-873.04
-1.8044e-05,-5.0451e-05,-74638,-906.51
-1.6238e-05,-4.9853e-05,-67260,-863.39
-1.5626e-05,-4.1449e-05,-64591,-761.07
-1.5678e-05,-8.7475e-06,-64138,-412.45
-1.3826e-05,3.0918e-05,-55777,49.36
-1.3073e-05,6.083e-05,-52097,384.5
-1.2716e-05,9.8632e-05,-49871,795.97
-1.167e-05,0.00014142,-44735,1274.8
-1.1087e-05,0.00018556,-41728,1740.2
-1.0438e-05,0.00022526,-38559,2162.2
-1.0249e-05,0.00026441,-37014,2587.3
-9.524e-06,0.0003018,-33094,3019.2
-9.54e-06,0.0003344,-32248,3385.2
-8.7014e-06,0.0003623,-27820,3729.9
-9.0954e-06,0.00038875,-28599,4022.6
-8.1717e-06,0.00040948,-23872,4296.4
-8.6209e-06,0.0004313,-24992,4536.5
-7.7501e-06,0.00044584,-20649,4739.9
-8.3201e-06,0.00046444,-22430,4937
-7.3722e-06,0.00047639,-17743,5117.2
-7.6473e-06,0.0004903,-18355,5273.3
-7.0077e-06,0.00049694,-15196,5380.8
-7.3169e-06,0.00049824,-16541,5382.3
-6.8597e-06,0.0004968,-14493,5387.5
-7.269e-06,0.00049261,-16458,5322.4
-6.3824e-06,0.00048413,-12683,5266.8
-6.6347e-06,0.00046347,-14687,5009.4
-6.4475e-06,0.00044235,-14647,4769.7
-6.6156e-06,0.00041461,-16454,4436.7
-6.4277e-06,0.00038613,-16646,4113.2
-6.7531e-06,0.00035079,-19352,3689.3
-6.6396e-06,0.00031592,-20001,3293.7
-7.0956e-06,0.00027492,-23245,2810.9
-7.0415e-06,0.00023485,-24102,2365.1
-7.6825e-06,0.00019097,-27798,1867
-7.8498e-06,0.00014872,-29247,1414.5
-8.6976e-06,0.00010647,-33317,961.52
-8.9733e-06,6.7497e-05,-35234,539.21
-9.851e-06,2.6177e-05,-39655,79.531
-1.0284e-05,-6.8126e-06,-42092,-282.02
-1.1592e-05,-3.8604e-05,-48075,-648.58
-1.2013e-05,-6.1873e-05,-50267,-905.97
-1.3531e-05,-7.7474e-05,-56776,-1103.7
-1.4026e-05,-8.1199e-05,-58871,-1153.6
-1.5942e-05,-5.8398e-05,-66224,-948.74
-1.6303e-05,-3.2598e-05,-67170,-680.19
-1.8395e-05,-3.5089e-05,-75758,-749.4
-1.9037e-05,-3.0852e-05,-78289,-717.14
-2.0832e-05,-3.1309e-05,-85622,-758.55
-2.153e-05,-2.5864e-05,-88357,-714.52
-2.3464e-05,-3.0009e-05,-96332,-798.18
-2.4271e-05,-3.4952e-05,-99727,-867.47
-2.6167e-05,-4.3718e-05,-1.0764e+05,-999.79
-2.7052e-05,-4.3718e-05,-1.1125e+05,-1017.8
-2.8899e-05,-5.3999e-05,-1.19e+05,-1165.3
-2.9707e-05,-5.5333e-05,-1.2232e+05,-1196
-3.1709e-05,-5.3242e-05,-1.3044e+05,-1214.4
-3.2581e-05,-5.3928e-05,-1.3402e+05,-1239.5
-3.4695e-05,-7.6016e-05,-1.4309e+05,-1518.7
-3.5525e-05,-8.9405e-05,-1.4675e+05,-1678.8
-3.7345e-05,-0.00011132,-1.5462e+05,-1950.2
-3.8299e-05,-0.00012484,-1.5879e+05,-2114.2
-3.997e-05,-0.00013752,-1.6586e+05,-2283.8
-4.1e-05,-0.00015407,-1.704e+05,-2481.8
-4.2697e-05,-0.00016562,-1.7756e+05,-2639.8
-4.3728e-05,-0.00017859,-1.8204e+05,-2799.5
-4.5356e-05,-0.00019353,-1.8898e+05,-2992.4
-4.6331e-05,-0.0002085,-1.9326e+05,-3172.4
-4.789e-05,-0.00021325,-1.9972e+05,-3254.9
-4.8861e-05,-0.00020581,-2.0353e+05,-3195.1
-5.0245e-05,-0.00020764,-2.0922e+05,-3242.8
-5.1131e-05,-0.00021815,-2.1304e+05,-3373.3
-5.2632e-05,-0.00020641,-2.1893e+05,-3278.2
-5.3641e-05,-0.0002079,-2.2308e+05,-3314.8
-5.4821e-05,-0.0002086,-2.2791e+05,-3346.2
-5.5659e-05,-0.00020504,-2.3126e+05,-3325.2
-5.6755e-05,-0.0002056,-2.3574e+05,-3353.5
-5.7582e-05,-0.00019583,-2.3892e+05,-3265.8
-5.857e-05,-0.00019213,-2.4287e+05,-3246.4
-5.9359e-05,-0.00019001,-2.4605e+05,-3239.8
-6.0201e-05,-0.00018074,-2.4929e+05,-3157.7
-6.089e-05,-0.00017029,-2.5189e+05,-3060
-6.1572e-05,-0.00016407,-2.5455e+05,-3007.4
-6.2212e-05,-0.00016521,-2.5718e+05,-3032.6
-6.2722e-05,-0.00015324,-2.5902e+05,-2914.9
-6.3226e-05,-0.00014685,-2.6095e+05,-2856.9
-6.3617e-05,-0.00014602,-2.6253e+05,-2855.9
-6.3986e-05,-0.00016834,-2.6449e+05,-3102.2
-6.4202e-05,-0.00015072,-2.6501e+05,-2918
-6.4505e-05,-0.0001684,-2.6661e+05,-3113.4
-6.4493e-05,-0.00014559,-2.6609e+05,-2869.1
-6.4651e-05,-0.0001564,-2.6696e+05,-2988
-6.4514e-05,-0.00016649,-2.666e+05,-3093.1
-6.4739e-05,-0.00016285,-2.6745e+05,-3058.8
-6.4414e-05,-0.00014754,-2.6581e+05,-2888.4
-6.4752e-05,-0.00016249,-2.675e+05,-3055.2
-6.381e-05,-0.00014311,-2.6326e+05,-2828.7
-6.407e-05,-0.00013851,-2.6422e+05,-2784.8
-6.3613e-05,-0.00013988,-2.6239e+05,-2790.1
-6.365e-05,-0.00014601,-2.6266e+05,-2856.5
-6.2986e-05,-0.00014188,-2.5987e+05,-2798.8
-6.2256e-05,-0.00015579,-2.5717e+05,-2932.7
-6.2038e-05,-0.0001455,-2.5607e+05,-2818.2
-6.1785e-05,-0.00012825,-2.5469e+05,-2628.6
-6.1215e-05,-0.00013703,-2.5254e+05,-2710.9
-6.0958e-05,-0.00011955,-2.5114e+05,-2518.7
-6.0137e-05,-0.00012769,-2.4796e+05,-2589.1
-5.9425e-05,-0.00012349,-2.4496e+05,-2529.6
-6.0066e-05,-0.00010145,-2.4713e+05,-2306.9
-5.8593e-05,-0.00012699,-2.4164e+05,-2550.2
-5.7039e-05,-0.00012275,-2.3521e+05,-2473.1
-5.6644e-05,-0.00011343,-2.3341e+05,-2365.5
-5.5286e-05,-0.00010487,-2.277e+05,-2246.2
-5.6125e-05,-0.0001181,-2.3139e+05,-2404.9
-5.296e-05,-0.00012041,-2.1852e+05,-2365.1
-5.1973e-05,-0.00015297,-2.1516e+05,-2693.3
-5.0593e-05,-0.00015404,-2.0954e+05,-2676.6
-4.9775e-05,-0.00018536,-2.0685e+05,-2995
-4.7966e-05,-0.00021676,-2.001e+05,-3293.9
-4.6807e-05,-0.00025433,-1.9614e+05,-3672.2
-4.5165e-05,-0.00028256,-1.9002e+05,-3940.8
-4.4119e-05,-0.00032798,-1.8667e+05,-4405.2
-4.2463e-05,-0.00034394,-1.8024e+05,-4542.1
-4.1647e-05,-0.00031409,-1.763e+05,-4206.3
-4.0309e-05,-0.00026484,-1.6984e+05,-3652.3
-3.9259e-05,-0.00021691,-1.6458e+05,-3118.3
-3.8307e-05,-0.00017162,-1.5977e+05,-2614.6
-3.5841e-05,-0.00012901,-1.4884e+05,-2108.8
-3.6294e-05,-8.2106e-05,-1.4974e+05,-1616.4
-3.2546e-05,-4.4176e-05,-1.3368e+05,-1134.5
-3.246e-05,-5.54e-06,-1.3254e+05,-719.52
-2.9454e-05,2.6098e-05,-1.1963e+05,-320.05
-2.7066e-05,5.4392e-05,-1.0931e+05,31.079
-2.7621e-05,8.2302e-05,-1.1101e+05,318.24
-2.257e-05,7.6729e-05,-90516,361.36
-2.106e-05,5.3183e-05,-84837,140.21
-1.6718e-05,9.7583e-06,-68005,-235.91
-2.3908e-06,1.5785e-05,-9435,119.98
2.3416e-06,0.00033421,21370,3886.7
4.2442e-06,0.00026354,27828,3162.3
4.6558e-06,0.00026155,29659,3156.7
5.5284e-06,0.00025765,33598,3148.5
5.6873e-06,0.00025317,34160,3101.8
6.2751e-06,0.00024725,36693,3056.8
5.9764e-06,0.00024426,35160,3007.8
6.1405e-06,0.00023974,35750,2960.8
5.9205e-06,0.00023642,34584,2911.6
5.8514e-06,0.0002326,34108,2863
5.3647e-06,0.00023011,31727,2812.4
5.2176e-06,0.00022677,30913,2766.4
5.0247e-06,0.00022502,29944,2737.5
4.8804e-06,0.00022314,29209,2709.3
4.4673e-06,0.00022206,27246,2679.2
4.2522e-06,0.00022031,26194,2649.8
3.8429e-06,0.00021905,24255,2618.2
3.6519e-06,0.00021717,23319,2588.5
3.2931e-06,0.00021583,21624,2558.5
2.9581e-06,0.00021428,20042,2527.2
2.6404e-06,0.00021272,18542,2496.6
2.1708e-06,0.00021162,16376,2465.8
1.894e-06,0.00020985,15061,2434.4
1.3948e-06,0.00020864,12773,2401.7
9.7376e-07,0.00020744,10846,2372.3
5.3966e-07,0.00020598,8863.8,2340
4.7119e-08,0.00020478,6634.1,2308.4
-4.3986e-07,0.00020365,4447.6,2278.5
-9.8843e-07,0.00020274,1997.7,2248.8
-1.5767e-06,0.00020182,-606.47,2218.5
-1.9482e-06,0.00020007,-2279.9,2186.4
-2.4995e-06,0.00019866,-4725.6,2152.1
-2.969e-06,0.00019681,-6809.2,2116.4
-3.444e-06,0.00019506,-8911.9,2081.7
-3.9736e-06,0.00019351,-11235,2047.8
-4.5831e-06,0.00019232,-13884,2015.6
-4.9229e-06,0.00019029,-15387,1983.1
-5.6188e-06,0.000189,-18391,1947.8
-6.1919e-06,0.00018773,-20858,1916.9
-6.843e-06,0.00018633,-23649,1882.8
-7.3397e-06,0.0001848,-25784,1851.9
-8.2453e-06,0.00018365,-29618,1814.3
-8.7137e-06,0.00018218,-31616,1785.5
-9.6515e-06,0.00018085,-35557,1746.8
-1.0218e-05,0.00017922,-37947,1714.8
-1.0994e-05,0.00017768,-41188,1679.6
-1.1411e-05,0.00017579,-42950,1649.4
-1.2247e-05,0.0001742,-46416,1613.9
-1.2737e-05,0.00017236,-48455,1584
-1.3565e-05,0.00017128,-51856,1555.6
-1.4038e-05,0.00016933,-53824,1525.2
-1.4786e-05,0.00016775,-56909,1493
-1.5339e-05,0.00016582,-59201,1461.1
-1.6004e-05,0.00016397,-61952,1427.8
-1.6557e-05,0.00016224,-64246,1398.1
-1.7395e-05,0.00016078,-67695,1365.4
-1.7988e-05,0.00015892,-70152,1333.4
-1.8962e-05,0.00015775,-74146,1301.2
-1.9684e-05,0.00015622,-77126,1270.2
-2.0458e-05,0.00015466,-80312,1237.8
-2.0922e-05,0.00015261,-82248,1206.4
-2.1803e-05,0.00015129,-85868,1174.3
-2.2646e-05,0.00014996,-89337,1142.9
-2.3326e-05,0.00014826,-92146,1111
-2.3787e-05,0.00014621,-94066,1079.6
-2.4661e-05,0.00014488,-97659,1047.6
-2.555e-05,0.00014363,-1.0131e+05,1016.2
-2.6291e-05,0.00014211,-1.0437e+05,984.84
-2.6856e-05,0.00014029,-1.0671e+05,953.9
-2.7509e-05,0.00013861,-1.0941e+05,922.71
-2.8298e-05,0.00013707,-1.1266e+05,890.23
-2.907e-05,0.0001357,-1.1583e+05,859.87
-2.9751e-05,0.00013401,-1.1865e+05,827.88
-3.0337e-05,0.00013225,-1.2108e+05,797.22
-3.1152e-05,0.00013086,-1.2443e+05,765.72
-3.1837e-05,0.00012936,-1.2725e+05,735.76
-3.2393e-05,0.00012743,-1.2956e+05,703.88
-3.2978e-05,0.00012576,-1.3198e+05,674.07
-3.3902e-05,0.00012453,-1.3578e+05,642.16
-3.4635e-05,0.00012289,-1.388e+05,609.7
-3.6174e-05,0.00012043,-1.4513e+05,552.07
-3.7107e-05,0.00011729,-1.49e+05,499.52
-3.8842e-05,0.00011541,-1.5612e+05,444.16
-4.0034e-05,0.00011295,-1.6103e+05,393.62
-4.1378e-05,0.00011028,-1.6657e+05,337.73
-4.2826e-05,0.00010836,-1.7252e+05,287.73
-4.4801e-05,0.0001066,-1.8061e+05,228.73
-4.6691e-05,8.8124e-05,-1.887e+05,-7.3171
-4.7727e-05,-0.00011086,-1.9697e+05,-2156.5
-4.8188e-05,-0.00074633,-2.1166e+05,-8972.5
-1.48e-05,-0.0023488,-1.0506e+05,-25176
