0.00015559,-0.0097288,-2.4245e+05,-28348
-4.8977e-05,-0.003065,-1.9513e+05,-21030
-5.0874e-05,-0.0013196,-1.8869e+05,-9787.6
-4.8908e-05,-0.00022451,-1.8629e+05,-1642.3
-4.835e-05,0.00036273,-1.8349e+05,2505.3
-4.5252e-05,0.0007303,-1.713e+05,5104.2
-4.3415e-05,0.00081265,-1.6354e+05,5734.8
-4.0069e-05,0.00081257,-1.5031e+05,5770.6
-3.832e-05,0.00073627,-1.4418e+05,5204.4
-3.5193e-05,0.00064322,-1.3272e+05,4529.1
-3.3601e-05,0.00054827,-1.2708e+05,3838.9
-3.0884e-05,0.0004535,-1.17e+05,3162.7
-2.8397e-05,0.00035829,-1.0759e+05,2496.9
-2.6152e-05,0.00026547,-99161,1844.1
-2.4788e-05,0.00017529,-94077,1208.9
-2.1879e-05,9.932e-05,-83102,675.84
-2.025e-05,5.6059e-05,-76953,372.28
-1.7339e-05,2.7194e-05,-65916,171.85
-1.5808e-05,-9.8132e-07,-60125,-25.308
-1.3623e-05,-2.3221e-05,-51838,-179.79
-1.2562e-05,-3.0338e-05,-47813,-228.8
-1.0267e-05,-5.2588e-05,-39109,-383.23
-1.0122e-05,-5.795e-05,-38563,-420.91
-6.7208e-06,-3.4627e-05,-25601,-252.29
-7.2262e-06,-4.0881e-05,-27531,-297.03
-4.6288e-06,-2.7229e-05,-17636,-197.62
-4.5134e-06,-2.3303e-05,-17193,-169.77
-1.7281e-06,-1.1428e-05,-6585.8,-82.692
-6.944e-07,-3.1848e-05,-3577.2,-174.66
-1.153e-06,-3.7596e-05,-5181,-221.75
1.8418e-07,1.7602e-05,892.96,132.74
-1.5872e-07,7.9135e-05,83.335,589.29
1.4396e-06,0.00014898,7383.9,1140
3.325e-06,0.0001938,16182,1534.7
4.9212e-06,0.00019185,23073,1553.3
5.6324e-06,0.00019145,26212,1565.9
6.4638e-06,0.00021994,29966,1816.7
7.1778e-06,0.00025645,34672,2147.2
7.8712e-06,0.00029017,38763,2451.3
8.5024e-06,0.00032385,42570,2755.2
8.8407e-06,0.00036272,45222,3095.9
9.1879e-06,0.00039815,47821,3407.7
9.6437e-06,0.00042859,50793,3679.4
9.653e-06,0.00045958,51706,3942.4
1.0309e-05,0.00048639,55476,4187.1
9.886e-06,0.00050707,54098,4349.4
1.068e-05,0.00052322,58179,4506.4
9.9915e-06,0.00054065,55492,4633.4
1.0912e-05,0.00055233,60006,4755
1.0222e-05,0.00056989,57314,4882.7
1.0932e-05,0.00057749,60740,4963.8
1.0382e-05,0.00058176,58344,4985
1.0689e-05,0.00057872,59659,4967.8
1.0322e-05,0.00057965,58009,4966.1
1.0346e-05,0.00056432,57721,4839.8
9.9554e-06,0.00054449,55414,4664.5
9.728e-06,0.0005103,53444,4372.2
9.2751e-06,0.00049131,50842,4200
8.873e-06,0.00045604,48003,3890.5
8.2908e-06,0.00042246,44380,3588.8
7.8276e-06,0.00037672,40994,3188
7.0784e-06,0.00033704,36595,2835.6
6.5218e-06,0.00028687,32820,2401.2
5.5967e-06,0.00024383,27682,2021.3
4.8928e-06,0.00019211,23406,1578.8
3.7216e-06,0.00014707,17421,1189.2
2.8974e-06,9.6317e-05,13010,769.22
1.51e-06,5.1122e-05,6631.9,400.1
6.6058e-07,4.8555e-06,2569.5,50.515
-1.1011e-06,-2.7896e-05,-4201.6,-199.4
-2.1009e-06,-5.9751e-05,-7998.2,-428.12
-4.1005e-06,-7.4063e-05,-15739,-523.72
-5.0622e-06,-8.5079e-05,-19379,-604.74
-7.2924e-06,-8.4942e-05,-27834,-608.19
-8.2902e-06,-8.1219e-05,-31625,-583.07
-1.0516e-05,-7.6356e-05,-40085,-551.33
-1.1647e-05,-6.5763e-05,-44372,-477.85
-1.3941e-05,-5.5148e-05,-53086,-405.58
-1.4883e-05,-5.1879e-05,-56664,-383.6
-1.724e-05,-5.2757e-05,-65634,-392.55
-1.8229e-05,-5.7637e-05,-69400,-428.15
-2.049e-05,-6.1356e-05,-78004,-457.04
-2.1481e-05,-7.4024e-05,-81786,-547.64
-2.3714e-05,-8.3934e-05,-90294,-620.22
-2.4688e-05,-9.4225e-05,-94010,-694.02
-2.6875e-05,-0.00011032,-1.0234e+05,-810.19
-2.7809e-05,-0.00012759,-1.0592e+05,-933.22
-2.9893e-05,-0.00014105,-1.1386e+05,-1030.8
-3.0847e-05,-0.00016297,-1.1752e+05,-1186.6
-3.2924e-05,-0.00017336,-1.2543e+05,-1262.4
-3.3779e-05,-0.00018508,-1.287e+05,-1346.2
-3.5813e-05,-0.00019867,-1.3645e+05,-1444.5
-3.6659e-05,-0.00021384,-1.3969e+05,-1552.7
-3.8553e-05,-0.00021678,-1.4689e+05,-1575.6
-3.9389e-05,-0.00023428,-1.5009e+05,-1700.2
-4.1112e-05,-0.00023812,-1.5665e+05,-1729.3
-4.1905e-05,-0.00025313,-1.5968e+05,-1836.2
-4.3497e-05,-0.00025657,-1.6575e+05,-1862.4
-4.4255e-05,-0.00027066,-1.6865e+05,-1962.8
-4.5748e-05,-0.0002647,-1.7432e+05,-1922.4
-4.645e-05,-0.00025876,-1.7698e+05,-1881.3
-4.7758e-05,-0.00025012,-1.8195e+05,-1821.8
-4.8402e-05,-0.00026483,-1.8442e+05,-1926.5
-4.9554e-05,-0.0002519,-1.8878e+05,-1836.5
-5.0145e-05,-0.00025811,-1.9104e+05,-1881.1
-5.1176e-05,-0.00024377,-1.9494e+05,-1781
-5.1664e-05,-0.00024034,-1.968e+05,-1757.4
-5.2543e-05,-0.00023058,-2.0013e+05,-1689.4
-5.2976e-05,-0.00022572,-2.0177e+05,-1655.6
-5.3666e-05,-0.00021592,-2.0438e+05,-1587.2
-5.4017e-05,-0.00021727,-2.0572e+05,-1597.2
-5.4571e-05,-0.0001998,-2.0781e+05,-1474.4
-5.4822e-05,-0.00019147,-2.0876e+05,-1415.9
-5.5205e-05,-0.00017762,-2.102e+05,-1318.6
-5.5355e-05,-0.000182,-2.1077e+05,-1349.6
-5.5603e-05,-0.00016329,-2.1169e+05,-1217.8
-5.5679e-05,-0.00016187,-2.1198e+05,-1207.9
-5.574e-05,-0.00015713,-2.122e+05,-1174.5
-5.5719e-05,-0.00017891,-2.1215e+05,-1328.2
-5.5662e-05,-0.00015281,-2.119e+05,-1143.8
-5.5591e-05,-0.00016942,-2.1165e+05,-1261.1
-5.5368e-05,-0.00015035,-2.1078e+05,-1126.2
-5.5204e-05,-0.00016316,-2.1017e+05,-1216.4
-5.4803e-05,-0.00016722,-2.0865e+05,-1244.6
-5.4617e-05,-0.00016746,-2.0794e+05,-1246.1
-5.4084e-05,-0.00015034,-2.059e+05,-1124.6
-5.3817e-05,-0.00016753,-2.049e+05,-1245.7
-5.3119e-05,-0.00014651,-2.0222e+05,-1096.4
-5.2793e-05,-0.00015015,-2.0098e+05,-1121.8
-5.1943e-05,-0.00014725,-1.9775e+05,-1100.3
-5.1526e-05,-0.00015398,-1.9617e+05,-1147.3
-5.0599e-05,-0.00014468,-1.9263e+05,-1080.5
-5.0146e-05,-0.00015015,-1.9092e+05,-1118.6
-4.9177e-05,-0.00014065,-1.8722e+05,-1050.4
-4.8763e-05,-0.00012449,-1.8562e+05,-935.82
-4.7822e-05,-0.00012845,-1.8205e+05,-962.68
-4.7397e-05,-0.00011227,-1.8041e+05,-847.95
-4.639e-05,-0.00011551,-1.7659e+05,-869.66
-4.5824e-05,-0.00011224,-1.7443e+05,-845.9
-4.4654e-05,-9.9014e-05,-1.6996e+05,-751.12
-4.3987e-05,-0.0001122,-1.6744e+05,-843.47
-4.2596e-05,-0.00010506,-1.6214e+05,-791.44
-4.1898e-05,-0.0001034,-1.5948e+05,-778.86
-4.0374e-05,-0.00010013,-1.5368e+05,-754.03
-3.9615e-05,-0.00011831,-1.5082e+05,-881.49
-3.808e-05,-0.00011208,-1.4497e+05,-835.71
-3.7192e-05,-0.000142,-1.4163e+05,-1045.9
-3.5519e-05,-0.00014647,-1.3527e+05,-1075.5
-3.4637e-05,-0.00017599,-1.3195e+05,-1283
-3.2829e-05,-0.00020767,-1.2511e+05,-1504.5
-3.1873e-05,-0.00024989,-1.2152e+05,-1801.6
-3.0016e-05,-0.00028405,-1.145e+05,-2040.6
-2.9097e-05,-0.00033546,-1.1106e+05,-2402.5
-2.7676e-05,-0.00036711,-1.057e+05,-2623.7
-2.6496e-05,-0.00036424,-1.0122e+05,-2601.2
-2.5278e-05,-0.00033766,-96545,-2413.1
-2.3923e-05,-0.00030875,-91350,-2207.9
-2.3169e-05,-0.00027527,-88443,-1970.5
-2.1442e-05,-0.0002429,-81836,-1740
-2.008e-05,-0.00020792,-76617,-1491.4
-1.8588e-05,-0.00017179,-70897,-1234.6
-1.673e-05,-0.00012574,-63778,-907.27
-1.6169e-05,-7.719e-05,-61587,-563.8
-1.3287e-05,-2.3466e-05,-50564,-181.11
-1.1664e-05,4.0264e-05,-44317,270.74
-9.9198e-06,0.00013523,-37572,943.27
-6.2217e-06,0.0002517,-21783,1865.8
-4.2649e-06,0.00037952,-11114,2941.4
8.4616e-07,0.00043182,12230,3505.2
3.1263e-06,0.000442,21935,3620.3
3.4732e-06,0.00032505,19949,2627.2
3.5907e-06,0.00031349,20157,2533.2
3.1784e-06,0.00030392,18092,2442
2.6228e-06,0.00029945,15552,2390.4
2.2369e-06,0.00029415,13742,2336.6
1.5228e-06,0.00029051,10560,2288.8
1.0656e-06,0.00028559,8479.8,2237.1
1.8982e-07,0.00028224,4653.5,2189.2
-4.3246e-07,0.00027791,1921.7,2140.1
-1.3398e-06,0.00027461,-1977.9,2093.8
-1.9569e-06,0.00027056,-4665.6,2047.3
-2.3861e-06,0.00026831,-6475.5,2022.1
-2.9489e-06,0.00026642,-8839.1,1996.5
-3.4255e-06,0.00026445,-10839,1972.3
-4.0257e-06,0.00026273,-13336,1948.2
-4.5168e-06,0.00026091,-15371,1925.9
-5.1889e-06,0.00025925,-18129,1902.5
-5.6837e-06,0.00025711,-20162,1878.5
-6.3605e-06,0.00025552,-22908,1856.9
-6.8107e-06,0.00025322,-24743,1833.3
-7.5311e-06,0.00025155,-27634,1812
-7.9714e-06,0.00024918,-29409,1789
-8.6724e-06,0.00024746,-32196,1769
-9.2663e-06,0.00024506,-34552,1745.6
-1.0004e-05,0.00024317,-37456,1725.6
-1.0524e-05,0.0002406,-39501,1702.8
-1.1198e-05,0.00023817,-42133,1680.7
-1.1897e-05,0.00023516,-44848,1655.1
-1.2591e-05,0.00023228,-47532,1631.4
-1.3244e-05,0.00022979,-50047,1611.1
-1.3998e-05,0.0002271,-52947,1589.3
-1.4684e-05,0.00022458,-55576,1569.6
-1.5386e-05,0.00022194,-58258,1549.5
-1.6074e-05,0.00021897,-60880,1527.3
-1.6819e-05,0.00021606,-63719,1506
-1.7432e-05,0.00021397,-66053,1490.5
-1.8266e-05,0.00021193,-69229,1475.2
-1.9039e-05,0.00020928,-72170,1455.5
-1.9827e-05,0.00020659,-75171,1435.6
-2.0505e-05,0.0002032,-77754,1410.9
-2.1423e-05,0.00020119,-81247,1395.7
-2.207e-05,0.00019779,-83713,1370.9
-2.303e-05,0.00019566,-87366,1354.8
-2.3633e-05,0.00019252,-89665,1331.9
-2.4582e-05,0.00018904,-93276,1306.2
-2.5212e-05,0.00018645,-95677,1287.2
-2.6146e-05,0.00018367,-99232,1266.5
-2.6778e-05,0.00018051,-1.0164e+05,1243.5
-2.7666e-05,0.00017768,-1.0502e+05,1222.4
-2.8314e-05,0.00017458,-1.0749e+05,1199.8
-2.9124e-05,0.00017166,-1.1058e+05,1178.2
-2.9898e-05,0.00016868,-1.1352e+05,1156.3
-3.0822e-05,0.00016595,-1.1704e+05,1135.9
-3.1427e-05,0.00016275,-1.1934e+05,1112.7
-3.2416e-05,0.00016004,-1.2311e+05,1092.4
-3.3059e-05,0.00015691,-1.2556e+05,1069.5
-3.3972e-05,0.00015408,-1.2904e+05,1048.5
-3.4717e-05,0.00015106,-1.3187e+05,1026.3
-3.5554e-05,0.00014817,-1.3506e+05,1005
-3.6191e-05,0.00014504,-1.3748e+05,982.06
-3.7067e-05,0.00014217,-1.4082e+05,960.84
-3.7848e-05,0.00013919,-1.438e+05,938.85
-3.865e-05,0.00013627,-1.4685e+05,917.3
-3.9307e-05,0.0001332,-1.4936e+05,894.87
-4.0139e-05,0.00013024,-1.5252e+05,872.98
-4.0912e-05,0.00012723,-1.5547e+05,850.85
-4.1669e-05,0.00012423,-1.5835e+05,828.8
-4.2284e-05,0.00012108,-1.6069e+05,805.82
-4.2975e-05,0.00011796,-1.6332e+05,783.05
-4.3822e-05,0.0001151,-1.6655e+05,761.81
-4.4475e-05,0.00011194,-1.6904e+05,738.74
-4.5238e-05,0.00010897,-1.7194e+05,716.89
-4.5846e-05,0.00010575,-1.7426e+05,693.49
-4.6571e-05,0.00010271,-1.7702e+05,671.14
-4.7129e-05,9.9435e-05,-1.7915e+05,647.39
-4.7888e-05,9.6489e-05,-1.8204e+05,625.71
-4.8348e-05,9.3069e-05,-1.8379e+05,601.02
-4.9199e-05,9.0158e-05,-1.8703e+05,579.48
-4.9754e-05,8.6525e-05,-1.8915e+05,553.18
-5.119e-05,8.1283e-05,-1.9462e+05,514.5
-5.1885e-05,7.5097e-05,-1.9727e+05,470
-5.3176e-05,6.946e-05,-2.0218e+05,428.7
-5.384e-05,6.2976e-05,-2.0472e+05,382.14
-5.502e-05,5.7326e-05,-2.0922e+05,340.87
-5.5675e-05,5.0752e-05,-2.1172e+05,293.69
-5.7279e-05,4.5567e-05,-2.1782e+05,255.21
-5.8216e-05,2.5861e-05,-2.2141e+05,114.95
-5.8711e-05,-0.00014922,-2.235e+05,-1122.1
-5.8471e-05,-0.00081273,-2.2335e+05,-5808.8
2.584e-06,-0.0027221,-17910,-17175
