0.00098786,-0.030345,-5.3103e+05,-42739
-8.023e-05,-0.0046077,-3.6517e+05,-28902
-8.6995e-05,-0.0015568,-3.3052e+05,-11253
-8.0674e-05,0.00017823,-3.0668e+05,1165
-7.8687e-05,0.00096181,-2.9822e+05,6701.6
-7.3796e-05,0.0013813,-2.7790e+05,9759.6
-7.1289e-05,0.0014113,-2.6722e+05,10048
-6.5266e-05,0.0013516,-2.4376e+05,9670
-6.3097e-05,0.0012094,-2.3698e+05,8581.5
-5.8242e-05,0.0010647,-2.1935e+05,7519.1
-5.5604e-05,0.00092477,-2.1055e+05,6461.1
-5.035e-05,0.00078011,-1.9078e+05,5439.7
-4.779e-05,0.00063765,-1.8105e+05,4447.3
-4.2352e-05,0.00049809,-1.6052e+05,3468
-4.242e-05,0.00037158,-1.6092e+05,2574.6
-3.6487e-05,0.00028986,-1.3845e+05,2004.4
-3.4157e-05,0.00022933,-1.2965e+05,1579.7
-2.9433e-05,0.00019568,-1.1172e+05,1347.5
-2.6768e-05,0.00015004,-1.0164e+05,1028.3
-2.2052e-05,0.00010283,-83755,700.48
-2.2364e-05,0.00012593,-84916,863.17
-1.8181e-05,0.0001674,-68957,1160.8
-1.6559e-05,0.00020841,-62739,1452.3
-1.1953e-05,0.00026015,-46953,1707.4
-1.091e-05,0.00029971,-43874,1940.2
-7.4652e-06,0.00035438,-31948,2293.9
-7.1164e-06,0.0004077,-30650,2682.8
-3.9918e-06,0.00047267,-19512,3150.3
-3.209e-06,0.00050957,-16514,3427.6
-1.1237e-06,0.0005567,-8049.5,3817.9
-2.3965e-06,0.00056423,-357.04,4473
-1.5354e-06,0.00060781,5708.3,4879.2
-1.2797e-06,0.000665,8396.9,5367.1
-6.3225e-07,0.00072044,12728,5846.6
7.0462e-07,0.00077387,19951,6319.8
9.762e-07,0.00080851,21971,6607.6
1.3212e-07,0.00085734,19376,6980.9
4.3169e-07,0.00090271,21624,7346.9
4.5837e-07,0.00094838,22604,7703.7
1.6305e-06,0.00099532,28391,8081.6
9.3623e-07,0.0010554,26288,8521.6
2.3196e-06,0.0011075,32626,8915.8
2.6527e-06,0.0011333,34221,9101.6
3.1616e-06,0.0011343,36348,9112.3
4.2303e-06,0.0011305,40765,9092.5
4.3757e-06,0.0011005,41175,8881.8
5.534e-06,0.0010668,45771,8651.5
5.1072e-06,0.001027,43624,8361.1
6.3397e-06,0.00098277,48401,8051.6
5.5939e-06,0.00093858,44687,7714.3
6.4979e-06,0.00088565,47798,7325.2
5.2591e-06,0.00082323,41252,6813.5
5.5351e-06,0.00075477,41085,6274.9
4.2256e-06,0.00069714,34138,5784.6
3.7574e-06,0.00062757,30562,5211.5
2.2285e-06,0.00056269,22366,4645.9
1.2383e-06,0.00049011,16298,4026.5
-5.6855e-07,0.00044116,7270.5,3581.3
-1.7695e-06,0.00038798,769.55,3113.5
-4.1275e-06,0.00034981,-10245,2744.6
-5.415e-06,0.00031045,-16614,2392
-8.322e-06,0.00027974,-29327,2086.5
-9.7082e-06,0.00025215,-35500,1840.5
-1.3053e-05,0.00022516,-49169,1589.3
-1.4616e-05,0.00020435,-55346,1426.3
-1.8312e-05,0.00018395,-69434,1277.5
-1.9999e-05,0.00015975,-75879,1104.7
-2.3849e-05,0.00013921,-90549,955.24
-2.542e-05,0.00010538,-96563,714.54
-2.9489e-05,7.079e-05,-1.1208e+05,465.57
-3.1214e-05,3.6134e-05,-1.1868e+05,218.86
-3.5318e-05,1.101e-05,-1.3432e+05,36.681
-3.7065e-05,-2.8931e-05,-1.4101e+05,-247.38
-4.1258e-05,-5.5702e-05,-1.5699e+05,-441.3
-4.3034e-05,-0.00010283,-1.6380e+05,-776.18
-4.7131e-05,-0.00013236,-1.7943e+05,-989.49
-4.9155e-05,-0.00017663,-1.8718e+05,-1304.5
-5.3416e-05,-0.00019534,-2.0341e+05,-1441.6
-5.5165e-05,-0.00022714,-2.101e+05,-1668.2
-5.9501e-05,-0.0002543,-2.2663e+05,-1865.1
-6.1342e-05,-0.00028958,-2.3367e+05,-2116.4
-6.5508e-05,-0.0003019,-2.4954e+05,-2208.3
-6.7353e-05,-0.00034426,-2.566e+05,-2509.7
-7.1464e-05,-0.00035934,-2.7226e+05,-2621
-7.3262e-05,-0.00038239,-2.7913e+05,-2785.9
-7.7249e-05,-0.000405,-2.9433e+05,-2950.3
-7.9003e-05,-0.00043631,-3.0104e+05,-3173.5
-8.2756e-05,-0.00043896,-3.1532e+05,-3196.6
-8.4504e-05,-0.00047759,-3.2202e+05,-3471.5
-8.8155e-05,-0.00047768,-3.3591e+05,-3476.5
-8.9704e-05,-0.00048869,-3.4182e+05,-3556.1
-9.32e-05,-0.00049377,-3.5512e+05,-3596
-9.4732e-05,-0.00051306,-3.6097e+05,-3734.1
-9.7929e-05,-0.00049148,-3.7312e+05,-3585.5
-9.9337e-05,-0.00051259,-3.785e+05,-3736.3
-0.00010215,-0.00048468,-3.8918e+05,-3542.4
-0.00010345,-0.00049282,-3.9411e+05,-3601.4
-0.00010595,-0.00046427,-4.036e+05,-3402.7
-0.00010712,-0.00047538,-4.0808e+05,-3482.6
-0.00010944,-0.00043479,-4.1686e+05,-3198.6
-0.00011051,-0.00040778,-4.2088e+05,-3009.1
-0.0001124,-0.00037323,-4.2804e+05,-2767.2
-0.00011328,-0.0004046,-4.3143e+05,-2989.9
-0.00011486,-0.00036924,-4.3741e+05,-2741.9
-0.00011563,-0.00038761,-4.4037e+05,-2872.7
-0.00011697,-0.00035559,-4.4539e+05,-2648
-0.00011755,-0.00035803,-4.4762e+05,-2665.9
-0.00011856,-0.00034376,-4.5143e+05,-2566.3
-0.00011902,-0.00034631,-4.5321e+05,-2584.8
-0.00011967,-0.00033529,-4.5566e+05,-2507.8
-0.00011997,-0.00035334,-4.5683e+05,-2635.6
-0.00012037,-0.00032797,-4.5832e+05,-2456.9
-0.00012049,-0.00032475,-4.5877e+05,-2434.3
-0.00012058,-0.00030951,-4.5911e+05,-2326.7
-0.00012054,-0.00033251,-4.5897e+05,-2489.2
-0.00012039,-0.00030413,-4.5836e+05,-2288.5
-0.00012018,-0.00030899,-4.5757e+05,-2322.5
-0.00011969,-0.00030605,-4.5569e+05,-2301.2
-0.00011927,-0.00035708,-4.5416e+05,-2661.2
-0.0001185,-0.00030633,-4.5119e+05,-2301.8
-0.00011803,-0.00034546,-4.4942e+05,-2577.7
-0.00011694,-0.00030758,-4.4526e+05,-2308.8
-0.00011627,-0.00033568,-4.4272e+05,-2506.5
-0.00011482,-0.00034532,-4.3721e+05,-2572.9
-0.00011409,-0.00034727,-4.3444e+05,-2585.8
-0.00011233,-0.00031397,-4.2772e+05,-2348.5
-0.00011152,-0.00035087,-4.2465e+05,-2608.2
-0.00010946,-0.00030732,-4.1677e+05,-2298.2
-0.00010857,-0.00031548,-4.1341e+05,-2354.8
-0.00010623,-0.00030889,-4.045e+05,-2305.5
-0.00010517,-0.0003228,-4.0048e+05,-2402.5
-0.00010265,-0.00030388,-3.9088e+05,-2265.9
-0.00010177,-0.00031579,-3.8751e+05,-2349
-9.9074e-05,-0.00029591,-3.7724e+05,-2205.4
-9.8169e-05,-0.0002626,-3.7376e+05,-1969
-9.5908e-05,-0.00026964,-3.6517e+05,-2016.1
-9.4897e-05,-0.0002353,-3.6128e+05,-1772.4
-9.2513e-05,-0.00023973,-3.5221e+05,-1800.9
-9.1241e-05,-0.00022948,-3.4736e+05,-1727
-8.824e-05,-0.00019942,-3.359e+05,-1511.1
-8.6909e-05,-0.00022079,-3.3087e+05,-1660.5
-8.3634e-05,-0.00020339,-3.1838e+05,-1533.8
-8.1986e-05,-0.00019759,-3.1211e+05,-1490.9
-7.841e-05,-0.00018972,-2.9849e+05,-1431.1
-7.6386e-05,-0.00022471,-2.9083e+05,-1675.9
-7.3268e-05,-0.00021307,-2.7896e+05,-1590.1
-7.1664e-05,-0.00026831,-2.7292e+05,-1978.3
-6.7554e-05,-0.00027134,-2.5728e+05,-1994.9
-6.5826e-05,-0.00031186,-2.5076e+05,-2279
-6.2052e-05,-0.00035055,-2.3644e+05,-2547.8
-6.0138e-05,-0.00039563,-2.2922e+05,-2864
-5.6307e-05,-0.00041473,-2.1466e+05,-2994.3
-5.4524e-05,-0.00045057,-2.0792e+05,-3245.3
-5.1349e-05,-0.00044865,-1.9584e+05,-3228
-4.9657e-05,-0.00043121,-1.8939e+05,-3102.9
-4.6263e-05,-0.00040503,-1.7644e+05,-2914
-4.3766e-05,-0.00037524,-1.6691e+05,-2700.7
-4.0897e-05,-0.00034204,-1.5596e+05,-2462.9
-3.8612e-05,-0.00030808,-1.4723e+05,-2220.4
-3.4577e-05,-0.00027406,-1.3184e+05,-1975.4
-3.3895e-05,-0.00023467,-1.2919e+05,-1696.5
-2.7939e-05,-0.00019131,-1.0649e+05,-1383.3
-2.7078e-05,-0.00014084,-1.0315e+05,-1025.9
-2.2279e-05,-8.7152e-05,-84838,-641.26
-1.9149e-05,-2.2967e-05,-72859,-184.42
-1.5901e-05,7.2215e-05,-60394,491.41
-1.2519e-05,0.00019707,-47544,1366.6
-8.5314e-06,0.00032562,-29537,2441.9
-5.1535e-09,0.00042004,8417.5,3392.8
-1.0467e-06,0.00076113,12023,6174.2
-1.5374e-06,0.0006369,6619.7,5127.1
-3.04e-06,0.00062448,-226,4984.2
-3.9566e-06,0.00061018,-4602.7,4839.5
-6.1036e-06,0.00060476,-14002,4739.6
-7.1294e-06,0.00059519,-18651,4633.6
-9.2701e-06,0.00058969,-27910,4536.4
-1.0509e-05,0.00058084,-33367,4434.1
-1.2863e-05,0.00057553,-43372,4338.7
-1.4245e-05,0.00056691,-49315,4239.3
-1.6764e-05,0.0005612,-59766,4148.6
-1.807e-05,0.000553,-65329,4055.7
-1.9269e-05,0.00054911,-70254,4006
-2.0394e-05,0.0005433,-74666,3956.7
-2.1798e-05,0.00054143,-80575,3907.7
-2.2867e-05,0.00053646,-84866,3858.2
-2.4337e-05,0.00053365,-90822,3814.1
-2.5641e-05,0.00052938,-96023,3767.6
-2.7081e-05,0.00052523,-1.0173e+05,3722.3
-2.8283e-05,0.00052059,-1.0648e+05,3676.7
-3.0014e-05,0.00051686,-1.1325e+05,3636.5
-3.1351e-05,0.00051191,-1.1846e+05,3592
-3.2663e-05,0.00050687,-1.2354e+05,3548.9
-3.3976e-05,0.00050169,-1.286e+05,3506.5
-3.5745e-05,0.00049681,-1.3538e+05,3467.1
-3.6966e-05,0.00049096,-1.4004e+05,3423.9
-3.8673e-05,0.00048528,-1.4654e+05,3381.8
-3.9836e-05,0.00047877,-1.5097e+05,3334.5
-4.1664e-05,0.00047289,-1.5793e+05,3290.9
-4.2789e-05,0.00046588,-1.6222e+05,3240.1
-4.4622e-05,0.00046011,-1.692e+05,3197.2
-4.5604e-05,0.00045323,-1.7294e+05,3147.5
-4.77e-05,0.00044779,-1.8092e+05,3106.7
-4.896e-05,0.00044133,-1.8572e+05,3059.7
-5.087e-05,0.00043563,-1.9299e+05,3017.2
-5.1994e-05,0.00042891,-1.9727e+05,2968.5
-5.3902e-05,0.00042325,-2.0454e+05,2926.3
-5.5071e-05,0.00041667,-2.09e+05,2878.5
-5.6979e-05,0.00041096,-2.1626e+05,2836
-5.8256e-05,0.00040443,-2.2113e+05,2788.4
-5.9996e-05,0.00039855,-2.2775e+05,2744.9
-6.1468e-05,0.00039231,-2.3336e+05,2699.1
-6.3305e-05,0.00038653,-2.4036e+05,2656.2
-6.4718e-05,0.00038013,-2.4574e+05,2609.4
-6.661e-05,0.00037442,-2.5294e+05,2566.9
-6.8006e-05,0.00036811,-2.5826e+05,2520.7
-6.9909e-05,0.00036244,-2.6551e+05,2478.4
-7.1353e-05,0.00035617,-2.7101e+05,2432.5
-7.3103e-05,0.00035022,-2.7767e+05,2388.5
-7.4256e-05,0.00034361,-2.8207e+05,2340.5
-7.6048e-05,0.0003378,-2.8889e+05,2297.4
-7.7196e-05,0.00033118,-2.9327e+05,2249.3
-7.9157e-05,0.0003255,-3.0074e+05,2206.9
-8.0664e-05,0.00031936,-3.0648e+05,2161.9
-8.2265e-05,0.00031327,-3.1257e+05,2117
-8.3794e-05,0.00030712,-3.184e+05,2071.7
-8.5407e-05,0.00030101,-3.2455e+05,2026.8
-8.6776e-05,0.00029463,-3.2976e+05,1980.2
-8.8549e-05,0.00028876,-3.3652e+05,1936.6
-8.9964e-05,0.00028247,-3.4190e+05,1890.6
-9.1637e-05,0.00027645,-3.4828e+05,1846.1
-9.3205e-05,0.00027032,-3.5425e+05,1801
-9.4863e-05,0.0002643,-3.6056e+05,1756.6
-9.6216e-05,0.00025795,-3.6572e+05,1710.2
-9.7794e-05,0.00025189,-3.7174e+05,1665.5
-9.9105e-05,0.00024537,-3.7673e+05,1618
-0.00010092,0.00023952,-3.8362e+05,1574.5
-0.00010212,0.00023297,-3.8823e+05,1526.9
-0.00010378,0.00022697,-3.9452e+05,1482.6
-0.00010499,0.00022035,-3.9914e+05,1434.4
-0.00010669,0.00021441,-4.0562e+05,1390.5
-0.00010786,0.00020778,-4.1008e+05,1342.3
-0.00010941,0.00020167,-4.1601e+05,1297.4
-0.00011037,0.00019474,-4.1964e+05,1247.3
-0.0001121,0.00018882,-4.2626e+05,1203.5
-0.00011294,0.00018179,-4.2946e+05,1152.9
-0.00011447,0.00017568,-4.3529e+05,1107.9
-0.00011527,0.00016852,-4.3832e+05,1056.5
-0.00011689,0.00016245,-4.4451e+05,1011.7
-0.00011776,0.00015474,-4.4784e+05,956.2
-0.00012044,0.00014365,-4.5805e+05,874.76
-0.0001215,0.00013054,-4.6207e+05,780.94
-0.00012372,0.00011868,-4.7055e+05,694.58
-0.00012467,0.00010519,-4.7418e+05,598.16
-0.00012626,9.2687e-05,-4.8026e+05,507.98
-0.00012706,7.8931e-05,-4.833e+05,409.88
-0.00012843,6.6105e-05,-4.8852e+05,317.68
-0.00012933,5.0109e-05,-4.9196e+05,203.63
-0.00012947,-5.9513e-05,-4.9262e+05,-570.99
-0.00012715,-0.00092472,-4.8483e+05,-6680.7
5.5396e-05,-0.0054418,-90446,-22137
