-6.045e-06,-0.00022087,-28474,-2527.6
-4.6113e-06,-0.00017003,-21841,-1939
-5.0232e-06,-9.7281e-05,-22450,-1143.8
-7.1678e-06,-4.1658e-05,-30088,-591.25
-7.5179e-06,-6.5814e-06,-30803,-223.29
-6.2713e-06,4.5866e-07,-25574,-122.66
-6.5693e-06,8.2065e-06,-26632,-45.873
-6.9922e-06,9.9406e-06,-28322,-35.932
-7.0258e-06,1.086e-05,-28440,-26.782
-7.2149e-06,1.1494e-05,-29199,-23.854
-7.2585e-06,1.1688e-05,-29373,-22.662
-7.4226e-06,1.0832e-05,-30060,-35.152
-7.6493e-06,9.3698e-06,-31014,-55.402
-6.8764e-06,2.2212e-07,-28047,-137.5
-7.1409e-06,-7.5326e-06,-29284,-225.8
-7.7208e-06,-1.076e-05,-31715,-272.1
-7.7499e-06,-1.0574e-05,-31830,-270.71
-7.8135e-06,-9.0646e-06,-32059,-255.86
-7.9668e-06,-8.6402e-06,-32676,-254.44
-7.4075e-06,-8.7199e-06,-30396,-243.91
-7.6798e-06,-1.0344e-05,-31540,-266.82
-8.1948e-06,-9.649e-06,-33626,-269.87
-8.183e-06,-8.0324e-06,-33545,-252.34
-8.2813e-06,-5.6962e-06,-33899,-229.36
-8.2063e-06,-6.9971e-06,-33620,-241.74
-8.3636e-06,-6.2855e-06,-34246,-237.33
-8.2185e-06,-5.5169e-06,-33639,-226.16
-8.3135e-06,-4.3863e-06,-34004,-216
-8.1937e-06,-4.6768e-06,-33521,-216.68
-8.2035e-06,-4.3984e-06,-33555,-213.9
-8.1493e-06,-4.866e-06,-33344,-217.79
-8.1317e-06,-3.6216e-06,-33246,-204.13
-7.9568e-06,-5.1151e-06,-32563,-216.54
-8.0868e-06,-1.1179e-05,-33217,-284.03
-8.4971e-06,-1.0113e-05,-34869,-280.97
-7.6706e-06,-5.4854e-06,-31403,-214.68
-7.5265e-06,-1.2983e-05,-30968,-291.92
-7.9457e-06,-1.6866e-05,-32757,-341.97
-7.7296e-06,-1.5177e-05,-31841,-319.51
-7.7344e-06,-1.2841e-05,-31813,-294.63
-7.5671e-06,-1.0185e-05,-31076,-262.83
-7.5409e-06,-7.4265e-06,-30914,-232.8
-7.3618e-06,-3.2917e-06,-30099,-184.94
-7.0802e-06,-2.1853e-06,-28928,-167.38
-7.1347e-06,-4.313e-06,-29193,-191.25
-6.9907e-06,-2.3198e-06,-28565,-167
-6.9798e-06,-2.987e-06,-28534,-173.91
-6.9603e-06,-1.6856e-06,-28428,-159.6
-6.7993e-06,-3.3985e-07,-27744,-141.94
-6.7245e-06,-3.3038e-06,-27499,-172.11
-6.5345e-06,-6.5484e-06,-26790,-202.94
-6.3093e-06,-1.0029e-05,-25942,-235.57
-6.3437e-06,-1.6158e-05,-26207,-301.81
-6.4564e-06,-1.6739e-05,-26679,-310.31
-6.2466e-06,-1.1497e-05,-25716,-249.99
-6.435e-06,-2.3174e-06,-26298,-155.67
-5.8442e-06,9.1434e-06,-23655,-21.106
-5.8001e-06,6.4459e-06,-23530,-49.052
-5.5816e-06,8.8132e-06,-22590,-19.296
-5.4629e-06,8.3694e-06,-22115,-21.627
-5.2534e-06,1.2112e-05,-21184,22.658
-5.1343e-06,1.1028e-05,-20720,13.486
-4.9158e-06,1.4279e-05,-19763,52.69
-4.8046e-06,1.2e-05,-19356,30.59
-4.5704e-06,1.3202e-05,-18376,48.202
-4.4666e-06,1.0056e-05,-18017,16.671
-4.2622e-06,9.3121e-06,-17198,12.877
-4.1325e-06,3.2064e-06,-16793,-49.772
-3.9568e-06,-3.2586e-07,-16148,-83.969
-3.9559e-06,-2.4621e-06,-16188,-106.79
-3.687e-06,-1.2238e-06,-15066,-88.082
-3.7284e-06,-1.5805e-06,-15242,-92.738
-3.554e-06,3.471e-07,-14491,-68.578
-3.559e-06,2.5632e-06,-14466,-44.984
-3.4144e-06,7.5635e-06,-13775,11.422
-3.4561e-06,1.6854e-05,-13756,109.92
-3.1045e-06,2.5327e-05,-12149,207.67
-3.3404e-06,1.7758e-05,-13266,121.94
-3.174e-06,1.2525e-05,-12693,69.364
-3.0267e-06,7.402e-06,-12197,17.582
-2.8755e-06,5.1725e-06,-11625,-3.182
-2.9054e-06,2.1787e-06,-11808,-35.802
-2.8861e-06,9.4382e-07,-11754,-48.614
-2.8782e-06,-4.2682e-07,-11750,-63.108
-2.8927e-06,1.1898e-06,-11776,-46.116
-2.8325e-06,3.5493e-06,-11483,-19.664
-2.8305e-06,9.2431e-06,-11359,41.259
-2.9529e-06,1.8154e-05,-11677,134.05
-2.9795e-06,2.6738e-05,-11611,225.3
-3.1306e-06,1.999e-05,-12364,150.07
-3.158e-06,1.586e-05,-12560,105.35
-3.1055e-06,1.1255e-05,-12440,57.178
-3.2262e-06,9.8174e-06,-12961,39.351
-3.194e-06,6.7616e-06,-12892,7.3322
-3.3651e-06,6.0611e-06,-13604,-3.6387
-3.3899e-06,4.6358e-06,-13734,-19.383
-3.5668e-06,5.6853e-06,-14435,-11.76
-3.6112e-06,4.7062e-06,-14636,-23.132
-3.7914e-06,6.2785e-06,-15339,-9.9853
-3.8482e-06,5.5149e-06,-15586,-19.304
-4.0277e-06,8.3995e-06,-16260,7.8886
-4.0795e-06,6.539e-06,-16509,-13.058
-4.2017e-06,7.1267e-06,-16995,-9.2599
-4.4677e-06,7.0118e-06,-18083,-15.9
-4.6464e-06,7.9521e-06,-18792,-9.4793
-4.7471e-06,3.8891e-06,-19286,-54.974
-4.9222e-06,3.7874e-06,-20003,-59.623
-5.0305e-06,7.7824e-07,-20506,-94.002
-5.2247e-06,2.468e-06,-21263,-79.882
-5.3449e-06,-2.1532e-07,-21808,-111.02
-5.5499e-06,1.5196e-06,-22609,-96.64
-5.6594e-06,-1.2238e-06,-23112,-128.2
-5.8837e-06,1.2045e-06,-23977,-106.8
-6.0065e-06,-1.6316e-06,-24536,-139.62
-6.2297e-06,1.4688e-07,-25410,-125.15
-6.3315e-06,-2.6766e-06,-25883,-157.41
-6.5468e-06,-7.1226e-07,-26721,-140.78
-6.6249e-06,-4.3227e-06,-27114,-180.98
-6.7866e-06,-5.779e-06,-27803,-199.84
-6.9061e-06,-7.2563e-06,-28320,-218.07
-7.0559e-06,-8.6808e-06,-28960,-236.34
-7.0927e-06,-6.7653e-06,-29072,-216.61
-7.2579e-06,-6.1639e-06,-29733,-213.54
-7.3022e-06,-9.9312e-06,-29990,-254.72
-7.4865e-06,-7.6565e-06,-30696,-234.15
-7.5281e-06,-6.9847e-06,-30852,-227.81
-7.7532e-06,-7.4487e-06,-31780,-237.35
-7.5857e-06,-6.9871e-06,-31087,-229.01
-7.8356e-06,-3.0758e-06,-32027,-192.27
-7.9211e-06,-5.0062e-06,-32415,-214.65
-8.0932e-06,-3.8946e-06,-33095,-206.26
-8.1434e-06,-4.4829e-06,-33312,-213.58
-8.0203e-06,-7.1881e-06,-32864,-240
-8.2266e-06,-6.6114e-06,-33694,-238.03
-8.314e-06,-3.7663e-06,-33993,-209.38
-8.3658e-06,-5.5339e-06,-34240,-229.34
-8.4236e-06,-2.9073e-06,-34422,-202.43
-8.5098e-06,-4.4923e-06,-34807,-221.13
-8.284e-06,-4.8521e-06,-33892,-220.38
-9.4294e-06,-8.8376e-08,-38468,-192.75
-8.7247e-06,-9.4147e-06,-35783,-278.14
-8.5651e-06,-1.1208e-05,-35169,-294.07
-8.7131e-06,-7.544e-06,-35698,-257.9
-8.6065e-06,-6.0884e-06,-35233,-240.16
-9.672e-06,-4.205e-06,-39542,-241.7
-8.4721e-06,-1.1747e-05,-34800,-297.94
-8.4743e-06,-1.3225e-05,-34839,-313.79
-8.473e-06,-1.3269e-05,-34835,-314.23
-8.396e-06,-1.531e-05,-34562,-334.49
-8.2908e-06,-1.5171e-05,-34130,-330.86
-8.2012e-06,-1.2543e-05,-33711,-300.94
-8.059e-06,-1.0208e-05,-33084,-273.08
-7.9636e-06,-9.09e-06,-32672,-259.19
-7.8363e-06,-5.5549e-06,-32081,-218.8
-7.8288e-06,1.8423e-06,-31900,-139.54
-7.67e-06,6.6915e-06,-31153,-84.463
-7.612e-06,1.1304e-05,-30822,-33.964
-7.456e-06,1.2354e-05,-30165,-19.561
-7.4068e-06,1.335e-05,-29944,-7.9142
-6.4247e-06,1.0607e-05,-25993,-17.268
-6.9682e-06,1.0434e-05,-28214,-30.168
-5.9623e-06,4.7027e-06,-24227,-70.99
-6.4728e-06,1.2039e-06,-26381,-118.79
-6.335e-06,-8.7205e-06,-26020,-222.1
-7.8635e-06,-1.9095e-05,-32467,-364.13
-5.2158e-06,-6.3995e-05,-22579,-790.38
-6.7252e-06,-0.00011639,-29791,-1382.2
-4.5588e-06,-0.00019377,-21874,-2206
-9.776e-07,-0.0002189,-6474.5,-2472.5
-6.0816e-07,-4.8496e-05,-3380.1,-536.2
-1.4831e-07,2.3234e-05,-73.093,248.78
-1.5182e-07,2.3107e-05,-81.317,247.84
3.785e-07,2.1746e-05,2103,246.9
3.6835e-07,2.1745e-05,2051.6,245.96
7.3274e-07,2.0854e-05,3538.2,245.02
5.9519e-07,2.1202e-05,2961.2,244.09
7.6505e-07,2.0833e-05,3646.4,243.17
6.5604e-07,2.101e-05,3191.6,242.22
7.9469e-07,2.063e-05,3760.3,241.28
8.1313e-07,2.0524e-05,3831.4,240.35
8.1624e-07,2.0437e-05,3842.2,239.45
8.8924e-07,2.0226e-05,4144,238.93
9.0657e-07,2.014e-05,4215.2,238.41
9.665e-07,1.9959e-05,4463.3,237.88
9.3177e-07,1.9989e-05,4318,237.36
1.0128e-06,1.9762e-05,4655,236.84
1.0117e-06,1.9717e-05,4648.9,236.32
1.0226e-06,1.9645e-05,4693.8,235.79
1.0357e-06,1.9569e-05,4747.4,235.27
1.0638e-06,1.9461e-05,4863.9,234.75
1.0773e-06,1.9384e-05,4919.4,234.23
1.1068e-06,1.9272e-05,5042.3,233.71
1.1222e-06,1.9192e-05,5105.9,233.19
1.1588e-06,1.9065e-05,5258.8,232.67
1.182e-06,1.8969e-05,5355.5,232.15
1.2226e-06,1.8835e-05,5525.4,231.62
1.2901e-06,1.8645e-05,5809.4,231.1
1.3213e-06,1.8534e-05,5940.5,230.58
1.4061e-06,1.8313e-05,6299.2,230.06
1.4428e-06,1.8193e-05,6454.7,229.54
1.4293e-06,1.8174e-05,6396.4,229.02
1.5535e-06,1.7881e-05,6926.4,228.5
1.5533e-06,1.7836e-05,6924.7,227.99
1.5431e-06,1.7811e-05,6880.4,227.47
1.5257e-06,1.7798e-05,6804.6,226.94
1.7277e-06,1.7344e-05,7666.1,226.43
1.6372e-06,1.748e-05,7278.2,225.91
1.7458e-06,1.7219e-05,7742.8,225.39
1.6816e-06,1.73e-05,7466.6,224.87
1.5873e-06,1.7442e-05,7062,224.35
1.5556e-06,1.746e-05,6925.8,223.84
1.6282e-06,1.7268e-05,7235,223.32
1.687e-06,1.7103e-05,7485.4,222.8
1.7032e-06,1.7026e-05,7554.5,222.28
1.7537e-06,1.6878e-05,7769.5,221.77
1.8579e-06,1.6603e-05,8209,221.25
1.855e-06,1.6545e-05,8191,220.74
1.9652e-06,1.6262e-05,8659.5,220.22
2.007e-06,1.6108e-05,8832,219.7
1.8529e-06,1.6358e-05,8164.1,219.19
1.8821e-06,1.623e-05,8281.7,218.67
1.8857e-06,1.6157e-05,8290.8,218.18
2.0138e-06,1.5816e-05,8840.6,217.64
1.9112e-06,1.5934e-05,8411,217.12
1.8797e-06,1.5921e-05,8282,216.61
1.9924e-06,1.5667e-05,8756.7,216.09
1.9032e-06,1.586e-05,8363.8,215.58
1.8251e-06,1.5972e-05,8031.9,215.06
1.8255e-06,1.5957e-05,8028,214.56
1.9237e-06,1.5717e-05,8447.4,214.03
1.842e-06,1.5856e-05,8101.5,213.52
1.7513e-06,1.6012e-05,7716.8,213.01
1.79e-06,1.5898e-05,7884.5,212.5
1.8918e-06,1.5655e-05,8322.4,211.98
1.8374e-06,1.5733e-05,8091.9,211.47
1.7309e-06,1.5914e-05,7638.2,210.95
1.6733e-06,1.5995e-05,7393.7,210.44
1.6872e-06,1.5933e-05,7455.6,209.93
1.6799e-06,1.591e-05,7426.3,209.41
1.6598e-06,1.59e-05,7337.4,208.9
1.5587e-06,1.6055e-05,6904.4,208.39
1.5608e-06,1.6006e-05,6913.2,207.88
1.5142e-06,1.6049e-05,6712.3,207.36
1.4508e-06,1.6119e-05,6437.8,206.85
1.3871e-06,1.6193e-05,6164.2,206.34
1.4636e-06,1.5971e-05,6480.8,205.83
1.4729e-06,1.589e-05,6514.9,205.32
1.3579e-06,1.6077e-05,6025.5,204.81
1.3585e-06,1.5974e-05,6032.7,204.27
1.1407e-06,1.6223e-05,5110.5,203.33
1.1478e-06,1.5987e-05,5133.1,202.42
7.8231e-07,1.685e-05,3628.7,201.49
7.2411e-07,1.691e-05,3388.8,200.58
6.9759e-07,1.6896e-05,3275.7,199.66
4.1902e-07,1.7456e-05,2130.7,198.75
2.7464e-07,1.7666e-05,1540.1,197.84
-2.4925e-08,1.822e-05,315.95,196.92
-3.2598e-07,1.8793e-05,-918.79,196.01
-4.088e-07,1.1475e-05,-1426.9,114.84
-1.0028e-06,-6.6615e-05,-5302.5,-741.3
