-1.2087e-05,-0.0004766,-56082,-5524.3
-9.7524e-06,-0.00037551,-45543,-4331.6
-1.1003e-05,-0.00022645,-49356,-2654.8
-1.4847e-05,-0.00010273,-62657,-1400.6
-1.5399e-05,-2.7874e-05,-63388,-611.3
-1.3843e-05,-1.4578e-06,-56502,-297.17
-1.4447e-05,1.7612e-05,-58578,-105.53
-1.5312e-05,2.3616e-05,-61986,-58.94
-1.5521e-05,2.7804e-05,-62754,-18.407
-1.5992e-05,2.803e-05,-64671,-25.567
-1.608e-05,2.7331e-05,-65044,-34.833
-1.6528e-05,2.5763e-05,-66902,-60.697
-1.6614e-05,2.2381e-05,-67320,-98.608
-1.7653e-05,1.2062e-05,-71769,-230.09
-1.6088e-05,-3.9909e-06,-65712,-369.92
-1.6616e-05,-2.0745e-05,-68208,-559.82
-1.6897e-05,-2.5577e-05,-69453,-617.21
-1.72e-05,-2.3574e-05,-70648,-601.96
-1.7143e-05,-2.3849e-05,-70420,-603.73
-1.8429e-05,-1.8913e-05,-75565,-577.11
-1.6876e-05,-1.663e-05,-69184,-521.1
-1.7484e-05,-2.1249e-05,-71760,-582.88
-1.7722e-05,-2.1293e-05,-72732,-588.19
-1.8084e-05,-1.6486e-05,-74111,-544.15
-1.7989e-05,-1.8173e-05,-73758,-560.26
-1.8158e-05,-1.6095e-05,-74405,-541.48
-1.8102e-05,-1.5856e-05,-74170,-537.77
-1.8208e-05,-1.2798e-05,-74539,-507.22
-1.8053e-05,-1.71e-05,-73994,-550.07
-1.8194e-05,-1.8936e-05,-74608,-572.58
-1.8163e-05,-2.308e-05,-74565,-616.26
-1.8325e-05,-2.0215e-05,-75169,-588.92
-1.8126e-05,-1.7314e-05,-74296,-553.84
-1.8275e-05,-2.209e-05,-75003,-607.96
-1.8782e-05,-1.7902e-05,-76986,-573.48
-1.7679e-05,-7.2412e-06,-72270,-437.04
-1.7595e-05,-1.9009e-05,-72167,-561.18
-1.7757e-05,-2.2943e-05,-72906,-606.53
-1.745e-05,-1.9269e-05,-71582,-561.01
-1.7352e-05,-1.5079e-05,-71096,-514.21
-1.6943e-05,-1.8739e-05,-69502,-545.03
-1.7075e-05,-2.0165e-05,-70066,-562.95
-1.6743e-05,-1.4165e-05,-68591,-492.04
-1.655e-05,-1.4168e-05,-67804,-488.15
-1.642e-05,-1.6466e-05,-67321,-510.08
-1.6228e-05,-1.3642e-05,-66481,-475.98
-1.6107e-05,-1.1952e-05,-65951,-455.44
-1.5828e-05,-1.0034e-05,-64774,-429.25
-1.573e-05,-1.0055e-05,-64375,-427.48
-1.5593e-05,-1.2689e-05,-63868,-452.85
-1.5263e-05,-1.3619e-05,-62542,-456.09
-1.5025e-05,-1.1723e-05,-61531,-430.97
-1.468e-05,-1.1009e-05,-60112,-416.33
-1.4707e-05,-1.6117e-05,-60324,-471.49
-1.4253e-05,-8.9731e-06,-58326,-385.86
-1.4363e-05,-1.8501e-06,-58632,-311.95
-1.3416e-05,1.2761e-05,-54472,-136.44
-1.329e-05,4.2593e-06,-54129,-224.78
-1.2908e-05,7.7209e-06,-52500,-179.99
-1.2667e-05,4.51e-06,-51583,-209.43
-1.2265e-05,1.0364e-05,-49825,-138.66
-1.2094e-05,6.2339e-06,-49209,-179.34
-1.1662e-05,1.2429e-05,-47322,-104.31
-1.1511e-05,6.558e-06,-46824,-164.01
-1.1021e-05,9.3191e-06,-44769,-124.52
-1.0916e-05,4.5222e-06,-44439,-173.68
-1.0547e-05,7.2254e-06,-42880,-137.28
-1.0489e-05,9.9765e-06,-42587,-106.68
-1.0155e-05,1.6962e-05,-41083,-25.19
-9.8623e-06,1.2322e-05,-39982,-68.846
-9.5463e-06,1.7151e-05,-38595,-10.781
-9.467e-06,1.4974e-05,-38315,-32.452
-9.1048e-06,1.8513e-05,-36766,12.761
-9.0535e-06,1.8018e-05,-36566,8.5123
-8.7472e-06,2.4118e-05,-35193,79.973
-8.8057e-06,3.5554e-05,-35199,201.07
-8.2688e-06,4.7851e-05,-32759,343.47
-8.4587e-06,3.4366e-05,-33808,195.42
-8.2556e-06,2.7984e-05,-33109,131.3
-8.0692e-06,2.0129e-05,-32508,51.108
-7.9053e-06,1.9651e-05,-31849,49.324
-7.9342e-06,1.4425e-05,-32074,-7.1379
-7.8919e-06,1.3743e-05,-31915,-13.57
-7.8953e-06,9.8196e-06,-32009,-55.598
-7.9179e-06,1.3369e-05,-32028,-18.109
-7.8729e-06,1.4667e-05,-31819,-3.3072
-7.912e-06,2.4138e-05,-31785,97.176
-8.0627e-06,3.5756e-05,-32164,218.34
-8.1031e-06,4.9046e-05,-32058,359.63
-8.4016e-06,3.7564e-05,-33510,230.77
-8.4684e-06,3.3159e-05,-33872,182.32
-8.5118e-06,2.5623e-05,-34202,100.85
-8.696e-06,2.5629e-05,-34954,97.169
-8.7151e-06,1.812e-05,-35184,16.491
-8.9183e-06,1.6558e-05,-36045,-4.352
-9.08e-06,1.5647e-05,-36723,-17.378
-9.4201e-06,1.9655e-05,-38029,18.555
-9.5723e-06,8.9229e-06,-38868,-99.296
-9.7613e-06,5.2016e-06,-39715,-142.93
-9.9666e-06,2.5874e-06,-40605,-175.06
-1.0217e-05,9.614e-06,-41485,-105.02
-1.0401e-05,1.0154e-05,-42224,-102.99
-1.0723e-05,1.7013e-05,-43397,-36.187
-1.114e-05,2.1657e-05,-45004,4.9889
-1.1518e-05,2.2648e-05,-46526,7.891
-1.167e-05,1.2682e-05,-47350,-101.77
-1.2061e-05,1.2501e-05,-48948,-111.65
-1.2264e-05,4.48e-06,-49941,-201.56
-1.2614e-05,8.3405e-06,-51289,-167.39
-1.2863e-05,5.0621e-06,-52370,-207.51
-1.3283e-05,6.4933e-06,-54056,-200.75
-1.3503e-05,9.4643e-08,-55082,-273.64
-1.3913e-05,3.3991e-06,-56690,-246.66
-1.4138e-05,-2.7644e-06,-57733,-317.14
-1.4543e-05,-2.3272e-06,-59374,-320.7
-1.4703e-05,-7.9195e-06,-60143,-383.76
-1.5095e-05,-5.3386e-06,-61689,-364.14
-1.5284e-05,-1.1367e-05,-62580,-432.43
-1.5585e-05,-1.6153e-05,-63908,-489.75
-1.575e-05,-2.0171e-05,-64661,-536.06
-1.6014e-05,-2.3787e-05,-65812,-580.1
-1.6088e-05,-1.7681e-05,-65992,-516.32
-1.6352e-05,-1.6714e-05,-67046,-511.34
-1.6465e-05,-2.3023e-05,-67636,-581.1
-1.6751e-05,-2.0042e-05,-68742,-555.04
-1.6789e-05,-1.9152e-05,-68879,-546.3
-1.7228e-05,-1.9194e-05,-70674,-555.7
-1.6873e-05,-1.6339e-05,-69164,-517.93
-1.7315e-05,-8.8596e-06,-70817,-446.94
-1.7466e-05,-1.1805e-05,-71494,-481.52
-1.7765e-05,-1.1858e-05,-72715,-488.17
-1.7779e-05,-1.4326e-05,-72820,-514.83
-1.7462e-05,-2.0706e-05,-71656,-576.6
-1.7879e-05,-1.7256e-05,-73288,-548.2
-1.8061e-05,-1.125e-05,-73907,-487.67
-1.8108e-05,-1.5761e-05,-74192,-536.87
-1.816e-05,-1.1286e-05,-74315,-490.08
-1.8255e-05,-1.4614e-05,-74770,-527.6
-1.793e-05,-1.4026e-05,-73432,-514.71
-1.9462e-05,-4.7565e-06,-79491,-446.73
-1.8534e-05,-1.903e-05,-75999,-580.5
-1.832e-05,-2.1539e-05,-75175,-602.97
-1.8498e-05,-1.6608e-05,-75803,-553.88
-1.8291e-05,-1.3976e-05,-74902,-521.5
-1.9688e-05,-1.2538e-05,-80574,-534.55
-1.8053e-05,-2.087e-05,-74072,-590.39
-1.7846e-05,-2.6869e-05,-73350,-650.33
-1.7997e-05,-2.4464e-05,-73918,-627.69
-1.7857e-05,-2.8886e-05,-73438,-672.13
-1.7652e-05,-2.9863e-05,-72620,-678.4
-1.7521e-05,-2.621e-05,-72009,-636.66
-1.7287e-05,-2.2138e-05,-70972,-588.37
-1.7059e-05,-2.1549e-05,-70030,-577.43
-1.6926e-05,-1.1974e-05,-69293,-472.33
-1.6863e-05,4.3279e-06,-68704,-296.73
-1.6653e-05,1.6974e-05,-67593,-157.24
-1.6607e-05,2.6537e-05,-67210,-54.04
-1.633e-05,2.938e-05,-66019,-17.989
-1.5222e-05,3.0577e-05,-61477,17.332
-1.6919e-05,3.6735e-05,-68274,48.67
-1.4822e-05,3.3697e-05,-59782,58.837
-1.6061e-05,2.1418e-05,-65086,-97.674
-1.3905e-05,1.7591e-06,-56688,-264.02
-1.3709e-05,-2.2456e-05,-56381,-518.97
-1.5455e-05,-5.6311e-05,-64194,-916.53
-1.1467e-05,-0.00014636,-49757,-1798.3
-1.3273e-05,-0.00026631,-59411,-3128.7
-1.0324e-05,-0.00041989,-48198,-4852.9
-2.3836e-06,-0.00046389,-12369,-5392.2
-1.1546e-06,-0.00010472,-6433.2,-1167.2
-3.2205e-07,4.6996e-05,-239.11,502.69
2.0563e-08,4.9571e-05,1260.7,539.91
1.0526e-06,5.0038e-05,5618.6,572.77
1.3429e-06,4.9224e-05,6813.3,571.03
2.0596e-06,4.7194e-05,9836.4,569.33
2.1396e-06,4.6844e-05,10179,567.63
2.5899e-06,4.5541e-05,12113,565.93
2.7366e-06,4.4994e-05,12736,564.26
3.0451e-06,4.4059e-05,14073,562.54
3.1829e-06,4.3567e-05,14672,560.86
3.4651e-06,4.2685e-05,15911,559.23
3.5085e-06,4.2486e-05,16082,558.28
3.658e-06,4.2015e-05,16744,557.33
3.6749e-06,4.1822e-05,16800,556.38
3.8564e-06,4.1141e-05,17565,555.43
3.8115e-06,4.0738e-05,17266,554.48
4.0551e-06,3.9917e-05,18332,553.53
4.055e-06,3.9763e-05,18305,552.58
4.1904e-06,3.9112e-05,18869,551.63
4.2462e-06,3.8603e-05,19045,550.69
4.2726e-06,3.8511e-05,19185,549.74
4.372e-06,3.7936e-05,19574,548.79
4.4046e-06,3.7552e-05,19677,547.85
4.4346e-06,3.7543e-05,19842,546.9
4.5022e-06,3.7105e-05,20105,545.95
4.4764e-06,3.7441e-05,20066,545
4.5528e-06,3.7636e-05,20500,544.06
4.4699e-06,3.8382e-05,20246,543.12
4.3791e-06,3.9145e-05,19951,542.18
4.4864e-06,3.8823e-05,20435,541.24
4.4282e-06,3.8878e-05,20171,540.29
4.5634e-06,3.8486e-05,20777,539.35
4.6455e-06,3.822e-05,21148,538.41
4.684e-06,3.8053e-05,21323,537.47
4.695e-06,3.7945e-05,21369,536.52
4.8396e-06,3.754e-05,22024,535.58
4.8533e-06,3.7426e-05,22085,534.65
4.8704e-06,3.7304e-05,22156,533.7
4.8663e-06,3.7229e-05,22135,532.74
4.8927e-06,3.7094e-05,22258,531.81
4.7876e-06,3.7243e-05,21772,530.87
4.8299e-06,3.7074e-05,21973,529.94
4.7698e-06,3.7133e-05,21692,528.99
4.7784e-06,3.7037e-05,21733,528.06
4.7715e-06,3.6974e-05,21698,527.12
4.8665e-06,3.6671e-05,22125,526.18
4.866e-06,3.6592e-05,22120,525.25
4.9459e-06,3.6333e-05,22483,524.3
4.9001e-06,3.6355e-05,22272,523.37
4.8926e-06,3.629e-05,22234,522.43
4.8722e-06,3.6256e-05,22140,521.5
4.9469e-06,3.6007e-05,22476,520.55
5.1137e-06,3.5563e-05,23238,519.62
5.0066e-06,3.5722e-05,22748,518.69
4.9428e-06,3.5783e-05,22456,517.76
5.0545e-06,3.5451e-05,22960,516.81
4.8612e-06,3.5798e-05,22076,515.88
4.7585e-06,3.5951e-05,21609,514.95
4.7577e-06,3.5868e-05,21602,514.01
4.8288e-06,3.5633e-05,21924,513.08
4.7014e-06,3.5837e-05,21344,512.15
4.548e-06,3.6099e-05,20646,511.21
4.5653e-06,3.5981e-05,20723,510.29
4.6972e-06,3.5609e-05,21319,509.36
4.563e-06,3.5822e-05,20706,508.41
4.3747e-06,3.6171e-05,19857,507.49
4.3076e-06,3.6246e-05,19554,506.56
4.3247e-06,3.6135e-05,19630,505.62
4.2533e-06,3.6224e-05,19307,504.69
4.234e-06,3.619e-05,19226,503.77
4.0239e-06,3.6592e-05,18279,502.84
4.0309e-06,3.6496e-05,18308,501.91
3.9701e-06,3.6549e-05,18032,500.97
3.858e-06,3.6716e-05,17530,500.05
3.7078e-06,3.6977e-05,16858,499.11
3.8114e-06,3.6659e-05,17321,498.2
3.6918e-06,3.6854e-05,16784,497.26
3.5511e-06,3.71e-05,16161,496.32
3.4097e-06,3.7334e-05,15528,495.33
3.1263e-06,3.7734e-05,14264,493.71
2.9163e-06,3.8e-05,13323,492.05
2.4836e-06,3.8928e-05,11440,490.32
2.1067e-06,3.9832e-05,9837.9,488.71
1.8743e-06,4.0261e-05,8863.5,487.01
1.2267e-06,4.1784e-05,6130.4,485.34
1.017e-06,4.2163e-05,5243.6,483.69
1.0427e-07,4.3813e-05,1444.6,477.58
-4.8939e-07,4.1387e-05,-1098.8,436.56
-8.4422e-07,2.1699e-05,-2990.6,215.61
-2.2854e-06,-0.00015182,-11760,-1708.9
