-1.7935e-10,-1.2632e-07,-0.82752,-0.89209
8.0763e-11,-8.8742e-08,0.20478,-0.62647
1.7241e-10,-3.6519e-08,0.61343,-0.25763
4.8342e-10,-8.3758e-09,1.8288,-0.058572
6.3911e-10,2.8134e-09,2.434,0.020606
9.4705e-10,8.3441e-09,3.6117,0.060014
1.0634e-09,7.4301e-09,4.053,0.053696
1.3821e-09,4.4152e-09,5.2618,0.032781
1.5221e-09,1.4653e-09,5.7909,0.012115
1.8189e-09,-2.8673e-09,6.9148,-0.01813
1.9511e-09,-6.8112e-09,7.4127,-0.045824
2.1961e-09,-9.4066e-09,8.3418,-0.063866
2.3119e-09,-1.1458e-08,8.7799,-0.078219
2.5932e-09,-1.0562e-08,9.8509,-0.071561
2.6556e-09,-9.6039e-09,10.089,-0.064726
2.9442e-09,-1.012e-08,11.187,-0.068038
3.1217e-09,-7.6258e-09,11.864,-0.050218
3.3862e-09,-7.1756e-09,12.871,-0.046732
3.5179e-09,-4.3636e-09,13.375,-0.026723
3.7836e-09,-3.6744e-09,14.387,-0.021548
3.905e-09,-1.1071e-09,14.852,-0.0032782
4.1427e-09,-7.0485e-10,15.757,-0.00016117
4.2546e-09,7.7612e-10,16.184,0.010427
4.4754e-09,-2.4187e-10,17.023,0.0034949
4.5838e-09,1.4392e-09,17.437,0.015492
4.7898e-09,4.7549e-10,18.22,0.0089262
4.891e-09,2.1414e-09,18.607,0.020809
5.0846e-09,1.4993e-09,19.342,0.016499
5.1807e-09,3.5106e-09,19.71,0.030815
5.3637e-09,2.7301e-09,20.405,0.025515
5.4535e-09,4.8535e-09,20.749,0.040616
5.6304e-09,3.7002e-09,21.421,0.032677
5.7149e-09,3.6876e-09,21.743,0.032687
5.8789e-09,3.5641e-09,22.366,0.032005
5.964e-09,5.1292e-09,22.692,0.043158
6.1205e-09,2.6328e-09,23.284,0.025709
6.198e-09,5.0148e-09,23.582,0.042621
6.3518e-09,3.6511e-09,24.165,0.03317
6.4278e-09,4.316e-09,24.456,0.037954
6.5696e-09,1.9631e-09,24.992,0.021501
6.6371e-09,4.5811e-09,25.252,0.04007
6.7738e-09,2.9757e-09,25.77,0.028891
6.8352e-09,2.5336e-09,26.003,0.02584
6.9477e-09,1.8053e-09,26.431,0.020827
6.999e-09,3.9845e-09,26.628,0.036278
7.0885e-09,2.3653e-09,26.967,0.024946
7.1322e-09,3.9869e-09,27.135,0.03645
7.2178e-09,2.7132e-09,27.459,0.027554
7.2595e-09,2.7236e-09,27.618,0.027676
7.3411e-09,2.2579e-09,27.928,0.024481
7.3898e-09,4.2782e-09,28.116,0.038807
7.4919e-09,5.4872e-10,28.5,0.012585
7.5362e-09,2.059e-09,28.67,0.023303
7.6134e-09,2.3503e-09,28.964,0.025451
7.6129e-09,6.8233e-09,28.967,0.057042
7.7155e-09,1.0629e-08,29.362,0.08404
7.721e-09,7.5242e-09,29.38,0.062119
7.8446e-09,1.0201e-08,29.853,0.081169
7.899e-09,3.8983e-09,30.053,0.036716
7.9934e-09,-9.2636e-10,30.406,0.0027498
8.031e-09,-1.102e-09,30.549,0.0015533
8.0975e-09,-2.0204e-09,30.801,-0.0048562
8.0695e-09,1.871e-09,30.699,0.022596
8.1612e-09,7.8558e-09,31.055,0.064973
8.1442e-09,6.146e-09,30.988,0.052878
8.2477e-09,9.0877e-09,31.385,0.073775
8.2352e-09,5.7048e-09,31.334,0.049867
8.3352e-09,6.8283e-09,31.715,0.057919
8.3192e-09,3.3818e-09,31.651,0.033557
8.4012e-09,8.3694e-09,31.968,0.068881
8.3976e-09,4.0363e-09,31.95,0.038272
8.4697e-09,5.8488e-09,32.226,0.051158
8.472e-09,1.5287e-09,32.23,0.020647
8.5277e-09,4.4171e-09,32.445,0.041113
8.5386e-09,1.039e-09,32.483,0.017265
8.5753e-09,4.0468e-09,32.626,0.038553
8.5901e-09,1.5611e-09,32.679,0.021013
8.6186e-09,5.5691e-09,32.792,0.049355
8.641e-09,9.8399e-10,32.872,0.016996
8.6535e-09,5.8181e-09,32.925,0.051155
8.6816e-09,1.5773e-09,33.027,0.021234
8.6941e-09,4.483e-09,33.078,0.041772
8.7094e-09,1.6349e-09,33.133,0.021673
8.7217e-09,5.3162e-09,33.184,0.047689
8.7297e-09,3.2574e-10,33.209,0.012449
8.7532e-09,5.5164e-09,33.304,0.04914
8.7451e-09,1.5896e-09,33.269,0.021395
8.7793e-09,4.6857e-09,33.403,0.043302
8.7528e-09,2.1255e-09,33.299,0.025188
8.7944e-09,6.6196e-09,33.463,0.05698
8.7809e-09,2.3482e-09,33.406,0.026794
8.7952e-09,7.6894e-09,33.467,0.064537
8.7898e-09,3.8161e-09,33.442,0.037172
8.7945e-09,6.4315e-09,33.463,0.055651
8.7971e-09,3.2935e-09,33.469,0.03349
8.7946e-09,6.5955e-09,33.463,0.05681
8.8139e-09,3.4558e-09,33.533,0.034655
8.8024e-09,7.9134e-09,33.495,0.066128
8.8192e-09,5.6247e-09,33.556,0.049982
8.7796e-09,8.8395e-09,33.409,0.072642
8.8093e-09,2.295e-09,33.514,0.026451
8.7768e-09,4.5346e-09,33.393,0.042232
8.8235e-09,3.1381e-10,33.566,0.012474
8.7896e-09,-2.8718e-09,33.433,-0.010066
8.7462e-09,3.6499e-09,33.276,0.035948
8.6674e-09,9.3136e-09,32.982,0.07586
8.6919e-09,6.6711e-09,33.073,0.057224
8.6317e-09,1.0861e-08,32.848,0.086746
8.672e-09,4.8651e-09,32.995,0.044445
8.6472e-09,2.9486e-09,32.898,0.030879
8.6229e-09,5.3391e-09,32.808,0.047736
8.5947e-09,3.9417e-09,32.699,0.037833
8.5628e-09,3.9899e-09,32.578,0.038136
8.5404e-09,1.8172e-09,32.491,0.022764
8.4925e-09,2.0216e-09,32.309,0.024152
8.5141e-09,-3.4345e-09,32.384,-0.01436
8.4637e-09,-4.4336e-09,32.191,-0.021476
8.5038e-09,-7.1296e-09,32.341,-0.040471
8.4732e-09,-3.273e-09,32.229,-0.013267
8.4836e-09,-7.0559e-09,32.264,-0.039974
8.4711e-09,-3.7706e-09,32.22,-0.016785
8.5261e-09,-6.756e-09,32.426,-0.037807
8.5295e-09,-3.7728e-09,32.443,-0.016732
8.6402e-09,-3.2669e-09,32.864,-0.01303
8.6814e-09,-3.4343e-09,33.021,-0.014165
8.8614e-09,-6.9009e-09,33.702,-0.038442
8.7876e-09,-6.7321e-10,33.428,0.0054609
8.7988e-09,2.1979e-09,33.474,0.025753
8.7559e-09,9.9298e-09,33.32,0.080316
8.7509e-09,1.352e-08,33.305,0.10566
8.7343e-09,1.6522e-08,33.245,0.12685
8.791e-09,1.4154e-08,33.458,0.11019
8.7988e-09,9.8183e-09,33.483,0.079578
9.0094e-09,-2.9149e-09,34.269,-0.010115
9.1871e-09,-2.2931e-08,34.922,-0.15129
9.8194e-09,-4.1013e-08,37.308,-0.27828
1.0128e-08,-5.8494e-08,38.462,-0.40142
1.018e-08,-5.4561e-08,38.663,-0.37357
1.0618e-08,-1.9117e-08,40.372,-0.12269
9.2838e-09,-3.0541e-08,35.282,-0.20493
9.261e-09,-7.9187e-09,35.221,-0.045167
8.9984e-09,5.5906e-09,34.237,0.049949
8.9491e-09,1.4049e-08,34.06,0.10963
8.9031e-09,1.8152e-08,33.89,0.13857
8.8832e-09,2.2513e-08,33.819,0.16934
8.9227e-09,1.8585e-08,33.965,0.14164
8.8775e-09,2.1275e-08,33.796,0.16059
8.9214e-09,1.209e-08,33.952,0.095768
8.9242e-09,9.4446e-09,33.96,0.077085
8.9627e-09,4.3188e-09,34.1,0.040925
8.9649e-09,-4.1888e-10,34.103,0.0074633
9.0218e-09,-1.0588e-08,34.308,-0.064299
9.0524e-09,-1.8586e-08,34.415,-0.12076
8.9623e-09,-3.4807e-08,34.053,-0.23543
9.1272e-09,-5.4421e-08,34.658,-0.37379
9.4238e-09,-7.787e-08,35.76,-0.53908
9.4741e-09,-9.1314e-08,35.936,-0.63399
9.6714e-09,-1.0193e-07,36.675,-0.70873
9.7022e-09,-1.1147e-07,36.782,-0.77609
9.9197e-09,-1.1489e-07,37.605,-0.8
9.9146e-09,-1.1715e-07,37.584,-0.816
9.9575e-09,-1.125e-07,37.752,-0.78307
9.9571e-09,-1.0598e-07,37.758,-0.73704
9.7613e-09,-8.0139e-08,37.042,-0.55472
9.4856e-09,-1.3384e-08,36.069,-0.083514
8.6724e-09,8.5834e-08,33.092,0.61635
7.7557e-09,2.7294e-07,29.832,1.9368
6.7752e-09,5.0444e-07,26.391,3.5711
3.436e-09,5.9692e-07,13.802,4.2204
4.0087e-09,2.3671e-07,15.53,1.6763
4.0164e-09,6.9023e-08,15.358,0.49208
4.167e-09,1.393e-08,15.866,0.10321
4.7371e-09,-5.1374e-08,17.959,-0.35729
5.4865e-09,-5.0616e-08,20.811,-0.35108
5.8192e-09,-5.0547e-08,22.077,-0.35021
7.4816e-09,-5e-08,28.402,-0.34444
8.0277e-09,-4.8916e-08,30.481,-0.33616
9.8129e-09,-4.8754e-08,37.274,-0.33297
1.038e-08,-4.7814e-08,39.433,-0.32568
1.2125e-08,-4.873e-08,46.073,-0.33016
1.2453e-08,-4.6249e-08,47.324,-0.31226
1.2928e-08,-4.5281e-08,49.134,-0.30487
1.3161e-08,-4.4344e-08,50.019,-0.29798
1.3807e-08,-4.3945e-08,52.479,-0.29442
1.3949e-08,-4.2889e-08,53.02,-0.2868
1.4302e-08,-4.2441e-08,54.366,-0.28323
1.4297e-08,-4.09e-08,54.349,-0.27235
1.4313e-08,-4.0197e-08,54.411,-0.26736
1.4369e-08,-3.8663e-08,54.624,-0.25646
1.4372e-08,-3.78e-08,54.636,-0.25036
1.4209e-08,-3.6403e-08,54.019,-0.24068
1.3942e-08,-3.4982e-08,53.004,-0.23094
1.3811e-08,-3.3758e-08,52.505,-0.22245
1.3734e-08,-3.2714e-08,52.213,-0.21516
1.3594e-08,-3.1527e-08,51.682,-0.20693
1.3426e-08,-3.1795e-08,51.044,-0.20902
1.3402e-08,-3.1096e-08,50.954,-0.20411
1.2893e-08,-2.9635e-08,49.016,-0.19438
2.8924e-09,-1.4415e-08,10.984,-0.098422
4.6003e-08,-7.7714e-08,175.07,-0.49641
8.2381e-09,-2.0491e-08,31.314,-0.13515
1.3624e-08,-2.5369e-08,51.803,-0.16339
1.3925e-08,-2.456e-08,52.95,-0.15733
1.3189e-08,-2.2272e-08,50.15,-0.14202
-9.9774e-09,1.058e-08,-37.934,0.063098
7.2791e-08,-1.0151e-07,277.21,-0.63453
3.9785e-09,-6.2769e-09,15.126,-0.039699
1.3788e-08,-1.9216e-08,52.434,-0.11973
1.4054e-08,-1.9008e-08,53.448,-0.11795
1.4689e-08,-1.7894e-08,55.867,-0.10935
1.4738e-08,-1.6762e-08,56.052,-0.10129
1.4552e-08,-1.6088e-08,55.346,-0.096751
1.4428e-08,-1.5807e-08,54.875,-0.094906
1.4374e-08,-1.2977e-08,54.673,-0.074979
1.4375e-08,-1.2345e-08,54.677,-0.070507
1.4159e-08,-1.1467e-08,53.855,-0.064558
1.4121e-08,-1.1947e-08,53.712,-0.067988
1.4042e-08,-8.3235e-09,53.415,-0.042483
1.4021e-08,-7.9602e-09,53.334,-0.03994
1.3802e-08,-7.0638e-09,52.502,-0.033861
1.3732e-08,-6.2123e-09,52.236,-0.027927
1.3702e-08,-5.6297e-09,52.122,-0.023846
1.3512e-08,-3.051e-09,51.405,-0.0058465
1.3167e-08,-5.1758e-09,50.087,-0.02126
1.3078e-08,-2.4159e-09,49.754,-0.001864
1.2891e-08,4.1672e-10,49.045,0.01793
1.2821e-08,3.521e-10,48.778,0.017392
1.2525e-08,3.0271e-09,47.655,0.035946
1.2373e-08,3.2923e-09,47.076,0.037642
1.2077e-08,5.4895e-09,45.951,0.052819
1.1889e-08,6.3392e-09,45.237,0.058604
1.1534e-08,7.5705e-09,43.888,0.066889
1.1543e-08,8.6534e-09,43.924,0.074549
1.1006e-08,1.0563e-08,41.883,0.087413
1.0923e-08,1.158e-08,41.567,0.094502
1.0324e-08,1.2927e-08,39.29,0.10331
1.0488e-08,1.3741e-08,39.915,0.10926
9.9372e-09,1.5082e-08,37.821,0.11809
9.9464e-09,1.6254e-08,37.857,0.12638
9.1455e-09,1.8672e-08,34.813,0.14252
9.4875e-09,1.8757e-08,36.114,0.14352
8.4387e-09,2.1017e-08,32.126,0.15825
8.4608e-09,2.2136e-08,32.211,0.16619
7.5188e-09,2.452e-08,28.63,0.18192
7.3719e-09,2.5654e-08,28.072,0.18976
6.5148e-09,2.7394e-08,24.813,0.20105
6.2533e-09,2.8928e-08,23.82,0.21157
5.5856e-09,3.0733e-08,21.282,0.22353
5.0984e-09,3.2517e-08,19.431,0.23556
4.0013e-09,3.5856e-08,15.261,0.25785
3.646e-09,3.8225e-08,13.912,0.27416
2.4823e-09,4.1869e-08,9.4905,0.29852
1.9057e-09,4.4651e-08,7.3006,0.31749
6.2997e-10,4.8429e-08,2.4526,0.34266
5.6172e-10,5.0477e-08,2.1954,0.35704
-1.0138e-10,5.332e-08,-0.32334,0.37634
-3.6061e-10,5.1367e-08,-1.3116,0.36225
-6.5618e-10,1.574e-08,-2.4773,0.11036
-7.9414e-10,-2.5709e-08,-3.0501,-0.18243
-7.9102e-10,-7.3601e-08,-3.0937,-0.52056
