0.00046394,-0.018539,-6.2939e+05,-84009
-7.5914e-05,-0.0043366,-4.448e+05,-44657
-8.164e-05,-0.001765,-3.6312e+05,-20939
-8.2509e-05,-0.00019462,-3.4061e+05,-3760.3
-8.2392e-05,0.00060598,-3.2385e+05,4805.5
-7.7423e-05,0.0010553,-2.9446e+05,9711.4
-7.5765e-05,0.0011538,-2.8575e+05,10794
-7.2458e-05,0.001123,-2.7288e+05,10533
-7.0593e-05,0.0010084,-2.676e+05,9344
-6.7654e-05,0.00088041,-2.5814e+05,8039.8
-6.5747e-05,0.00075565,-2.5289e+05,6744.2
-6.2913e-05,0.00064724,-2.4353e+05,5642.4
-6.0546e-05,0.00053785,-2.3609e+05,4520.7
-5.7815e-05,0.00042513,-2.2724e+05,3370.7
-5.4382e-05,0.000309,-2.1559e+05,2198.5
-5.0849e-05,0.00019925,-2.0340e+05,1096.6
-4.8836e-05,0.00013425,-1.9651e+05,442.34
-4.4939e-05,9.2006e-05,-1.8147e+05,69.809
-4.301e-05,5.3818e-05,-1.7438e+05,-299.35
-4.088e-05,3.4631e-05,-1.6608e+05,-461.22
-3.82e-05,3.0543e-05,-1.5522e+05,-450.41
-3.4654e-05,4.5014e-06,-1.4129e+05,-656.79
-3.3573e-05,-2.7176e-05,-1.3752e+05,-973.57
-3.113e-05,-2.733e-05,-1.2756e+05,-925.49
-3.0949e-05,-7.3689e-06,-1.2641e+05,-708.36
-2.7759e-05,3.1572e-05,-1.1260e+05,-227.06
-2.712e-05,3.7912e-05,-1.0987e+05,-146.27
-2.3762e-05,6.4299e-05,-95632,204.21
-2.2974e-05,6.7823e-05,-92344,257.92
-2.1293e-05,9.5927e-05,-84915,592.61
-2.2295e-05,0.00011003,-88718,723.03
-1.9776e-05,0.00016229,-77376,1333.1
-2.0541e-05,0.00021632,-79402,1895.2
-1.9229e-05,0.0002751,-72903,2547
-1.8881e-05,0.00034353,-70467,3261.6
-1.7392e-05,0.00041757,-62714,4100.6
-1.7706e-05,0.00046674,-62733,4639.2
-1.6698e-05,0.00052106,-56835,5286.7
-1.7345e-05,0.0005919,-57154,6086.9
-1.5537e-05,0.00065164,-46968,6858.8
-1.4654e-05,0.0006724,-42246,7140.3
-1.402e-05,0.0006828,-38996,7290.3
-1.2976e-05,0.00069317,-33877,7459.2
-1.248e-05,0.00070188,-31292,7584.1
-1.1452e-05,0.00070753,-26394,7696.7
-1.1334e-05,0.00071435,-25543,7784.7
-1.0247e-05,0.00071641,-20548,7857.4
-1.0333e-05,0.00071927,-20775,7889.7
-9.1526e-06,0.00071461,-15607,7886.1
-9.4617e-06,0.00071165,-17144,7837.1
-8.172e-06,0.00070105,-11729,7768.4
-8.4492e-06,0.00068782,-13518,7599.8
-7.5551e-06,0.0006657,-10384,7376.9
-8.0214e-06,0.0006391,-13628,7038.7
-7.5978e-06,0.00060837,-12829,6700.3
-8.3327e-06,0.00057597,-17335,6291
-7.745e-06,0.00053908,-15978,5890.5
-8.4107e-06,0.0004914,-20820,5301.4
-8.6294e-06,0.00044495,-23493,4751.9
-9.4416e-06,0.00039437,-28791,4137.1
-9.7576e-06,0.00034503,-31666,3566.9
-1.0964e-05,0.00029223,-38290,2938.1
-1.1441e-05,0.00024438,-41517,2395.6
-1.3016e-05,0.00019555,-49169,1825
-1.3604e-05,0.00015332,-52416,1361.1
-1.5598e-05,0.00011734,-61260,936.58
-1.6427e-05,9.0314e-05,-65177,631.53
-1.8913e-05,7.5674e-05,-75615,424.51
-1.9707e-05,6.7864e-05,-79014,324.84
-2.2253e-05,4.7556e-05,-89817,55.888
-2.3147e-05,4.674e-05,-93479,28.983
-2.5966e-05,3.4762e-05,-1.0522e+05,-156.44
-2.684e-05,2.6163e-05,-1.0896e+05,-266.18
-2.9757e-05,1.7125e-05,-1.2105e+05,-422.17
-3.0698e-05,5.6207e-06,-1.2512e+05,-564.32
-3.3682e-05,5.3439e-06,-1.373e+05,-627.99
-3.4568e-05,2.8512e-06,-1.4097e+05,-672.68
-3.7797e-05,-2.03e-05,-1.5462e+05,-985.95
-3.8849e-05,-4.3534e-05,-1.5938e+05,-1255.8
-4.1779e-05,-6.8322e-05,-1.7184e+05,-1580.5
-4.2931e-05,-8.9108e-05,-1.7696e+05,-1826.3
-4.5971e-05,-0.0001087,-1.8976e+05,-2097.7
-4.7242e-05,-0.00013842,-1.9556e+05,-2441.4
-5.0238e-05,-0.00015947,-2.0821e+05,-2727.4
-5.1579e-05,-0.00017432,-2.1398e+05,-2913.6
-5.4483e-05,-0.00019583,-2.2627e+05,-3202.8
-5.5751e-05,-0.00021117,-2.3175e+05,-3392.7
-5.8736e-05,-0.00021084,-2.4393e+05,-3449.9
-6.0071e-05,-0.00022686,-2.497e+05,-3648.4
-6.3135e-05,-0.00024983,-2.6267e+05,-3956.5
-6.4372e-05,-0.00026969,-2.6813e+05,-4194.1
-6.708e-05,-0.00029383,-2.7967e+05,-4507.4
-6.8424e-05,-0.00031352,-2.8555e+05,-4745.3
-7.0903e-05,-0.00031738,-2.9575e+05,-4837.1
-7.2288e-05,-0.00034033,-3.0187e+05,-5110.8
-7.4694e-05,-0.00034149,-3.1171e+05,-5172.2
-7.6041e-05,-0.00035538,-3.1749e+05,-5348.2
-7.8262e-05,-0.00035656,-3.2658e+05,-5406.1
-7.9516e-05,-0.00036725,-3.3191e+05,-5545.9
-8.1607e-05,-0.00034774,-3.4005e+05,-5379.8
-8.2842e-05,-0.00031961,-3.4451e+05,-5104
-8.468e-05,-0.00029838,-3.5158e+05,-4914.4
-8.5771e-05,-0.00031043,-3.5628e+05,-5065.5
-8.7646e-05,-0.00028084,-3.6333e+05,-4787.1
-8.8823e-05,-0.00028561,-3.6823e+05,-4862.1
-9.0277e-05,-0.00027477,-3.7394e+05,-4775.7
-9.1208e-05,-0.0002728,-3.777e+05,-4773.6
-9.2472e-05,-0.00026892,-3.8278e+05,-4757.8
-9.3356e-05,-0.00026096,-3.8623e+05,-4690.7
-9.4419e-05,-0.00025457,-3.9044e+05,-4644
-9.5218e-05,-0.00026004,-3.9381e+05,-4718.8
-9.6063e-05,-0.00024531,-3.9696e+05,-4578.4
-9.673e-05,-0.00023736,-3.9952e+05,-4506.9
-9.735e-05,-0.00023041,-4.0191e+05,-4445.1
-9.7948e-05,-0.00024244,-4.046e+05,-4586.1
-9.8342e-05,-0.00022594,-4.0587e+05,-4417.6
-9.8767e-05,-0.00022432,-4.0757e+05,-4408.9
-9.8963e-05,-0.00022544,-4.0839e+05,-4424.8
-9.9191e-05,-0.00026483,-4.1012e+05,-4850.9
-9.9148e-05,-0.00023369,-4.0931e+05,-4516.9
-9.9302e-05,-0.0002632,-4.1055e+05,-4835.7
-9.8934e-05,-0.00022896,-4.0835e+05,-4462
-9.8881e-05,-0.00024732,-4.085e+05,-4657.3
-9.8296e-05,-0.00025955,-4.0636e+05,-4776.2
-9.8302e-05,-0.00025591,-4.0631e+05,-4737.4
-9.7458e-05,-0.00023006,-4.0234e+05,-4443.6
-9.7553e-05,-0.00025477,-4.0323e+05,-4709.9
-9.6002e-05,-0.00022134,-3.9622e+05,-4320.7
-9.5998e-05,-0.00021776,-3.9613e+05,-4282.3
-9.4868e-05,-0.0002161,-3.9149e+05,-4241.6
-9.4589e-05,-0.00022572,-3.9055e+05,-4338.8
-9.3216e-05,-0.00021584,-3.8474e+05,-4205.2
-9.222e-05,-0.00023342,-3.8103e+05,-4372.9
-9.127e-05,-0.00021765,-3.7684e+05,-4185
-9.0755e-05,-0.00019123,-3.742e+05,-3891.8
-8.9559e-05,-0.0002029,-3.6955e+05,-3992.3
-8.902e-05,-0.00017649,-3.6681e+05,-3698.8
-8.7548e-05,-0.00018719,-3.6102e+05,-3783.4
-8.6479e-05,-0.00018156,-3.5655e+05,-3701.4
-8.6345e-05,-0.00015243,-3.5541e+05,-3387
-8.4477e-05,-0.00018613,-3.4847e+05,-3709.5
-8.206e-05,-0.00017834,-3.3845e+05,-3577
-8.1226e-05,-0.000168,-3.3483e+05,-3449.4
-7.8946e-05,-0.00015673,-3.253e+05,-3282.4
-7.9277e-05,-0.00017783,-3.2708e+05,-3514.9
-7.5164e-05,-0.00017189,-3.1018e+05,-3367.6
-7.3696e-05,-0.00021634,-3.0509e+05,-3813.2
-7.1294e-05,-0.00021379,-2.9523e+05,-3737
-6.9988e-05,-0.00025324,-2.9071e+05,-4132.5
-6.7152e-05,-0.00029363,-2.7996e+05,-4506.7
-6.5497e-05,-0.00034584,-2.7427e+05,-5031.4
-6.2853e-05,-0.00038423,-2.6426e+05,-5388.3
-6.133e-05,-0.00045147,-2.5941e+05,-6076.4
-5.9231e-05,-0.00048079,-2.5145e+05,-6347.3
-5.7761e-05,-0.00046647,-2.4516e+05,-6164.2
-5.6046e-05,-0.00042384,-2.3729e+05,-5673.3
-5.4004e-05,-0.00038325,-2.2813e+05,-5197.6
-5.3085e-05,-0.000344,-2.2358e+05,-4759.1
-4.9769e-05,-0.00030849,-2.0933e+05,-4311.7
-4.9473e-05,-0.00026858,-2.0731e+05,-3878.9
-4.5193e-05,-0.00023739,-1.8921e+05,-3458.2
-4.3115e-05,-0.00020726,-1.8012e+05,-3093.6
-3.9737e-05,-0.00018216,-1.6582e+05,-2756.5
-3.5238e-05,-0.00016252,-1.4707e+05,-2454.8
-3.4885e-05,-0.00014181,-1.4521e+05,-2226.1
-2.7641e-05,-0.00015459,-1.1591e+05,-2215.4
-2.5834e-05,-0.00017543,-1.0896e+05,-2401.5
-1.94e-05,-0.00022463,-83718,-2796.8
-2.2107e-06,-0.0001974,-20498,-1764.3
1.3606e-06,0.00049215,24050,5742.1
2.7349e-06,0.00054829,33931,6520.6
3.1105e-06,0.00054055,35345,6444.9
3.7667e-06,0.00053158,38042,6367.7
3.2616e-06,0.00052371,35286,6249.1
3.5612e-06,0.00051297,36211,6133.8
2.513e-06,0.00050696,30981,6012.1
2.2541e-06,0.00049815,29359,5893.7
1.1278e-06,0.00049234,23809,5771
4.944e-07,0.00048472,20506,5650
-6.2997e-07,0.00048211,15048,5564.7
-1.5872e-06,0.00047259,10302,5409
-2.263e-06,0.0004692,7037.8,5338
-1.7919e-06,0.00050007,10595,5730
-3.7907e-06,0.00046284,-232.07,5194.4
-3.9368e-06,0.00046833,-662.4,5253.6
-5.2352e-06,0.00045052,-7305.6,4985.9
-6.072e-06,0.00045249,-10990,4974.4
-6.9517e-06,0.00044925,-15069,4899.9
-7.756e-06,0.00044563,-18800,4825
-8.7e-06,0.00044227,-23123,4748.5
-9.6807e-06,0.00043901,-27576,4673
-1.0466e-05,0.00043493,-31174,4596.3
-1.1361e-05,0.00043121,-35223,4520.4
-1.2529e-05,0.00042788,-40406,4441.8
-1.352e-05,0.00042391,-44812,4363.2
-1.4544e-05,0.00042004,-49331,4286.1
-1.538e-05,0.00041577,-53034,4211.3
-1.6683e-05,0.00041239,-58671,4133.9
-1.7615e-05,0.00040824,-62734,4060.1
-1.873e-05,0.00040387,-67546,3980.1
-1.9494e-05,0.00039884,-70892,3903
-2.0708e-05,0.00039443,-76079,3821.9
-2.1664e-05,0.00038959,-80186,3743.9
-2.2894e-05,0.00038511,-85400,3664.1
-2.3902e-05,0.00038021,-89681,3586.4
-2.4931e-05,0.00037522,-94032,3508.5
-2.6005e-05,0.00037034,-98549,3432.1
-2.7167e-05,0.00036545,-1.034e+05,3355.4
-2.8269e-05,0.00036039,-1.08e+05,3278.8
-2.934e-05,0.00035531,-1.1247e+05,3202.8
-3.0585e-05,0.00035059,-1.1765e+05,3126.9
-3.1867e-05,0.00034579,-1.2298e+05,3049.6
-3.3164e-05,0.00034108,-1.2836e+05,2972.9
-3.4371e-05,0.00033624,-1.3338e+05,2896.6
-3.5595e-05,0.00033141,-1.3848e+05,2820.1
-3.6569e-05,0.00032619,-1.4256e+05,2744.4
-3.7859e-05,0.00032143,-1.4792e+05,2667.3
-3.8962e-05,0.00031636,-1.5252e+05,2590.7
-4.0104e-05,0.00031147,-1.5728e+05,2515.1
-4.1185e-05,0.0003064,-1.6179e+05,2439
-4.2275e-05,0.00030141,-1.6634e+05,2363.4
-4.3548e-05,0.00029649,-1.7164e+05,2285
-4.4553e-05,0.00029123,-1.7584e+05,2208.3
-4.574e-05,0.00028646,-1.8078e+05,2133.1
-4.7101e-05,0.0002818,-1.8643e+05,2055.6
-4.7971e-05,0.00027642,-1.9009e+05,1980.4
-4.9368e-05,0.00027195,-1.9588e+05,1904.2
-5.0587e-05,0.00026721,-2.0095e+05,1828.7
-5.1696e-05,0.00026223,-2.0558e+05,1752.9
-5.2676e-05,0.00025694,-2.0969e+05,1676.4
-5.3983e-05,0.00025232,-2.1511e+05,1600.4
-5.5298e-05,0.00024774,-2.2057e+05,1524.7
-5.6369e-05,0.0002427,-2.2504e+05,1449.1
-5.7192e-05,0.00023727,-2.2851e+05,1374.2
-5.8457e-05,0.00023255,-2.3377e+05,1298
-5.9821e-05,0.00022807,-2.3943e+05,1222.3
-6.0891e-05,0.00022312,-2.439e+05,1147.7
-6.1843e-05,0.00021795,-2.4788e+05,1073
-6.2877e-05,0.00021288,-2.5221e+05,997.77
-6.3989e-05,0.00020792,-2.5684e+05,922.09
-6.5168e-05,0.00020322,-2.6175e+05,847.9
-6.6026e-05,0.00019792,-2.6536e+05,773.75
-6.6939e-05,0.00019271,-2.6919e+05,699.45
-6.81e-05,0.00018792,-2.7403e+05,624.57
-6.9025e-05,0.00018289,-2.779e+05,552.03
-6.9859e-05,0.00017748,-2.8142e+05,477.22
-7.0594e-05,0.00017214,-2.8452e+05,405.09
-7.1886e-05,0.00016754,-2.8989e+05,329.65
-7.2757e-05,0.00016191,-2.9356e+05,251.7
-7.4758e-05,0.00015316,-3.0191e+05,117.37
-7.5826e-05,0.00014333,-3.0646e+05,-9.4339
-7.7809e-05,0.0001349,-3.1473e+05,-139.9
-7.9099e-05,0.00012571,-3.2018e+05,-264.44
-8.0459e-05,0.00011621,-3.2592e+05,-393.71
-8.196e-05,0.0001075,-3.3222e+05,-517.38
-8.3796e-05,9.8727e-05,-3.3989e+05,-648.61
-8.6007e-05,8.243e-05,-3.4925e+05,-867.92
-8.7435e-05,-6.4932e-05,-3.5808e+05,-2473.2
-8.6978e-05,-0.00084821,-3.7216e+05,-10843
3.3261e-05,-0.0043127,-1.2823e+05,-35011
