0.00014136,-0.010306,-4.8506e+05,-64891
-6.1175e-05,-0.0035204,-3.3932e+05,-37416
-6.3931e-05,-0.0015966,-2.8574e+05,-18874
-6.6309e-05,-0.00035406,-2.7775e+05,-5135.9
-6.6346e-05,0.00032417,-2.641e+05,2117.5
-6.1636e-05,0.00072691,-2.367e+05,6520.4
-6.0504e-05,0.00083311,-2.2992e+05,7679.1
-5.8194e-05,0.00084176,-2.2039e+05,7813.6
-5.6651e-05,0.00077181,-2.1544e+05,7101.8
-5.4075e-05,0.00067941,-2.0681e+05,6166
-5.2567e-05,0.00058386,-2.026e+05,5174.8
-5.0361e-05,0.00048638,-1.9558e+05,4177.2
-4.7888e-05,0.00038629,-1.8752e+05,3157.1
-4.7118e-05,0.00028197,-1.865e+05,2057.1
-4.3663e-05,0.00017248,-1.7463e+05,956.41
-4.184e-05,7.7031e-05,-1.6913e+05,-27.291
-4.0305e-05,2.8139e-05,-1.6386e+05,-518.93
-3.7629e-05,2.4366e-07,-1.5351e+05,-762.82
-3.6008e-05,-2.9311e-05,-1.475e+05,-1045.9
-3.5579e-05,-4.5824e-05,-1.4608e+05,-1213.8
-3.2473e-05,-5.0923e-05,-1.3352e+05,-1205.1
-3.1351e-05,-7.8792e-05,-1.2950e+05,-1480.3
-3.1055e-05,-8.3962e-05,-1.284e+05,-1529.6
-2.8209e-05,-5.6074e-05,-1.1622e+05,-1173.5
-2.8642e-05,-6.4341e-05,-1.1816e+05,-1270.7
-2.6287e-05,-4.7746e-05,-1.0821e+05,-1045.3
-2.6063e-05,-4.3327e-05,-1.0721e+05,-993.49
-2.344e-05,-2.7928e-05,-96193,-775.43
-2.2081e-05,-5.3301e-05,-91165,-1019.1
-2.2866e-05,-6.1235e-05,-94530,-1119.9
-2.1443e-05,-9.4549e-06,-87672,-537.28
-2.1773e-05,5.5709e-05,-87692,152.81
-2.0004e-05,0.00012701,-79025,951.17
-1.8402e-05,0.00016647,-71687,1405.8
-1.727e-05,0.00017082,-66981,1475.3
-1.5312e-05,0.00018299,-58745,1645.2
-1.442e-05,0.00019726,-54816,1816
-1.3922e-05,0.00023006,-52394,2157.9
-1.2857e-05,0.00026857,-47522,2577.8
-1.2117e-05,0.00030691,-43690,3009.1
-1.1424e-05,0.00034109,-39961,3405.6
-1.1029e-05,0.00037566,-37312,3806.9
-1.0264e-05,0.00040887,-32967,4213.4
-1.0168e-05,0.00043825,-31531,4557.1
-9.2914e-06,0.00046323,-26803,4881.5
-9.5343e-06,0.00048697,-26939,5152.5
-8.5722e-06,0.00050504,-21978,5404.7
-8.9181e-06,0.000524,-22710,5617.4
-7.9261e-06,0.00053523,-17837,5791.9
-8.4579e-06,0.00055034,-19570,5950
-7.381e-06,0.00055808,-14391,6089.4
-7.6493e-06,0.00056652,-15193,6181
-6.8992e-06,0.00056679,-11735,6219.4
-7.2289e-06,0.00056165,-13470,6142.4
-6.7193e-06,0.00055263,-11485,6060.1
-7.1561e-06,0.00054062,-13943,5899.2
-6.3295e-06,0.00052361,-10771,5740
-6.6053e-06,0.00049487,-13258,5383.9
-6.5522e-06,0.00046429,-14225,5025.5
-6.8393e-06,0.00042802,-16916,4585.9
-6.7891e-06,0.00039002,-18052,4146.7
-7.3177e-06,0.00034555,-21838,3617
-7.3777e-06,0.00030198,-23399,3122.8
-8.1153e-06,0.000253,-27919,2550.7
-8.2685e-06,0.00020574,-29711,2027
-9.2705e-06,0.00015636,-34895,1468.8
-9.6522e-06,0.00011004,-37251,973.09
-1.0909e-05,6.7473e-05,-43129,499.59
-1.1384e-05,2.9046e-05,-45848,79.046
-1.2786e-05,-9.3407e-06,-52352,-359.96
-1.3434e-05,-3.5794e-05,-55534,-656.01
-1.5291e-05,-5.4975e-05,-63497,-898.89
-1.5883e-05,-6.3638e-05,-66091,-1003.6
-1.8005e-05,-6.4104e-05,-74754,-1051.7
-1.8678e-05,-5.3025e-05,-77276,-946.96
-2.0925e-05,-3.4894e-05,-86074,-798.78
-2.1479e-05,-9.7534e-06,-87821,-541.2
-2.3931e-05,-1.4999e-05,-97932,-647.18
-2.4681e-05,-1.8804e-05,-1.0107e+05,-703.13
-2.6818e-05,-2.7416e-05,-1.0996e+05,-838.69
-2.7643e-05,-3.1502e-05,-1.1341e+05,-899.16
-2.991e-05,-4.234e-05,-1.2288e+05,-1061.2
-3.0847e-05,-5.6561e-05,-1.27e+05,-1232.3
-3.3073e-05,-7.0921e-05,-1.3637e+05,-1431.2
-3.4088e-05,-7.6849e-05,-1.4063e+05,-1515.3
-3.6254e-05,-9.1925e-05,-1.4977e+05,-1720.5
-3.7193e-05,-9.8568e-05,-1.5374e+05,-1810.7
-3.9484e-05,-9.8394e-05,-1.6309e+05,-1855.5
-4.0492e-05,-0.0001046,-1.6733e+05,-1942.4
-4.2889e-05,-0.00012785,-1.7758e+05,-2239.7
-4.3832e-05,-0.00014412,-1.8176e+05,-2433
-4.5919e-05,-0.00016744,-1.9075e+05,-2724.8
-4.6987e-05,-0.00018317,-1.9543e+05,-2914.8
-4.8901e-05,-0.00019387,-2.0345e+05,-3068.2
-5.0034e-05,-0.00021252,-2.0846e+05,-3290.7
-5.1945e-05,-0.00022124,-2.1643e+05,-3422.9
-5.3071e-05,-0.00023431,-2.2129e+05,-3585.6
-5.4877e-05,-0.00024484,-2.2887e+05,-3735
-5.5935e-05,-0.00025829,-2.3346e+05,-3900.4
-5.7652e-05,-0.00025571,-2.4042e+05,-3907.7
-5.8698e-05,-0.00024194,-2.4441e+05,-3781.7
-6.0217e-05,-0.00023656,-2.505e+05,-3755.2
-6.1169e-05,-0.00024688,-2.5459e+05,-3884.9
-6.2793e-05,-0.00022972,-2.6087e+05,-3734.4
-6.3858e-05,-0.00023253,-2.6527e+05,-3786.1
-6.5124e-05,-0.00023068,-2.704e+05,-3792.1
-6.5988e-05,-0.00022822,-2.7388e+05,-3783.4
-6.7137e-05,-0.00022761,-2.7855e+05,-3800.3
-6.7984e-05,-0.00021801,-2.8181e+05,-3714.8
-6.8999e-05,-0.00021305,-2.8585e+05,-3682.4
-6.9793e-05,-0.00021257,-2.8908e+05,-3693.4
-7.0638e-05,-0.00020105,-2.923e+05,-3587.4
-7.1318e-05,-0.00019049,-2.9486e+05,-3488.2
-7.1973e-05,-0.00018318,-2.9738e+05,-3423.4
-7.259e-05,-0.00018679,-2.9997e+05,-3474.6
-7.3062e-05,-0.00017327,-3.0163e+05,-3339.6
-7.355e-05,-0.00016884,-3.0352e+05,-3302.2
-7.3886e-05,-0.00016925,-3.049e+05,-3313.3
-7.4216e-05,-0.00019721,-3.0682e+05,-3619.1
-7.4351e-05,-0.00017606,-3.0694e+05,-3395.7
-7.4606e-05,-0.00019731,-3.0842e+05,-3628.2
-7.4481e-05,-0.00017133,-3.0738e+05,-3347.7
-7.457e-05,-0.00018442,-3.0801e+05,-3489.5
-7.4296e-05,-0.00019536,-3.0711e+05,-3600.9
-7.4453e-05,-0.00019187,-3.0768e+05,-3566.9
-7.397e-05,-0.00017352,-3.0533e+05,-3360.7
-7.423e-05,-0.00019101,-3.0675e+05,-3553.1
-7.3091e-05,-0.00016706,-3.0162e+05,-3273.7
-7.3261e-05,-0.00016184,-3.0220e+05,-3221.4
-7.2581e-05,-0.00016139,-2.9942e+05,-3202.8
-7.2507e-05,-0.00016729,-2.9924e+05,-3264.3
-7.1614e-05,-0.00016037,-2.9545e+05,-3172.1
-7.0784e-05,-0.00017396,-2.9234e+05,-3300.6
-7.0341e-05,-0.00016081,-2.9027e+05,-3150.9
-7.0002e-05,-0.00013947,-2.8845e+05,-2915.8
-6.9215e-05,-0.00014776,-2.8540e+05,-2988.4
-6.8873e-05,-0.00012676,-2.8358e+05,-2756.9
-6.7829e-05,-0.00013485,-2.7949e+05,-2822.2
-6.7003e-05,-0.00013018,-2.7602e+05,-2755.4
-6.7413e-05,-0.00010653,-2.7722e+05,-2510.8
-6.5821e-05,-0.00013526,-2.713e+05,-2785.7
-6.4027e-05,-0.00013109,-2.639e+05,-2704.6
-6.3509e-05,-0.00012296,-2.6162e+05,-2607
-6.1909e-05,-0.00011548,-2.5494e+05,-2494.5
-6.2623e-05,-0.00013331,-2.5821e+05,-2699.8
-5.9294e-05,-0.00013601,-2.4468e+05,-2660.8
-5.8153e-05,-0.00017344,-2.4079e+05,-3038
-5.6539e-05,-0.00017491,-2.3423e+05,-3020.8
-5.5607e-05,-0.0002089,-2.3112e+05,-3365.4
-5.3571e-05,-0.00024238,-2.235e+05,-3682
-5.2294e-05,-0.00028231,-2.191e+05,-4083.1
-5.0396e-05,-0.00031126,-2.1194e+05,-4354.2
-4.9229e-05,-0.00036188,-2.0821e+05,-4871.8
-4.7407e-05,-0.00038256,-2.012e+05,-5055.8
-4.6295e-05,-0.00036023,-1.9621e+05,-4794.4
-4.4932e-05,-0.00031741,-1.8978e+05,-4308.7
-4.3476e-05,-0.00027636,-1.83e+05,-3840
-4.2461e-05,-0.0002375,-1.7807e+05,-3403.8
-3.9843e-05,-0.0002014,-1.6665e+05,-2964.4
-4.0136e-05,-0.00016105,-1.6702e+05,-2538.8
-3.593e-05,-0.00013004,-1.4923e+05,-2121.6
-3.5858e-05,-9.7751e-05,-1.4828e+05,-1774.8
-3.2961e-05,-7.2343e-05,-1.3594e+05,-1444.1
-2.9449e-05,-5.1774e-05,-1.212e+05,-1152.7
-2.9649e-05,-3.066e-05,-1.2158e+05,-930.94
-2.3593e-05,-4.2041e-05,-97107,-929.45
-2.1786e-05,-6.8919e-05,-90280,-1180.2
-1.6591e-05,-0.00011896,-70106,-1609.7
-2.0436e-06,-0.00011658,-14529,-1077.6
1.8938e-06,0.00031148,18657,3612.7
3.2486e-06,0.00037407,28182,4443.1
3.8024e-06,0.00036935,30564,4411.8
4.5798e-06,0.0003636,33978,4378.6
4.4764e-06,0.0003578,33231,4303.8
4.9539e-06,0.00035002,35142,4232.2
4.3364e-06,0.00034603,32053,4155.7
4.3694e-06,0.00033969,31931,4081
3.8218e-06,0.00033532,29174,4003.6
3.5686e-06,0.00032993,27758,3927.4
2.8034e-06,0.00032618,24030,3848.3
2.4923e-06,0.00032125,22381,3775.8
2.1837e-06,0.00031862,20841,3731
1.8854e-06,0.000316,19362,3686.8
1.3477e-06,0.00031404,16803,3640.4
9.8844e-07,0.00031151,15057,3595.1
4.7349e-07,0.00030927,12610,3546.8
7.9044e-08,0.00030672,10723,3500.5
-3.9315e-07,0.00030439,8485.9,3453.6
-9.0706e-07,0.0003021,6081.6,3406
-1.2898e-06,0.00029929,4247.9,3357.7
-1.9662e-06,0.0002975,1152.8,3310.4
-2.3143e-06,0.00029459,-512.16,3262.9
-2.9599e-06,0.00029246,-3459.2,3213.7
-3.5602e-06,0.00029015,-6197.3,3164.7
-4.1983e-06,0.00028776,-9082.7,3114.3
-4.7621e-06,0.00028553,-11632,3068.6
-5.3657e-06,0.00028327,-14336,3022.2
-6.1451e-06,0.00028104,-17785,2970.9
-6.8616e-06,0.0002789,-20940,2923.6
-7.4293e-06,0.00027616,-23458,2875
-8.1399e-06,0.00027331,-26586,2820.7
-8.7278e-06,0.00027049,-29173,2771.4
-9.3626e-06,0.00026764,-31953,2720.6
-1.0022e-05,0.00026454,-34834,2666.9
-1.0766e-05,0.00026157,-38054,2612.6
-1.1239e-05,0.0002591,-40109,2572.2
-1.2081e-05,0.00025702,-43699,2526.1
-1.2845e-05,0.0002543,-46961,2475.8
-1.3613e-05,0.0002515,-50228,2425.2
-1.4241e-05,0.00024794,-52923,2370.4
-1.5264e-05,0.0002461,-57196,2325.8
-1.5892e-05,0.0002426,-59866,2273.3
-1.6973e-05,0.00024069,-64339,2228.9
-1.7607e-05,0.00023755,-66996,2182.1
-1.8571e-05,0.00023405,-71003,2125
-1.9097e-05,0.00023117,-73205,2083.5
-2.0045e-05,0.00022837,-77129,2034.3
-2.0657e-05,0.00022509,-79695,1986.8
-2.1598e-05,0.00022232,-83588,1938
-2.2175e-05,0.00021901,-86009,1890.9
-2.3003e-05,0.00021607,-89450,1842.6
-2.3692e-05,0.00021283,-92326,1794
-2.4429e-05,0.00020962,-95396,1744.7
-2.5153e-05,0.00020665,-98410,1698.2
-2.6173e-05,0.00020395,-1.0263e+05,1648.5
-2.6755e-05,0.0002006,-1.0507e+05,1601
-2.7857e-05,0.00019814,-1.0962e+05,1552.2
-2.8721e-05,0.00019533,-1.132e+05,1504.6
-2.9563e-05,0.0001924,-1.1669e+05,1456.2
-3.0092e-05,0.00018896,-1.1892e+05,1408.6
-3.1103e-05,0.00018634,-1.231e+05,1360
-3.2058e-05,0.00018369,-1.2705e+05,1312.3
-3.2839e-05,0.00018067,-1.303e+05,1264.1
-3.3368e-05,0.00017724,-1.3252e+05,1216.7
-3.4357e-05,0.00017458,-1.3661e+05,1168.1
-3.5343e-05,0.000172,-1.4069e+05,1120.5
-3.6186e-05,0.00016915,-1.4419e+05,1072.8
-3.6799e-05,0.00016593,-1.4675e+05,1026
-3.7558e-05,0.00016292,-1.4991e+05,978.29
-3.8414e-05,0.00016001,-1.5346e+05,929.79
-3.929e-05,0.00015731,-1.5709e+05,883.13
-4.0031e-05,0.00015423,-1.6018e+05,835.15
-4.0711e-05,0.00015113,-1.6302e+05,788.11
-4.1573e-05,0.00014834,-1.6659e+05,740.73
-4.2325e-05,0.00014547,-1.6972e+05,694.75
-4.2975e-05,0.0001422,-1.7244e+05,646.62
-4.3595e-05,0.0001391,-1.7503e+05,600.88
-4.462e-05,0.00013655,-1.7926e+05,552.69
-4.5393e-05,0.00013337,-1.8248e+05,503.01
-4.7065e-05,0.00012846,-1.8940e+05,416.51
-4.8035e-05,0.00012276,-1.9348e+05,335.81
-4.9857e-05,0.00011839,-2.01e+05,251.93
-5.1076e-05,0.00011335,-2.0608e+05,173.31
-5.244e-05,0.0001081,-2.1175e+05,89.391
-5.3903e-05,0.00010359,-2.1781e+05,11.392
-5.5856e-05,9.9195e-05,-2.2587e+05,-75.312
-5.7902e-05,8.118e-05,-2.3458e+05,-309.6
-5.9148e-05,-0.00010142,-2.4338e+05,-2288
-5.9436e-05,-0.00079236,-2.5863e+05,-9684.2
-2.7884e-07,-0.0029129,-95108,-28501
