0.00088723,-0.027923,-4.9719e+05,-40835
-7.7137e-05,-0.0044643,-3.4829e+05,-28186
-8.3498e-05,-0.0015274,-3.1695e+05,-11056
-7.7768e-05,0.00016622,-2.9564e+05,1083.5
-7.6068e-05,0.00094533,-2.8828e+05,6588.2
-7.1547e-05,0.0013642,-2.6931e+05,9645.4
-6.9194e-05,0.0013914,-2.5922e+05,9914.1
-6.3408e-05,0.0013208,-2.3675e+05,9452.2
-6.1375e-05,0.0011571,-2.3072e+05,8198.3
-5.6939e-05,0.00099079,-2.1476e+05,6978.7
-5.4315e-05,0.00082811,-2.0553e+05,5793.8
-4.9716e-05,0.00068752,-1.8831e+05,4797.7
-4.7238e-05,0.00055048,-1.7905e+05,3832.5
-4.2431e-05,0.00041539,-1.6091e+05,2884
-4.1177e-05,0.00029106,-1.5628e+05,2007.5
-3.5779e-05,0.00021856,-1.3583e+05,1501.7
-3.3689e-05,0.0001995,-1.2791e+05,1369.5
-2.9359e-05,0.00019737,-1.1144e+05,1359.5
-2.7264e-05,0.00017844,-1.0349e+05,1228.3
-2.2897e-05,0.00016511,-86894,1139.2
-2.237e-05,0.00017891,-84877,1237.2
-1.6861e-05,0.00016743,-63936,1162.6
-1.6244e-05,0.00016176,-61595,1123.2
-1.2019e-05,0.00020847,-46078,1416
-1.093e-05,0.00023777,-42885,1563.6
-7.1578e-06,0.00028881,-30766,1819.8
-6.7352e-06,0.00033268,-29602,2117.9
-3.1807e-06,0.0003868,-17606,2473.7
-2.1882e-06,0.00041289,-14167,2658.7
-2.1163e-08,0.00045344,-5867.8,2984.1
-1.3273e-06,0.00045923,1465,3615.5
-4.1855e-07,0.0005009,7606.1,4006.3
1.2431e-07,0.00055563,11574,4484.6
1.1152e-06,0.00061517,17616,5014.3
2.1319e-06,0.00067257,23682,5521.6
2.3478e-06,0.0007144,25734,5873.2
1.3858e-06,0.0007704,22874,6308.1
1.6842e-06,0.00082198,25383,6731.9
1.2615e-06,0.00087442,24672,7140.6
2.5243e-06,0.00092576,31112,7565.3
1.3396e-06,0.00099197,27150,8052.6
3.5486e-06,0.0010433,37000,8461.5
3.9186e-06,0.0010535,38827,8540.8
4.6008e-06,0.0010522,41685,8537.9
5.7325e-06,0.0010464,46392,8506.6
5.9776e-06,0.00102,47170,8318.5
7.1165e-06,0.00099102,51713,8119.4
6.7448e-06,0.00096546,49835,7927.6
7.9535e-06,0.00093487,54644,7716.2
7.3171e-06,0.00090456,51509,7481.2
8.2274e-06,0.00086482,54873,7194.3
7.2007e-06,0.00081498,49521,6789.6
7.5372e-06,0.00075779,49878,6344.5
6.4483e-06,0.00070911,44083,5932.5
6.0928e-06,0.00064605,41143,5415.3
4.7832e-06,0.00058436,33942,4880.5
3.9172e-06,0.00051219,28384,4266.4
2.3858e-06,0.00046081,20424,3806.4
1.3353e-06,0.00040174,14360,3291.9
-6.2341e-07,0.00035341,4692.8,2846.2
-1.8534e-06,0.00030249,-1799.9,2398.2
-4.4092e-06,0.00027154,-13291,2091.7
-5.756e-06,0.00024035,-19576,1810.4
-8.7537e-06,0.00021656,-32221,1571.2
-1.0223e-05,0.00019524,-38360,1386.6
-1.3629e-05,0.00017505,-51631,1220.1
-1.522e-05,0.00015568,-57705,1081.5
-1.8843e-05,0.00013728,-71507,947.39
-2.0322e-05,0.00010948,-77165,749.4
-2.4163e-05,7.9988e-05,-91810,536.69
-2.5784e-05,5.1466e-05,-98010,333.42
-2.9657e-05,2.9494e-05,-1.1277e+05,173.78
-3.1301e-05,-4.8974e-06,-1.1906e+05,-70.972
-3.5261e-05,-2.9137e-05,-1.3415e+05,-246.74
-3.6938e-05,-7.126e-05,-1.4058e+05,-546.14
-4.0821e-05,-9.8951e-05,-1.5538e+05,-746.2
-4.2737e-05,-0.00013832,-1.6272e+05,-1026.4
-4.6775e-05,-0.00015623,-1.781e+05,-1157.6
-4.8428e-05,-0.00018599,-1.8442e+05,-1369.8
-5.2549e-05,-0.00021227,-2.0013e+05,-1560.2
-5.4296e-05,-0.00024567,-2.0681e+05,-1798
-5.8261e-05,-0.00025961,-2.2192e+05,-1901.2
-6.0014e-05,-0.00029994,-2.2863e+05,-2188
-6.3934e-05,-0.00031687,-2.4356e+05,-2312.2
-6.5647e-05,-0.00034017,-2.5011e+05,-2478.7
-6.9452e-05,-0.00036367,-2.6461e+05,-2649.2
-7.1124e-05,-0.00039421,-2.7101e+05,-2866.9
-7.4727e-05,-0.00040044,-2.8473e+05,-2915.1
-7.6406e-05,-0.00043856,-2.9116e+05,-3186.3
-7.9954e-05,-0.00044218,-3.0466e+05,-3216.1
-8.1472e-05,-0.00045745,-3.1046e+05,-3325.7
-8.4823e-05,-0.00046856,-3.2322e+05,-3408.2
-8.6266e-05,-0.0004876,-3.2873e+05,-3544.3
-8.9388e-05,-0.00046831,-3.4059e+05,-3411.8
-9.079e-05,-0.00048876,-3.4595e+05,-3557.8
-9.3573e-05,-0.00046582,-3.5651e+05,-3399.1
-9.4839e-05,-0.00047513,-3.6134e+05,-3466.3
-9.7307e-05,-0.00045023,-3.707e+05,-3293.4
-9.847e-05,-0.00046003,-3.7514e+05,-3363.9
-0.00010077,-0.00042226,-3.8383e+05,-3099.9
-0.00010183,-0.00039637,-3.8784e+05,-2918.2
-0.00010373,-0.0003636,-3.9502e+05,-2689
-0.00010462,-0.00039142,-3.9844e+05,-2886.6
-0.00010622,-0.00035783,-4.045e+05,-2651.2
-0.000107,-0.00037368,-4.0751e+05,-2764
-0.00010836,-0.00034317,-4.1263e+05,-2550.1
-0.00010895,-0.00034409,-4.1489e+05,-2557.3
-0.00011001,-0.00032983,-4.189e+05,-2457.9
-0.00011051,-0.00033147,-4.208e+05,-2470
-0.00011124,-0.00032075,-4.2355e+05,-2395.1
-0.00011158,-0.00033699,-4.2488e+05,-2510.3
-0.00011207,-0.00031284,-4.2671e+05,-2340.2
-0.00011224,-0.00030913,-4.2736e+05,-2314.2
-0.00011244,-0.00029396,-4.2809e+05,-2207.3
-0.00011246,-0.00031482,-4.282e+05,-2354.7
-0.00011243,-0.00028764,-4.2804e+05,-2162.7
-0.00011229,-0.00029168,-4.2753e+05,-2191
-0.00011193,-0.00028816,-4.2615e+05,-2165.8
-0.0001116,-0.00033561,-4.2495e+05,-2500.5
-0.000111,-0.00028774,-4.2262e+05,-2161.7
-0.00011061,-0.00032388,-4.2118e+05,-2416.5
-0.0001097,-0.00028779,-4.1768e+05,-2160.5
-0.00010912,-0.00031375,-4.155e+05,-2343.2
-0.00010789,-0.00032264,-4.108e+05,-2404.6
-0.00010726,-0.00032411,-4.0841e+05,-2414.2
-0.00010573,-0.00029216,-4.0256e+05,-2186.7
-0.000105,-0.00032642,-3.9982e+05,-2427.9
-0.00010318,-0.00028566,-3.9286e+05,-2137.8
-0.0001024,-0.00029385,-3.8989e+05,-2194.8
-0.00010032,-0.000288,-3.8196e+05,-2151
-9.9364e-05,-0.00030167,-3.7835e+05,-2246.4
-9.7121e-05,-0.0002844,-3.698e+05,-2121.8
-9.6266e-05,-0.00029635,-3.6656e+05,-2205.2
-9.3888e-05,-0.00027854,-3.5749e+05,-2076.7
-9.3043e-05,-0.00024792,-3.5424e+05,-1859.3
-9.0996e-05,-0.00025564,-3.4646e+05,-1911.5
-9.0068e-05,-0.00022418,-3.4289e+05,-1688.2
-8.79e-05,-0.00022944,-3.3465e+05,-1722.8
-8.6722e-05,-0.00022103,-3.3015e+05,-1662
-8.4021e-05,-0.00019395,-3.1985e+05,-1467.6
-8.2778e-05,-0.00021617,-3.1514e+05,-1623.1
-7.9806e-05,-0.00020095,-3.0382e+05,-1512.1
-7.8279e-05,-0.00019584,-2.98e+05,-1474.2
-7.502e-05,-0.00018826,-2.8559e+05,-1416.9
-7.3169e-05,-0.00022128,-2.7859e+05,-1647.9
-7.0325e-05,-0.00021024,-2.6775e+05,-1566.6
-6.8817e-05,-0.00026629,-2.6208e+05,-1960.7
-6.5015e-05,-0.00027279,-2.4763e+05,-2002.2
-6.3392e-05,-0.00031741,-2.415e+05,-2315.4
-5.9938e-05,-0.00036134,-2.2841e+05,-2621.5
-5.8039e-05,-0.00040727,-2.2124e+05,-2943.7
-5.4498e-05,-0.00043236,-2.078e+05,-3116.7
-5.2654e-05,-0.00047828,-2.0084e+05,-3438.8
-4.9544e-05,-0.0004908,-1.8903e+05,-3523.5
-4.8093e-05,-0.00047312,-1.8349e+05,-3396.9
-4.4754e-05,-0.00044076,-1.7075e+05,-3164.5
-4.2173e-05,-0.00040497,-1.6088e+05,-2908.7
-3.9436e-05,-0.0003655,-1.5043e+05,-2626.8
-3.7043e-05,-0.00032561,-1.4128e+05,-2342.3
-3.3152e-05,-0.00028531,-1.2643e+05,-2053.2
-3.2496e-05,-0.00023977,-1.2388e+05,-1730.9
-2.6888e-05,-0.00018988,-1.0249e+05,-1372
-2.5861e-05,-0.0001335,-98518,-972.71
-2.0952e-05,-7.3841e-05,-79777,-545.74
-1.8105e-05,-3.2081e-06,-68866,-43.711
-1.4635e-05,9.7775e-05,-55547,673.34
-1.1212e-05,0.00022847,-43847,1512.3
-7.1754e-06,0.00036014,-23655,2732.8
6.5104e-09,0.00045625,9194.4,3685.5
2.6474e-07,0.00073572,17075,5996.2
-1.0196e-07,0.00061169,12175,4952.1
-1.3155e-06,0.00059882,6532.2,4811.6
-2.1441e-06,0.00058473,2516,4670.1
-4.053e-06,0.00057907,-5918.7,4572.2
-5.0002e-06,0.00056976,-10256,4469.4
-6.9467e-06,0.00056426,-18745,4374.8
-8.0763e-06,0.00055565,-23772,4275.6
-1.0276e-05,0.00055053,-33189,4182.8
-1.1581e-05,0.00054234,-38851,4086.8
-1.3945e-05,0.00053688,-48712,3998.7
-1.5157e-05,0.00052905,-53936,3908.1
-1.6297e-05,0.00052538,-58649,3859.8
-1.7391e-05,0.00051968,-62929,3812.6
-1.8719e-05,0.00051823,-68602,3764.1
-1.9755e-05,0.00051351,-72772,3716.3
-2.1011e-05,0.00051076,-77933,3672.2
-2.2203e-05,0.00050663,-82725,3626.1
-2.3565e-05,0.0005028,-88164,3581.8
-2.4677e-05,0.00049842,-92589,3537.1
-2.6363e-05,0.00049512,-99221,3498.2
-2.7704e-05,0.00049069,-1.0448e+05,3455.3
-2.889e-05,0.00048591,-1.091e+05,3412.7
-3.0197e-05,0.0004812,-1.1417e+05,3371.7
-3.1783e-05,0.00047657,-1.2028e+05,3332
-3.2946e-05,0.00047119,-1.2475e+05,3290.1
-3.453e-05,0.00046592,-1.308e+05,3249.8
-3.5605e-05,0.00045976,-1.3489e+05,3205.1
-3.7273e-05,0.00045418,-1.4125e+05,3163.8
-3.8374e-05,0.00044757,-1.4544e+05,3115.9
-4.0188e-05,0.00044231,-1.5235e+05,3076.6
-4.1147e-05,0.00043573,-1.56e+05,3029.1
-4.3066e-05,0.00043035,-1.6331e+05,2988.9
-4.434e-05,0.0004242,-1.6816e+05,2944
-4.6084e-05,0.00041859,-1.7480e+05,2902.4
-4.7259e-05,0.00041223,-1.7928e+05,2856.1
-4.8812e-05,0.00040643,-1.852e+05,2813.4
-4.9991e-05,0.00040015,-1.8969e+05,2767.7
-5.1739e-05,0.00039454,-1.9634e+05,2726.1
-5.3032e-05,0.00038833,-2.0127e+05,2680.7
-5.4668e-05,0.00038261,-2.075e+05,2638.5
-5.6106e-05,0.00037663,-2.1298e+05,2594.5
-5.7803e-05,0.00037097,-2.1944e+05,2552.6
-5.9198e-05,0.00036484,-2.2476e+05,2507.7
-6.0905e-05,0.0003592,-2.3126e+05,2465.9
-6.2292e-05,0.00035317,-2.3654e+05,2421.8
-6.3972e-05,0.00034752,-2.4294e+05,2379.9
-6.5418e-05,0.00034155,-2.4845e+05,2336.1
-6.7047e-05,0.00033575,-2.5465e+05,2293.2
-6.8226e-05,0.00032946,-2.5914e+05,2247.5
-6.9908e-05,0.0003238,-2.6555e+05,2205.6
-7.1077e-05,0.0003175,-2.7e+05,2159.7
-7.2979e-05,0.00031204,-2.7725e+05,2119
-7.4383e-05,0.00030608,-2.8259e+05,2075.3
-7.5962e-05,0.00030025,-2.8861e+05,2032.3
-7.7385e-05,0.00029426,-2.9403e+05,1988.3
-7.8937e-05,0.00028838,-2.9994e+05,1945
-8.0285e-05,0.00028227,-3.0508e+05,1900.3
-8.1988e-05,0.0002766,-3.1156e+05,1858.3
-8.3322e-05,0.0002705,-3.1664e+05,1813.7
-8.4926e-05,0.00026469,-3.2276e+05,1770.8
-8.6381e-05,0.00025872,-3.283e+05,1726.9
-8.8019e-05,0.00025296,-3.3454e+05,1684.4
-8.9315e-05,0.00024684,-3.3948e+05,1639.6
-9.077e-05,0.00024092,-3.4502e+05,1596.2
-9.2072e-05,0.00023468,-3.4998e+05,1550.6
-9.376e-05,0.00022898,-3.5641e+05,1508.3
-9.4949e-05,0.00022269,-3.6094e+05,1462.6
-9.646e-05,0.00021682,-3.667e+05,1419.3
-9.7637e-05,0.00021045,-3.7118e+05,1373
-9.92e-05,0.00020464,-3.7714e+05,1330.2
-0.00010036,0.00019829,-3.8155e+05,1283.9
-0.00010178,0.00019231,-3.8698e+05,1240.1
-0.00010274,0.00018568,-3.9064e+05,1192.1
-0.00010434,0.00017988,-3.9672e+05,1149.3
-0.00010519,0.00017316,-3.9996e+05,1100.8
-0.00010661,0.0001672,-4.0539e+05,1057.2
-0.0001074,0.00016033,-4.0838e+05,1007.7
-0.00010892,0.00015443,-4.1417e+05,964.23
-0.00010977,0.00014701,-4.1742e+05,910.85
-0.0001123,0.00013626,-4.2707e+05,832
-0.00011331,0.00012363,-4.3094e+05,741.59
-0.00011541,0.00011214,-4.3892e+05,657.97
-0.00011633,9.913e-05,-4.4243e+05,565.02
-0.00011783,8.7042e-05,-4.4817e+05,477.88
-0.00011861,7.3788e-05,-4.5114e+05,383.35
-0.00012002,6.1538e-05,-4.5652e+05,295.18
-0.00012098,4.497e-05,-4.6020e+05,177.01
-0.00012131,-7.1797e-05,-4.6159e+05,-648.26
-0.00011925,-0.00091924,-4.5475e+05,-6632.5
5.0277e-05,-0.0051868,-80899,-21740
