-8.519e-06,-0.00083735,-20627,-6636.6
-7.6382e-06,-0.00052631,-24104,-4050.1
-6.8459e-06,-0.00025903,-25426,-1893.6
-6.3769e-06,-5.7685e-05,-24320,-414.68
-6.2069e-06,4.3097e-05,-23556,297.06
-5.4809e-06,0.00010499,-20703,736.28
-5.1053e-06,0.00011661,-19224,821.21
-4.47e-06,0.00011331,-16790,800.01
-4.0912e-06,9.9848e-05,-15389,703.83
-3.6967e-06,8.5045e-05,-13928,598.33
-3.2605e-06,7.0405e-05,-12302,494.44
-2.7182e-06,5.7441e-05,-10260,403.13
-2.2538e-06,4.4598e-05,-8514.8,312.6
-1.7656e-06,3.2519e-05,-6674.4,227.72
-1.6025e-06,2.121e-05,-6070.1,147.88
-7.1032e-07,1.2412e-05,-2686.2,86.868
-3.0873e-07,8.4332e-06,-1161.3,59.373
3.6525e-07,6.4583e-06,1427.4,47.092
6.9509e-07,6.4023e-06,2712.9,47.49
1.1098e-06,6.2461e-06,4344.5,47.405
1.4388e-06,8.8568e-06,5647.7,67.373
1.9968e-06,9.477e-06,7887.4,73.748
2.1939e-06,1.0822e-05,8693.6,84.546
2.592e-06,1.0902e-05,10326,86.469
2.7795e-06,1.3019e-05,11108,103.36
3.1485e-06,1.3938e-05,12646,111.83
3.3732e-06,1.6521e-05,13598,132.81
3.656e-06,1.7126e-05,14792,138.73
3.8089e-06,2.0185e-05,15452,163.47
4.1542e-06,2.1749e-05,16930,177.51
4.2777e-06,2.5128e-05,17476,205
4.6148e-06,2.6417e-05,18932,217.16
4.746e-06,2.859e-05,19511,235.35
4.9599e-06,3.1168e-05,20454,257.41
5.1383e-06,3.4049e-05,21249,281.84
5.3348e-06,3.42e-05,22108,284.4
5.4682e-06,3.9053e-05,22727,324.8
5.5876e-06,4.1293e-05,23269,343.96
5.7376e-06,4.2561e-05,23938,355.5
5.8735e-06,4.1994e-05,24534,351.91
5.9394e-06,4.6321e-05,24860,387.95
6.05e-06,4.6813e-05,25354,392.92
6.1385e-06,4.8297e-05,25759,405.89
6.1793e-06,4.8603e-05,25943,408.76
6.2626e-06,5.086e-05,26333,428.11
6.2458e-06,4.9572e-05,26247,417.34
6.3203e-06,4.944e-05,26577,416.9
6.288e-06,4.7058e-05,26413,396.95
6.3423e-06,4.7164e-05,26656,398.28
6.2676e-06,4.7208e-05,26324,398.01
6.2934e-06,4.6815e-05,26435,394.99
6.2247e-06,4.3691e-05,26104,368.63
6.1787e-06,4.2608e-05,25891,359.33
6.0585e-06,4.5062e-05,25377,378.59
5.9784e-06,4.2999e-05,25006,360.99
5.8494e-06,4.3799e-05,24442,366.52
5.7332e-06,3.9368e-05,23895,329.34
5.5613e-06,4.1455e-05,23154,345.07
5.4172e-06,3.7472e-05,22492,311.56
5.2164e-06,3.8065e-05,21618,314.91
5.042e-06,3.4395e-05,20832,283.99
4.8076e-06,3.5937e-05,19826,294.77
4.6061e-06,3.2845e-05,18934,268.57
4.3443e-06,3.4739e-05,17822,281.87
4.1207e-06,3.2268e-05,16849,260.69
3.8321e-06,3.3131e-05,15628,265.5
3.5886e-06,3.074e-05,14581,245.06
3.2815e-06,3.0533e-05,13290,241.36
3.0428e-06,2.823e-05,12279,221.94
2.6896e-06,2.9308e-05,10822,227.86
2.4426e-06,2.6828e-05,9789.6,207.27
2.0606e-06,2.6287e-05,8228.2,200.66
1.8168e-06,2.3833e-05,7226.2,180.68
1.4075e-06,2.346e-05,5582.8,175.35
1.1494e-06,2.1583e-05,4546.2,159.95
7.3584e-07,2.1085e-05,2915,153.99
4.8225e-07,1.9631e-05,1917.4,142.13
2.7799e-08,1.8923e-05,154.01,135.08
-2.0406e-07,1.7514e-05,-742.58,124.19
-6.8317e-07,1.6086e-05,-2578.5,112.86
-9.3411e-07,1.4696e-05,-3537.7,102.52
-1.394e-06,1.2937e-05,-5286.8,89.714
-1.649e-06,1.1606e-05,-6258.2,80.022
-2.112e-06,9.2611e-06,-8021.9,62.928
-2.3619e-06,8.3809e-06,-8973.3,56.424
-2.8174e-06,4.3558e-06,-10710,27.477
-3.0716e-06,2.6724e-06,-11679,15.296
-3.5117e-06,-1.2354e-06,-13357,-12.805
-3.7264e-06,-3.1877e-06,-14176,-26.838
-4.1922e-06,-6.8083e-06,-15952,-52.942
-4.4044e-06,-6.6243e-06,-16759,-51.889
-4.8545e-06,-1.0052e-05,-18474,-76.613
-5.0757e-06,-1.1359e-05,-19318,-86.096
-5.4898e-06,-1.3522e-05,-20895,-101.85
-5.7171e-06,-1.5963e-05,-21762,-119.35
-6.0867e-06,-2.0495e-05,-23173,-151.78
-6.3091e-06,-2.2895e-05,-24022,-168.98
-6.6708e-06,-2.8144e-05,-25404,-206.46
-6.898e-06,-3.0123e-05,-26270,-220.69
-7.2489e-06,-3.3312e-05,-27608,-243.62
-7.4561e-06,-3.3864e-05,-28397,-247.75
-7.7748e-06,-3.7002e-05,-29613,-270.28
-7.9691e-06,-4.1908e-05,-30357,-305.15
-8.2466e-06,-4.4762e-05,-31416,-325.62
-8.4195e-06,-4.8304e-05,-32078,-350.83
-8.6895e-06,-5.1194e-05,-33108,-371.55
-8.845e-06,-5.145e-05,-33700,-373.54
-9.0897e-06,-5.3192e-05,-34633,-386.12
-9.2237e-06,-5.3918e-05,-35143,-391.4
-9.4211e-06,-5.4935e-05,-35895,-398.81
-9.5319e-06,-5.6563e-05,-36318,-410.44
-9.6959e-06,-5.5181e-05,-36941,-400.87
-9.7861e-06,-5.3896e-05,-37282,-391.9
-9.9209e-06,-5.1364e-05,-37792,-374.18
-9.9848e-06,-5.1115e-05,-38035,-372.5
-1.009e-05,-4.6353e-05,-38430,-339
-1.0134e-05,-4.4298e-05,-38593,-324.55
-1.0195e-05,-4.1523e-05,-38823,-305.02
-1.0218e-05,-4.3606e-05,-38911,-319.75
-1.025e-05,-3.689e-05,-39028,-272.37
-1.0256e-05,-3.8216e-05,-39051,-281.74
-1.0254e-05,-3.3119e-05,-39039,-245.75
-1.024e-05,-3.4074e-05,-38985,-252.48
-1.02e-05,-3.3496e-05,-38834,-248.35
-1.0176e-05,-3.2257e-05,-38739,-239.58
-1.0104e-05,-2.7966e-05,-38462,-209.2
-1.0064e-05,-3.0371e-05,-38313,-226.13
-9.9622e-06,-2.591e-05,-37919,-194.51
-9.906e-06,-2.6369e-05,-37706,-197.69
-9.7806e-06,-2.5973e-05,-37229,-194.75
-9.7145e-06,-2.7638e-05,-36979,-206.43
-9.5829e-06,-2.6416e-05,-36477,-197.65
-9.4967e-06,-2.815e-05,-36152,-209.79
-9.3584e-06,-2.7209e-05,-35624,-202.99
-9.2885e-06,-2.5203e-05,-35356,-188.74
-9.1481e-06,-2.6886e-05,-34824,-200.46
-9.0756e-06,-2.4659e-05,-34546,-184.65
-8.9213e-06,-2.6091e-05,-33961,-194.59
-8.8252e-06,-2.6123e-05,-33596,-194.7
-8.6452e-06,-2.4205e-05,-32909,-180.95
-8.5312e-06,-2.7235e-05,-32478,-202.21
-8.3032e-06,-2.6088e-05,-31610,-193.84
-8.1861e-06,-2.5619e-05,-31164,-190.4
-7.9282e-06,-2.4483e-05,-30182,-182.07
-7.8016e-06,-2.6875e-05,-29703,-198.81
-7.5342e-06,-2.3955e-05,-28683,-177.89
-7.3765e-06,-2.6955e-05,-28086,-198.88
-7.0945e-06,-2.4056e-05,-27010,-178.09
-6.9477e-06,-2.476e-05,-26453,-182.89
-6.6358e-06,-2.4703e-05,-25267,-182.12
-6.4781e-06,-2.4978e-05,-24667,-183.88
-6.1516e-06,-2.2933e-05,-23423,-169.06
-5.9812e-06,-2.3922e-05,-22776,-175.85
-5.6511e-06,-2.2324e-05,-21518,-164.19
-5.4775e-06,-2.1841e-05,-20858,-160.57
-5.1009e-06,-2.4565e-05,-19429,-179.37
-4.898e-06,-3.5172e-05,-18669,-254.02
-4.6641e-06,-4.9048e-05,-17796,-351.71
-4.2907e-06,-6.2618e-05,-16393,-446.98
-4.1562e-06,-7.2726e-05,-15886,-518.66
-3.9465e-06,-8.1652e-05,-15083,-582.49
-3.4239e-06,-8.0472e-05,-13073,-574.88
-3.1961e-06,-7.7959e-05,-12190,-557.74
-2.8006e-06,-6.7811e-05,-10676,-485.51
-2.3393e-06,-4.9336e-05,-8927.9,-352.78
-1.9224e-06,6.9918e-07,-7310.6,2.7013
-1.6289e-06,7.9782e-05,-5952.5,570.43
-1.7138e-06,0.00017573,-5270,1298.8
1.2162e-06,0.00021832,7613.8,1689.5
3.0034e-06,0.00014603,13750,1142
3.2373e-06,6.3127e-05,13427,493.18
3.3199e-06,5.6736e-05,13676,445.07
3.2897e-06,5.0953e-05,13487,399.95
3.323e-06,4.9596e-05,13624,389.28
3.2801e-06,4.8291e-05,13419,379.35
3.2833e-06,4.7064e-05,13410,369.9
3.2294e-06,4.5978e-05,13196,360.26
3.1587e-06,4.4855e-05,12862,351.48
3.0721e-06,4.3801e-05,12499,342.64
2.9343e-06,4.2985e-05,11934,334.09
2.8563e-06,4.2124e-05,11578,325.53
2.7986e-06,4.1391e-05,11329,321.21
2.7198e-06,4.086e-05,11028,315.81
2.6623e-06,4.0319e-05,10784,311.53
2.5798e-06,3.9835e-05,10442,306.67
2.4974e-06,3.9337e-05,10099,302.35
2.4074e-06,3.8846e-05,9728,297.67
2.3226e-06,3.8351e-05,9376.2,293.12
2.2157e-06,3.7902e-05,8936,288.78
2.1173e-06,3.7446e-05,8528.5,284.5
2.0067e-06,3.7022e-05,8076.5,280.27
1.9309e-06,3.6508e-05,7762.1,275.79
1.7965e-06,3.6139e-05,7215.6,271.89
1.6866e-06,3.5699e-05,6766.8,267.71
1.5473e-06,3.5319e-05,6204.3,263.76
1.4363e-06,3.4881e-05,5754.7,259.59
1.2876e-06,3.45e-05,5156.2,255.66
1.1719e-06,3.41e-05,4690.8,251.89
1.0522e-06,3.3599e-05,4233.9,247.79
9.6587e-07,3.3081e-05,3888.4,243.61
7.8491e-07,3.2801e-05,3162.1,239.74
6.7735e-07,3.2358e-05,2725.4,235.47
5.4151e-07,3.1955e-05,2190.7,231.61
4.2126e-07,3.1519e-05,1719.2,227.72
2.6455e-07,3.1124e-05,1124.5,224.54
2.179e-07,3.0523e-05,927.9,220.04
-8.7631e-09,3.0304e-05,54.002,217.03
-1.2951e-07,2.9902e-05,-428.13,212.99
-2.6771e-07,2.9461e-05,-963.22,209.19
-4.0678e-07,2.9058e-05,-1500.6,205.7
-5.7917e-07,2.8709e-05,-2164.3,202.57
-7.3896e-07,2.8303e-05,-2777.7,199.16
-9.1654e-07,2.7937e-05,-3457.2,196.08
-1.0772e-06,2.755e-05,-4070.5,192.99
-1.2237e-06,2.71e-05,-4630.9,189.44
-1.3911e-06,2.6671e-05,-5267.2,186.21
-1.5592e-06,2.6221e-05,-5906.6,182.84
-1.7133e-06,2.5732e-05,-6489.7,179.42
-1.8883e-06,2.5296e-05,-7152.1,176.4
-2.0446e-06,2.4798e-05,-7747.1,172.7
-2.2391e-06,2.4385e-05,-8487.3,169.56
-2.3725e-06,2.385e-05,-8995.4,165.62
-2.558e-06,2.3372e-05,-9701.6,162.03
-2.7275e-06,2.294e-05,-10346,158.79
-2.9129e-06,2.2525e-05,-11052,155.65
-3.0904e-06,2.2067e-05,-11728,152.2
-3.2915e-06,2.1727e-05,-12493,149.57
-3.4547e-06,2.1309e-05,-13114,146.43
-3.646e-06,2.0896e-05,-13842,143.29
-3.8103e-06,2.0404e-05,-14468,139.62
-4.0026e-06,2.0045e-05,-15200,136.87
-4.1888e-06,1.9686e-05,-15908,134.12
-4.3711e-06,1.9263e-05,-16602,130.92
-4.5356e-06,1.8776e-05,-17228,127.29
-4.7272e-06,1.8416e-05,-17957,124.52
-4.9102e-06,1.8067e-05,-18654,121.84
-5.0977e-06,1.7684e-05,-19367,118.92
-5.2562e-06,1.7228e-05,-19971,115.52
-5.4148e-06,1.6775e-05,-20574,112.14
-5.6235e-06,1.6415e-05,-21369,109.36
-5.7885e-06,1.6018e-05,-21997,106.36
-5.9719e-06,1.5594e-05,-22694,103.15
-6.1555e-06,1.5184e-05,-23394,100.05
-6.3072e-06,1.4736e-05,-23971,96.706
-6.4639e-06,1.429e-05,-24568,93.379
-6.6502e-06,1.3856e-05,-25276,90.092
-6.7862e-06,1.3355e-05,-25794,86.4
-7.0015e-06,1.2968e-05,-26614,83.419
-7.1697e-06,1.2435e-05,-27254,79.457
-7.5632e-06,1.175e-05,-28751,74.164
-7.7922e-06,1.074e-05,-29624,66.766
-8.1751e-06,9.6932e-06,-31081,58.933
-8.3925e-06,8.348e-06,-31909,49.182
-8.7985e-06,7.441e-06,-33454,42.307
-9.058e-06,6.0683e-06,-34443,32.313
-9.6205e-06,5.3018e-06,-36583,26.248
-9.8194e-06,-3.801e-06,-37351,-38.253
-9.8876e-06,-7.8821e-05,-37698,-568
-9.9768e-06,-0.00022317,-38020,-1599.7
-1.002e-05,-0.00050234,-34661,-3801.1
