-1.4223e-05,-0.00057637,-65603,-6709.9
-1.2192e-05,-0.00045507,-56488,-5271.5
-1.3051e-05,-0.00027675,-58642,-3240.6
-1.7395e-05,-0.00012943,-73596,-1737.9
-1.799e-05,-3.8492e-05,-74174,-777.55
-1.6377e-05,-3.3635e-06,-66880,-369.1
-1.7082e-05,2.046e-05,-69270,-128.68
-1.8119e-05,2.9183e-05,-73322,-56.49
-1.8324e-05,3.5518e-05,-74031,7.083
-1.8875e-05,3.6169e-05,-76264,2.8362
-1.8959e-05,3.5562e-05,-76622,-5.3703
-1.947e-05,3.2849e-05,-78762,-44.78
-1.9484e-05,2.7972e-05,-78916,-97.198
-2.0959e-05,1.648e-05,-85167,-250.09
-1.8868e-05,-2.823e-06,-77032,-413.99
-1.9954e-05,-2.2294e-05,-81855,-644.28
-2.0048e-05,-2.7918e-05,-82354,-706.34
-2.0282e-05,-2.6947e-05,-83291,-700.73
-2.0192e-05,-2.8323e-05,-82951,-713.6
-2.1949e-05,-2.2594e-05,-90001,-688.08
-1.9903e-05,-2.0576e-05,-81615,-624.88
-2.1077e-05,-2.6194e-05,-86517,-708.84
-2.0926e-05,-2.6e-05,-85896,-703.68
-2.1481e-05,-2.1441e-05,-88068,-666.22
-2.1408e-05,-2.345e-05,-87814,-686.23
-2.1651e-05,-2.0511e-05,-88743,-659.74
-2.1542e-05,-2.0015e-05,-88289,-652.23
-2.1704e-05,-1.6495e-05,-88878,-617.87
-2.1379e-05,-2.1446e-05,-87652,-664.2
-2.1705e-05,-2.3632e-05,-89028,-694.22
-2.162e-05,-2.7047e-05,-88749,-729
-2.1607e-05,-2.3419e-05,-88621,-689.93
-2.1435e-05,-2.1968e-05,-87894,-670.94
-2.1719e-05,-2.7325e-05,-89159,-733.99
-2.2183e-05,-2.1026e-05,-90926,-676.08
-2.0936e-05,-8.4614e-06,-85582,-516.35
-2.0876e-05,-2.2672e-05,-85625,-667.08
-2.1092e-05,-2.6386e-05,-86582,-711.2
-2.072e-05,-2.1594e-05,-84970,-652.4
-2.0611e-05,-1.694e-05,-84429,-600.4
-2.0257e-05,-2.1621e-05,-83078,-643.26
-2.0209e-05,-2.249e-05,-82901,-651.57
-1.99e-05,-1.9721e-05,-81583,-615.67
-1.9812e-05,-2.1328e-05,-81259,-631.08
-1.9593e-05,-2.3152e-05,-80400,-646.11
-1.9412e-05,-2.0094e-05,-79601,-609.74
-1.9244e-05,-1.8183e-05,-78878,-585.9
-1.8901e-05,-1.665e-05,-77447,-562.52
-1.883e-05,-1.7093e-05,-77166,-565.8
-1.8672e-05,-1.9549e-05,-76571,-588.86
-1.8305e-05,-1.941e-05,-75069,-579.89
-1.8023e-05,-1.5241e-05,-73836,-529.59
-1.758e-05,-1.1928e-05,-71959,-485.14
-1.7542e-05,-1.8001e-05,-71931,-549.33
-1.7057e-05,-1.1681e-05,-69822,-471.87
-1.7103e-05,-3.8575e-06,-69852,-389.15
-1.6049e-05,1.3317e-05,-65203,-184.05
-1.5872e-05,3.5671e-06,-64679,-284.71
-1.5417e-05,8.2556e-06,-62726,-225.32
-1.5122e-05,5.5596e-06,-61577,-248.15
-1.4609e-05,1.3302e-05,-59325,-154.91
-1.4388e-05,8.5072e-06,-58523,-201.7
-1.3892e-05,1.511e-05,-56363,-120.99
-1.3704e-05,9.1743e-06,-55718,-180.65
-1.3153e-05,1.3638e-05,-53381,-121.71
-1.2984e-05,9.297e-06,-52779,-164.69
-1.2542e-05,1.3732e-05,-50884,-108.27
-1.241e-05,1.6356e-05,-50296,-77.543
-1.2036e-05,2.4194e-05,-48609,13.879
-1.1677e-05,1.8562e-05,-47259,-39.035
-1.1326e-05,2.3961e-05,-45715,25.843
-1.1182e-05,1.9093e-05,-45229,-23.299
-1.0813e-05,2.1441e-05,-43676,9.3235
-1.0704e-05,2.0841e-05,-43243,5.1218
-1.038e-05,2.8193e-05,-41770,90.332
-1.0401e-05,4.1465e-05,-41586,231.83
-9.8239e-06,5.6009e-05,-38937,399.08
-9.9821e-06,4.0152e-05,-39904,226.3
-9.7906e-06,3.3073e-05,-39268,154.5
-9.5693e-06,2.5344e-05,-38522,76.357
-9.4055e-06,2.6134e-05,-37838,88.132
-9.4122e-06,1.9017e-05,-38010,11.898
-9.3583e-06,1.7462e-05,-37822,-3.6383
-9.3512e-06,1.3015e-05,-37883,-51.038
-9.3923e-06,1.7374e-05,-37962,-5.2713
-9.371e-06,1.8395e-05,-37854,6.0823
-9.3761e-06,2.9018e-05,-37659,119.57
-9.5836e-06,4.2661e-05,-38228,261.24
-9.6374e-06,5.8363e-05,-38128,428.04
-9.9563e-06,4.5511e-05,-39690,284.13
-1.0046e-05,4.0961e-05,-40149,233.66
-1.0098e-05,3.1237e-05,-40558,128.63
-1.032e-05,3.0678e-05,-41475,118.12
-1.034e-05,2.2916e-05,-41714,34.721
-1.0637e-05,2.1762e-05,-42952,16.328
-1.0825e-05,1.688e-05,-43818,-39.691
-1.1158e-05,1.8815e-05,-45137,-25.776
-1.1372e-05,1.1732e-05,-46153,-105.86
-1.1672e-05,1.2373e-05,-47362,-105.11
-1.1895e-05,8.9958e-06,-48343,-145.76
-1.2239e-05,1.6816e-05,-49588,-69.137
-1.2451e-05,1.3556e-05,-50518,-108.31
-1.2759e-05,1.7945e-05,-51684,-67.63
-1.3231e-05,2.2179e-05,-53523,-31.958
-1.3705e-05,2.5587e-05,-55388,-5.1631
-1.3941e-05,1.3095e-05,-56604,-143.54
-1.4317e-05,1.2129e-05,-58158,-161.51
-1.4587e-05,2.9687e-06,-59447,-264.96
-1.5e-05,7.7153e-06,-61037,-222.62
-1.5326e-05,2.8615e-06,-62462,-281.14
-1.5768e-05,4.7049e-06,-64229,-270.42
-1.6059e-05,-1.2477e-06,-65537,-339.99
-1.6488e-05,9.8371e-07,-67241,-324.85
-1.676e-05,-5.5562e-06,-68485,-400.33
-1.7227e-05,-4.7903e-06,-70374,-401.63
-1.7451e-05,-9.9921e-06,-71396,-461.83
-1.7863e-05,-6.9771e-06,-73014,-437.96
-1.8138e-05,-1.2129e-05,-74241,-498.64
-1.8489e-05,-1.8307e-05,-75799,-571.86
-1.868e-05,-2.3267e-05,-76681,-628.78
-1.9008e-05,-2.7896e-05,-78110,-684.94
-1.9105e-05,-2.099e-05,-78366,-613.07
-1.9358e-05,-2.127e-05,-79403,-621.21
-1.9484e-05,-2.8149e-05,-80058,-697.34
-1.9827e-05,-2.442e-05,-81384,-664.45
-1.9876e-05,-2.3194e-05,-81558,-652.33
-2.0404e-05,-2.3482e-05,-83716,-666.14
-1.9963e-05,-2.055e-05,-81857,-625.81
-2.0459e-05,-1.1681e-05,-83702,-541.08
-2.0629e-05,-1.4132e-05,-84446,-570.74
-2.0972e-05,-1.3292e-05,-85827,-568.74
-2.1005e-05,-1.5677e-05,-86011,-594.91
-2.0629e-05,-2.3799e-05,-84640,-674.11
-2.1155e-05,-2.0164e-05,-86712,-645.93
-2.123e-05,-1.5003e-05,-86912,-592.27
-2.1382e-05,-1.9348e-05,-87622,-641.83
-2.1466e-05,-1.4545e-05,-87866,-592.17
-2.1428e-05,-1.939e-05,-87810,-643.22
-2.1168e-05,-1.7957e-05,-86721,-622.6
-2.2748e-05,-7.5472e-06,-92957,-543.44
-2.1823e-05,-2.3066e-05,-89498,-690.57
-2.142e-05,-2.6022e-05,-87913,-713.98
-2.16e-05,-1.9542e-05,-88517,-648.34
-2.1524e-05,-1.5323e-05,-88121,-601.68
-2.2998e-05,-1.4976e-05,-94125,-627.95
-2.1203e-05,-2.3906e-05,-86984,-686.93
-2.095e-05,-3.1416e-05,-86105,-762.09
-2.1009e-05,-2.8424e-05,-86288,-731.31
-2.0959e-05,-3.2894e-05,-86171,-778.08
-2.0731e-05,-3.4697e-05,-85280,-792.73
-2.041e-05,-3.2408e-05,-83922,-761.72
-2.0369e-05,-2.7217e-05,-83648,-705.36
-2.012e-05,-2.6435e-05,-82620,-691.95
-1.9719e-05,-1.5474e-05,-80760,-566.59
-1.9788e-05,3.955e-06,-80645,-360.21
-1.9642e-05,2.0168e-05,-79722,-183.88
-1.9541e-05,3.229e-05,-79062,-52.189
-1.928e-05,3.7646e-05,-77887,10.392
-1.8388e-05,4.136e-05,-74172,68.252
-2.0042e-05,4.6729e-05,-80813,92.018
-1.7328e-05,4.1607e-05,-69845,92.44
-1.9113e-05,2.7857e-05,-77408,-90.899
-1.6778e-05,4.7215e-06,-68350,-290.79
-1.6148e-05,-2.8396e-05,-66454,-632.12
-1.7971e-05,-7.0911e-05,-74756,-1123.8
-1.3661e-05,-0.00017711,-59331,-2171.8
-1.5552e-05,-0.00032017,-69702,-3757.9
-1.2316e-05,-0.00049767,-57119,-5774.1
-2.8809e-06,-0.00054746,-14170,-6402.5
-1.2268e-06,-0.00013027,-7699.7,-1427.9
-2.1931e-07,4.9029e-05,232.84,527.15
2.8023e-07,5.7641e-05,2544.5,634.56
1.4063e-06,5.9498e-05,7382,687.36
1.8584e-06,5.8163e-05,9288.1,686.11
2.7218e-06,5.5683e-05,12969,684.88
2.819e-06,5.5337e-05,13401,683.62
3.3094e-06,5.3935e-05,15538,682.38
3.6381e-06,5.2912e-05,16962,681.13
4.0074e-06,5.1845e-05,18598,679.88
4.15e-06,5.1407e-05,19237,678.68
4.456e-06,5.0531e-05,20600,677.46
4.5763e-06,5.0153e-05,21132,676.77
4.8404e-06,4.9424e-05,22319,676.05
4.7793e-06,4.9445e-05,22025,675.37
5.0201e-06,4.8637e-05,23074,674.66
4.9957e-06,4.8208e-05,22872,673.97
5.2732e-06,4.7325e-05,24103,673.26
5.2951e-06,4.7143e-05,24193,672.58
5.4578e-06,4.6445e-05,24885,671.87
5.5242e-06,4.5933e-05,25126,671.18
5.568e-06,4.5818e-05,25345,670.48
5.6591e-06,4.5281e-05,25709,669.78
5.7141e-06,4.4866e-05,25914,669.08
5.7066e-06,4.4968e-05,25919,668.38
5.8063e-06,4.4466e-05,26335,667.69
5.7613e-06,4.4811e-05,26194,666.98
5.8313e-06,4.4995e-05,26601,666.29
5.7495e-06,4.5764e-05,26350,665.6
5.717e-06,4.6528e-05,26338,664.83
5.8448e-06,4.6224e-05,26926,664.62
5.8501e-06,4.6111e-05,26949,663.49
5.9528e-06,4.5814e-05,27424,662.82
6.0199e-06,4.5603e-05,27734,662.13
6.0459e-06,4.5485e-05,27853,661.44
6.0252e-06,4.5453e-05,27760,660.56
6.2462e-06,4.4972e-05,28782,660.66
6.1696e-06,4.502e-05,28426,659.29
6.1875e-06,4.4934e-05,28505,658.7
6.2083e-06,4.4834e-05,28600,658.03
6.2588e-06,4.4657e-05,28835,657.32
6.1531e-06,4.4837e-05,28341,656.63
6.1715e-06,4.4739e-05,28425,655.96
6.0505e-06,4.4959e-05,27860,655.29
6.0195e-06,4.4964e-05,27716,654.57
6.0029e-06,4.4943e-05,27637,653.89
6.1078e-06,4.4653e-05,28122,653.22
6.0938e-06,4.4631e-05,28055,652.56
6.1126e-06,4.4521e-05,28143,651.84
6.0606e-06,4.4582e-05,27899,651.16
6.1312e-06,4.4372e-05,28225,650.5
6.1131e-06,4.4355e-05,28139,649.82
6.1981e-06,4.4097e-05,28536,649.13
6.3853e-06,4.3622e-05,29407,648.44
6.2659e-06,4.3855e-05,28846,647.9
6.2351e-06,4.3859e-05,28701,647.15
6.2963e-06,4.3653e-05,28986,646.41
6.1076e-06,4.4021e-05,28105,645.74
5.9882e-06,4.4234e-05,27548,645.06
5.9829e-06,4.4188e-05,27523,644.39
6.0909e-06,4.3888e-05,28022,643.71
5.9565e-06,4.4136e-05,27396,643.04
5.7833e-06,4.4472e-05,26593,642.37
5.8029e-06,4.4372e-05,26682,641.7
5.9325e-06,4.4015e-05,27281,641.02
5.7758e-06,4.432e-05,26553,640.34
5.5627e-06,4.4751e-05,25568,639.67
5.4766e-06,4.4893e-05,25171,639
5.4792e-06,4.4833e-05,25180,638.34
5.4107e-06,4.493e-05,24742,646.77
5.4016e-06,4.4893e-05,24667,648.43
5.1797e-06,4.5359e-05,23805,636.32
5.202e-06,4.525e-05,23694,650.71
5.1295e-06,4.536e-05,23453,643.73
4.9927e-06,4.5619e-05,22948,634.31
4.7991e-06,4.6023e-05,22067,633.64
4.9078e-06,4.5706e-05,22559,632.98
4.7482e-06,4.603e-05,21833,632.3
4.5738e-06,4.6387e-05,21046,631.64
4.3557e-06,4.6846e-05,20061,630.92
4.1196e-06,4.7183e-05,18971,629.71
3.8456e-06,4.7671e-05,17728,628.5
3.3143e-06,4.8933e-05,15383,627.31
2.76e-06,5.0387e-05,12996,626.11
2.5763e-06,5.0788e-05,12202,624.91
1.7686e-06,5.2855e-05,8759.9,623.72
1.4211e-06,5.3649e-05,7287.1,622.52
3.1224e-07,5.5346e-05,2621,610.07
-4.3835e-07,4.7827e-05,-724.33,508.74
-9.6478e-07,2.0428e-05,-3677.5,188.56
-2.862e-06,-0.00019061,-14556,-2156
