-3.745e-06,-0.00041794,-9909.8,-3230.7
-3.2971e-06,-0.00024881,-11177,-1857.5
-2.9827e-06,-0.00010834,-11297,-779.23
-2.7207e-06,-8.7309e-06,-10358,-64.804
-2.592e-06,3.5442e-05,-9816.9,247.21
-2.1862e-06,5.9905e-05,-8219.7,422.09
-1.9718e-06,6.1138e-05,-7389.6,431.86
-1.5705e-06,5.6187e-05,-5863.9,397.68
-1.3819e-06,4.9055e-05,-5165.8,346.85
-1.0187e-06,4.0818e-05,-3799.7,288.74
-8.3753e-07,3.3056e-05,-3130.8,233.47
-4.9477e-07,2.6173e-05,-1838.1,185.1
-3.09e-07,1.971e-05,-1145.9,139.29
2.4017e-08,1.4501e-05,122.8,103.19
1.9925e-07,9.6373e-06,780.99,68.843
5.1148e-07,6.1573e-06,1978.1,44.949
6.6955e-07,5.4958e-06,2591.2,40.587
9.7778e-07,4.8871e-06,3798.3,36.895
1.1282e-06,5.8638e-06,4394.9,44.418
1.4141e-06,6.4507e-06,5533.1,49.473
1.5495e-06,8.1827e-06,6079.2,62.71
1.8235e-06,8.8373e-06,7183.8,68.411
1.9502e-06,1.0495e-05,7701.7,81.264
2.1985e-06,1.082e-05,8712.2,84.542
2.3188e-06,1.2277e-05,9208.9,96.021
2.5443e-06,1.2553e-05,10135,98.932
2.6525e-06,1.3898e-05,10586,109.63
2.857e-06,1.4065e-05,11433,111.7
2.9547e-06,1.549e-05,11845,123.07
3.1346e-06,1.5472e-05,12594,123.67
3.2197e-06,1.6804e-05,12955,134.36
3.3786e-06,1.6389e-05,13620,131.8
3.4507e-06,1.6407e-05,13923,132.24
3.5805e-06,1.6584e-05,14470,134.16
3.6359e-06,1.7699e-05,14709,143.14
3.7453e-06,1.6751e-05,15168,136.16
3.7903e-06,1.867e-05,15366,151.46
3.8711e-06,1.8759e-05,15710,152.52
3.8931e-06,2.0176e-05,15810,163.8
3.9565e-06,2.0114e-05,16079,163.61
3.9664e-06,2.2746e-05,16134,184.45
4.0095e-06,2.3046e-05,16319,187.05
4.0106e-06,2.3622e-05,16327,191.61
4.0287e-06,2.4027e-05,16406,194.91
4.0251e-06,2.5497e-05,16399,206.51
4.025e-06,2.473e-05,16394,200.44
4.0199e-06,2.533e-05,16376,205.17
4.0047e-06,2.4297e-05,16305,196.91
3.9945e-06,2.3793e-05,16259,192.88
3.9599e-06,2.3127e-05,16109,187.42
3.9381e-06,2.3494e-05,16018,190.21
3.8773e-06,2.1071e-05,15747,170.78
3.8259e-06,2.1743e-05,15532,175.82
3.7402e-06,2.3331e-05,15177,187.87
3.6731e-06,2.286e-05,14891,183.82
3.5752e-06,2.409e-05,14484,192.94
3.4981e-06,2.2041e-05,14148,176.49
3.3816e-06,2.3537e-05,13667,187.55
3.2982e-06,2.1258e-05,13305,169.36
3.1617e-06,2.1509e-05,12735,170.61
3.0669e-06,1.9411e-05,12329,153.88
2.9079e-06,2.0244e-05,11672,159.54
2.8008e-06,1.8464e-05,11219,145.32
2.6284e-06,1.9506e-05,10512,152.48
2.5102e-06,1.7836e-05,10017,139.15
2.3262e-06,1.8121e-05,9263.8,140.45
2.1975e-06,1.6382e-05,8729.9,126.67
2.0077e-06,1.5947e-05,7956,122.54
1.8831e-06,1.4203e-05,7443.6,108.89
1.6662e-06,1.4511e-05,6570.7,110.29
1.538e-06,1.2618e-05,6048.5,95.667
1.3109e-06,1.2062e-05,5139.5,90.668
1.1805e-06,1.0308e-05,4615.3,77.259
9.4281e-07,9.8714e-06,3675,73.231
8.0694e-07,8.4894e-06,3136.9,62.705
5.621e-07,8.1438e-06,2180.5,59.414
4.254e-07,7.1578e-06,1647.5,51.893
1.5989e-07,6.7004e-06,623.57,47.873
2.9758e-08,5.747e-06,122.97,40.778
-2.4156e-07,5.2002e-06,-912.53,36.441
-3.8512e-07,4.5888e-06,-1459.4,31.949
-6.4823e-07,4.2159e-06,-2460.5,29.011
-7.8787e-07,3.9704e-06,-2991.8,27.115
-1.0523e-06,3.1238e-06,-3998.3,20.831
-1.1934e-06,2.9652e-06,-4535.4,19.547
-1.4528e-06,1.2155e-06,-5523.9,6.8924
-1.6023e-06,6.554e-07,-6093.1,2.7644
-1.8485e-06,-1.0505e-06,-7031.4,-9.5658
-1.9803e-06,-1.7755e-06,-7533.8,-14.837
-2.235e-06,-3.7751e-06,-8504.8,-29.251
-2.3643e-06,-3.8293e-06,-8996.6,-29.784
-2.6128e-06,-6.3469e-06,-9944.5,-47.847
-2.7451e-06,-6.2721e-06,-10447,-47.473
-2.9751e-06,-7.2461e-06,-11323,-54.617
-3.0976e-06,-8.6478e-06,-11791,-64.656
-3.3056e-06,-1.11e-05,-12585,-82.208
-3.4328e-06,-1.1225e-05,-13069,-83.243
-3.6347e-06,-1.3499e-05,-13839,-99.531
-3.7677e-06,-1.2977e-05,-14344,-96
-3.9635e-06,-1.3559e-05,-15090,-100.33
-4.0812e-06,-1.3125e-05,-15537,-97.412
-4.2603e-06,-1.4206e-05,-16220,-105.25
-4.366e-06,-1.6935e-05,-16625,-124.64
-4.5189e-06,-1.8443e-05,-17208,-135.46
-4.6065e-06,-2.1739e-05,-17545,-158.84
-4.7578e-06,-2.5351e-05,-18124,-184.52
-4.8575e-06,-2.4302e-05,-18503,-177.22
-4.9955e-06,-2.5561e-05,-19029,-186.27
-5.0727e-06,-2.6537e-05,-19324,-193.25
-5.1796e-06,-2.7937e-05,-19732,-203.26
-5.2403e-06,-2.9786e-05,-19965,-216.39
-5.3261e-06,-2.9952e-05,-20291,-217.66
-5.3741e-06,-3.0067e-05,-20474,-218.53
-5.4383e-06,-2.9487e-05,-20718,-214.5
-5.4732e-06,-2.9737e-05,-20850,-216.31
-5.5221e-06,-2.7454e-05,-21034,-200.25
-5.5423e-06,-2.6422e-05,-21110,-192.99
-5.5661e-06,-2.4925e-05,-21198,-182.44
-5.5733e-06,-2.5961e-05,-21227,-189.77
-5.5804e-06,-2.2182e-05,-21249,-163.09
-5.5776e-06,-2.2766e-05,-21239,-167.22
-5.5639e-06,-1.9876e-05,-21184,-146.8
-5.5496e-06,-2.0298e-05,-21130,-149.76
-5.513e-06,-1.9918e-05,-20991,-147.03
-5.4921e-06,-1.9207e-05,-20910,-141.99
-5.437e-06,-1.6863e-05,-20698,-125.38
-5.4066e-06,-1.812e-05,-20584,-134.22
-5.3324e-06,-1.5664e-05,-20299,-116.79
-5.2932e-06,-1.58e-05,-20150,-117.7
-5.2011e-06,-1.5428e-05,-19799,-114.97
-5.1526e-06,-1.6039e-05,-19615,-119.23
-5.0514e-06,-1.5098e-05,-19229,-112.47
-4.9941e-06,-1.5623e-05,-19012,-116.11
-4.8863e-06,-1.4802e-05,-18601,-110.19
-4.835e-06,-1.3371e-05,-18404,-100.02
-4.7308e-06,-1.397e-05,-18009,-104.13
-4.6786e-06,-1.2531e-05,-17808,-93.911
-4.5664e-06,-1.3026e-05,-17382,-97.272
-4.4963e-06,-1.2807e-05,-17115,-95.649
-4.3724e-06,-1.1697e-05,-16643,-87.668
-4.2908e-06,-1.3011e-05,-16334,-96.847
-4.133e-06,-1.2333e-05,-15733,-91.881
-4.0509e-06,-1.2034e-05,-15421,-89.674
-3.8778e-06,-1.1456e-05,-14762,-85.389
-3.7947e-06,-1.2648e-05,-14447,-93.709
-3.6199e-06,-1.1216e-05,-13780,-83.395
-3.5148e-06,-1.2565e-05,-13382,-92.8
-3.3326e-06,-1.1169e-05,-12688,-82.731
-3.2381e-06,-1.1273e-05,-12328,-83.355
-3.0432e-06,-1.0997e-05,-11587,-81.181
-2.9457e-06,-1.0593e-05,-11216,-78.215
-2.7424e-06,-8.944e-06,-10440,-66.334
-2.637e-06,-8.3505e-06,-10039,-62.021
-2.4294e-06,-6.6356e-06,-9247.3,-49.672
-2.3214e-06,-5.4378e-06,-8835.2,-41.09
-2.0803e-06,-5.5977e-06,-7918.5,-41.939
-1.9478e-06,-9.6953e-06,-7419.3,-70.714
-1.7057e-06,-1.6034e-05,-6506,-115.18
-1.5767e-06,-2.2489e-05,-6022.9,-160.61
-1.338e-06,-3.1372e-05,-5119.6,-223.42
-1.216e-06,-4.0104e-05,-4648.2,-286.01
-9.4221e-07,-4.922e-05,-3576.3,-352.49
-8.0566e-07,-5.7548e-05,-3020.1,-413.8
-5.67e-07,-6.0588e-05,-2076.3,-437.15
-3.6033e-07,-5.5359e-05,-1291,-399.49
-2.6339e-07,-2.0105e-05,-1009.1,-143.2
-1.1903e-07,4.5329e-05,-284.4,326.39
-1.8885e-07,0.00012996,274.86,964.22
1.1537e-06,0.00016868,6395.9,1289.1
2.1436e-06,9.9738e-05,9385.5,762.33
2.1726e-06,3.4628e-05,8744.9,264.34
2.1011e-06,2.9172e-05,8391.3,223.14
2.0386e-06,2.4144e-05,8101.4,185.15
1.941e-06,2.3688e-05,7722.1,180.22
1.8737e-06,2.3078e-05,7430.7,176.05
1.8004e-06,2.2518e-05,7123.1,171.33
1.7392e-06,2.22e-05,6897.8,167.77
1.6522e-06,2.1507e-05,6515.2,162.78
1.5931e-06,2.099e-05,6282.7,158.7
1.4857e-06,2.0623e-05,5866.4,154.3
1.452e-06,2.0126e-05,5706.2,149.25
1.389e-06,1.9781e-05,5446.7,148.19
1.3498e-06,1.9526e-05,5318.6,145.4
1.2909e-06,1.9258e-05,5080.4,143.48
1.2653e-06,1.8971e-05,4978.9,140.81
1.1842e-06,1.8748e-05,4655.3,138.93
1.161e-06,1.8427e-05,4563.2,136.36
1.0734e-06,1.8233e-05,4215.7,134.37
1.046e-06,1.7931e-05,4105.9,132.01
9.6433e-07,1.773e-05,3780.9,130.05
9.1958e-07,1.7467e-05,3602.6,127.88
8.5862e-07,1.7222e-05,3360.1,125.75
7.9636e-07,1.6992e-05,3113.8,123.76
7.0249e-07,1.6814e-05,2743.6,122
6.5204e-07,1.6555e-05,2545.6,119.89
5.827e-07,1.6334e-05,2271.3,117.98
4.9962e-07,1.6124e-05,1946,116.1
4.0909e-07,1.596e-05,1591.6,114.61
3.4451e-07,1.5658e-05,1359.8,112.66
3.2058e-07,1.5342e-05,1271.1,110.4
2.0331e-07,1.5194e-05,803.17,108.47
1.409e-07,1.4982e-05,553.61,106.41
6.7666e-08,1.4758e-05,271.42,104.53
1.0749e-08,1.451e-05,53.837,102.6
-7.0427e-08,1.4324e-05,-241.89,101.62
-5.5729e-08,1.3928e-05,-183.91,98.942
-1.8622e-07,1.3927e-05,-688.9,98.363
-2.5283e-07,1.3749e-05,-954.67,96.436
-3.2358e-07,1.3688e-05,-1224.4,95.845
-3.7423e-07,1.3115e-05,-1417.8,91.678
-4.6713e-07,1.3014e-05,-1770.4,90.849
-5.4168e-07,1.3e-05,-2053.3,90.674
-6.4589e-07,1.2676e-05,-2447.6,88.374
-6.8663e-07,1.246e-05,-2601.9,86.843
-7.9833e-07,1.2272e-05,-3024.7,85.523
-8.4607e-07,1.2064e-05,-3204.8,84.111
-9.3709e-07,1.1784e-05,-3550.3,82.108
-9.8746e-07,1.1516e-05,-3742.2,80.156
-1.1217e-06,1.1381e-05,-4252.8,79.048
-1.1523e-06,1.1016e-05,-4369.6,76.433
-1.252e-06,1.0855e-05,-4749,75.179
-1.3185e-06,1.0444e-05,-5002.3,72.203
-1.4209e-06,1.037e-05,-5391.9,71.564
-1.4967e-06,9.8769e-06,-5680.7,67.992
-1.5955e-06,9.7013e-06,-6057,66.637
-1.668e-06,9.4965e-06,-6332.7,65.107
-1.7896e-06,8.8299e-06,-6796.1,60.259
-1.8581e-06,8.7739e-06,-7056.6,59.785
-1.9705e-06,8.6023e-06,-7484.4,58.442
-2.0283e-06,8.3072e-06,-7704.6,56.291
-2.1485e-06,8.1213e-06,-8161.8,54.839
-2.2156e-06,7.8672e-06,-8417.3,52.967
-2.331e-06,7.6617e-06,-8856.5,51.383
-2.3897e-06,7.3689e-06,-9080.2,49.247
-2.5095e-06,7.1812e-06,-9535.7,47.782
-2.5771e-06,6.9321e-06,-9793.1,45.945
-2.6975e-06,6.7445e-06,-10252,44.48
-2.7735e-06,6.4848e-06,-10541,42.559
-2.8707e-06,6.2427e-06,-10910,40.736
-2.9387e-06,6.0106e-06,-11170,39.019
-3.0545e-06,5.8524e-06,-11610,37.767
-3.1254e-06,5.6017e-06,-11880,35.915
-3.2272e-06,5.39e-06,-12268,34.302
-3.3087e-06,5.1933e-06,-12578,32.819
-3.4154e-06,5.0281e-06,-12984,31.528
-3.4814e-06,4.7445e-06,-13235,29.45
-3.5831e-06,4.561e-06,-13622,28.036
-3.6648e-06,4.3533e-06,-13933,26.474
-3.7867e-06,4.1918e-06,-14397,25.192
-3.9687e-06,3.9389e-06,-15089,23.195
-4.1306e-06,3.6157e-06,-15706,20.725
-4.3011e-06,3.2282e-06,-16354,17.792
-4.462e-06,2.6987e-06,-16967,13.866
-4.6571e-06,2.2854e-06,-17710,10.721
-4.8551e-06,1.7021e-06,-18463,6.3727
-5.1494e-06,1.3334e-06,-19583,3.4273
-5.2263e-06,-5.9433e-06,-19884,-48.037
-5.2838e-06,-6.2457e-05,-20168,-447.1
-5.3145e-06,-0.00013059,-20267,-934.6
-4.89e-06,-0.00026951,-17396,-1999.5
