0.00077163,-0.026092,-7.2638e+05,-96117
-8.6259e-05,-0.0047957,-5.1224e+05,-48811
-9.3188e-05,-0.0018049,-4.1287e+05,-21488
-9.2269e-05,-2.8578e-05,-3.7706e+05,-2182.8
-9.1305e-05,0.00082334,-3.5582e+05,6949.2
-8.5408e-05,0.0012738,-3.2270e+05,11879
-8.3912e-05,0.0013373,-3.1517e+05,12600
-7.932e-05,0.0012971,-2.9715e+05,12270
-7.7753e-05,0.0011731,-2.9349e+05,10959
-7.3752e-05,0.0010403,-2.7985e+05,9621.1
-7.1836e-05,0.00091016,-2.746e+05,8273
-6.7191e-05,0.00077563,-2.5838e+05,6928.6
-6.4849e-05,0.00063981,-2.5158e+05,5523.7
-6.123e-05,0.00050059,-2.3964e+05,4108.3
-5.7884e-05,0.0003607,-2.2883e+05,2680.2
-5.3585e-05,0.00023971,-2.1374e+05,1473.6
-5.1536e-05,0.00017378,-2.0673e+05,810.23
-4.7451e-05,0.0001293,-1.9096e+05,417.51
-4.5235e-05,8.2818e-05,-1.8286e+05,-34.457
-4.2626e-05,6.2962e-05,-1.7263e+05,-193.76
-3.9981e-05,7.6843e-05,-1.6155e+05,8.4954
-3.6379e-05,7.0806e-05,-1.4698e+05,17.168
-3.4863e-05,6.8593e-05,-1.4083e+05,24.348
-3.1944e-05,9.7478e-05,-1.2834e+05,392.58
-3.1551e-05,0.00013296,-1.2602e+05,780.05
-2.8121e-05,0.0001917,-1.1083e+05,1477.9
-2.7175e-05,0.00024446,-1.0589e+05,2061.3
-2.4107e-05,0.00030616,-92123,2783.4
-2.2682e-05,0.00032217,-86031,2980.2
-2.0584e-05,0.00034605,-77316,3256
-2.1994e-05,0.00034721,-82905,3248.8
-2.1007e-05,0.00039379,-78103,3757.4
-2.0056e-05,0.00044801,-73026,4366.9
-1.9239e-05,0.00049122,-68508,4868.1
-1.8831e-05,0.00054562,-65163,5497.4
-1.7072e-05,0.00060587,-55424,6262
-1.8146e-05,0.00065095,-58472,6747.9
-1.8008e-05,0.00069795,-56113,7305.1
-1.774e-05,0.00075464,-52592,7991.2
-1.6298e-05,0.00080585,-44021,8662.2
-1.553e-05,0.00083043,-39550,8988
-1.5263e-05,0.00086849,-36734,9453.2
-1.4415e-05,0.00091415,-30902,10035
-1.367e-05,0.00091823,-27387,10115
-1.256e-05,0.00092564,-22031,10250
-1.2222e-05,0.0009172,-20820,10166
-1.0977e-05,0.00090425,-15683,10067
-1.1001e-05,0.00089178,-16277,9919.9
-9.7539e-06,0.00087176,-11495,9735.7
-1.0149e-05,0.00085127,-14152,9475.5
-8.8758e-06,0.00082294,-9569.4,9195.1
-9.501e-06,0.00078821,-13877,8755.7
-8.6997e-06,0.00074486,-12096,8275.1
-9.5884e-06,0.0006989,-18151,7684.9
-9.3862e-06,0.00064937,-19153,7111.3
-1.0563e-05,0.00060034,-26100,6497.1
-1.0262e-05,0.00054829,-26461,5914.4
-1.141e-05,0.00048813,-33664,5172.5
-1.1893e-05,0.0004322,-37655,4512.1
-1.3281e-05,0.00037656,-45384,3831.6
-1.3852e-05,0.00032573,-49270,3243.3
-1.5752e-05,0.00027641,-58511,2645.2
-1.6537e-05,0.00023722,-62646,2200.4
-1.9016e-05,0.00020551,-73402,1810.6
-1.9827e-05,0.00018442,-77136,1568.7
-2.2784e-05,0.00016111,-89672,1259.4
-2.3831e-05,0.00014935,-94182,1112.3
-2.7088e-05,0.0001363,-1.0774e+05,906.54
-2.8097e-05,0.00012328,-1.1212e+05,746.83
-3.1339e-05,9.3904e-05,-1.2594e+05,366.74
-3.2503e-05,7.732e-05,-1.3103e+05,165.71
-3.5991e-05,5.4609e-05,-1.4572e+05,-148.1
-3.7156e-05,2.919e-05,-1.5099e+05,-443.64
-4.0756e-05,8.4387e-06,-1.661e+05,-738.8
-4.1996e-05,-2.0226e-05,-1.7174e+05,-1070.6
-4.5652e-05,-3.1803e-05,-1.869e+05,-1268.8
-4.6871e-05,-5.1346e-05,-1.9227e+05,-1502.6
-5.081e-05,-8.3379e-05,-2.09e+05,-1925.3
-5.2166e-05,-0.0001172,-2.1521e+05,-2314.6
-5.5818e-05,-0.00014937,-2.3077e+05,-2733
-5.7291e-05,-0.00017893,-2.3738e+05,-3079.1
-6.103e-05,-0.00020005,-2.5307e+05,-3381.2
-6.2621e-05,-0.00023855,-2.6035e+05,-3825.4
-6.631e-05,-0.0002603,-2.7584e+05,-4133
-6.7963e-05,-0.00027839,-2.8296e+05,-4360.2
-7.1538e-05,-0.00030104,-2.9801e+05,-4675.2
-7.3115e-05,-0.00032027,-3.0484e+05,-4913.1
-7.6729e-05,-0.00031566,-3.1949e+05,-4937.3
-7.8368e-05,-0.0003369,-3.2661e+05,-5197.9
-8.2047e-05,-0.00035628,-3.4202e+05,-5480.1
-8.3551e-05,-0.00037766,-3.4859e+05,-5739.4
-8.6825e-05,-0.00040087,-3.6242e+05,-6054.4
-8.8436e-05,-0.00042359,-3.6946e+05,-6330.3
-9.14e-05,-0.00041991,-3.8148e+05,-6351.3
-9.3062e-05,-0.00044098,-3.887e+05,-6610.5
-9.5846e-05,-0.00042821,-3.998e+05,-6530.6
-9.7415e-05,-0.00043195,-4.0628e+05,-6602.5
-0.00010004,-0.000417,-4.1669e+05,-6496.1
-0.00010146,-0.00042559,-4.2267e+05,-6616.9
-0.00010392,-0.00039471,-4.3208e+05,-6336.6
-0.0001053,-0.00036283,-4.3705e+05,-6023.6
-0.00010737,-0.00033581,-4.4497e+05,-5776.9
-0.00010856,-0.00035622,-4.5023e+05,-6019.4
-0.00011062,-0.0003208,-4.5792e+05,-5682.4
-0.00011188,-0.00033123,-4.6325e+05,-5819.6
-0.00011346,-0.00031535,-4.6941e+05,-5682
-0.00011444,-0.0003164,-4.7341e+05,-5713.1
-0.00011577,-0.00031195,-4.7876e+05,-5692.6
-0.00011669,-0.00030765,-4.8243e+05,-5665.3
-0.00011778,-0.0003019,-4.8675e+05,-5626
-0.00011859,-0.00031434,-4.9033e+05,-5775.6
-0.00011943,-0.00029745,-4.934e+05,-5612
-0.00012007,-0.00029119,-4.9588e+05,-5558
-0.00012061,-0.00028291,-4.9791e+05,-5480.3
-0.00012114,-0.00030063,-5.0044e+05,-5680.7
-0.00012143,-0.00028008,-5.0119e+05,-5466.8
-0.00012176,-0.00028066,-5.0256e+05,-5479.7
-0.00012178,-0.00028225,-5.0268e+05,-5497.1
-0.00012187,-0.00033209,-5.0404e+05,-6032.2
-0.00012159,-0.00029235,-5.021e+05,-5601.3
-0.0001216,-0.00033036,-5.0291e+05,-6008.1
-0.00012093,-0.00028988,-4.9935e+05,-5561.4
-0.00012069,-0.00031434,-4.9886e+05,-5818.2
-0.00011974,-0.00032934,-4.953e+05,-5959.4
-0.00011953,-0.00032716,-4.9442e+05,-5931.9
-0.00011824,-0.00029643,-4.8853e+05,-5576.9
-0.00011813,-0.00032908,-4.8874e+05,-5923.9
-0.00011607,-0.00028851,-4.7949e+05,-5447.9
-0.00011585,-0.00028754,-4.7857e+05,-5432.9
-0.00011417,-0.00028557,-4.7167e+05,-5377.6
-0.00011364,-0.0002985,-4.6977e+05,-5505.2
-0.00011165,-0.00028572,-4.6141e+05,-5328.1
-0.00011048,-0.00030569,-4.5702e+05,-5517.8
-0.00010886,-0.00028642,-4.5001e+05,-5278.7
-0.00010815,-0.00025371,-4.4648e+05,-4914.4
-0.00010644,-0.000266,-4.3972e+05,-5010.9
-0.00010566,-0.00023237,-4.3588e+05,-4635.4
-0.00010364,-0.00024268,-4.2782e+05,-4704.4
-0.00010228,-0.00023369,-4.2209e+05,-4580.6
-0.00010141,-0.00019797,-4.1781e+05,-4180.7
-9.9306e-05,-0.00023368,-4.0996e+05,-4520
-9.6145e-05,-0.00022144,-3.9681e+05,-4324.7
-9.4928e-05,-0.00020885,-3.9159e+05,-4165.2
-9.1793e-05,-0.00019563,-3.7852e+05,-3960.1
-9.1624e-05,-0.0002242,-3.7841e+05,-4262.2
-8.714e-05,-0.00021984,-3.6002e+05,-4124.3
-8.5182e-05,-0.00027439,-3.5315e+05,-4668
-8.1998e-05,-0.00027813,-3.4023e+05,-4643.1
-8.0286e-05,-0.00032194,-3.3413e+05,-5076.9
-7.6661e-05,-0.00036426,-3.202e+05,-5455.7
-7.4649e-05,-0.00041254,-3.1297e+05,-5931.2
-7.0856e-05,-0.00043757,-2.98e+05,-6121.8
-6.9019e-05,-0.00048961,-2.9157e+05,-6641
-6.6143e-05,-0.0005031,-2.8010e+05,-6726.8
-6.4587e-05,-0.00046666,-2.7301e+05,-6305.3
-6.1396e-05,-0.00041675,-2.5898e+05,-5706.4
-5.8872e-05,-0.00036766,-2.4768e+05,-5130
-5.6273e-05,-0.00032138,-2.3613e+05,-4582.1
-5.309e-05,-0.00027668,-2.2223e+05,-4039.2
-5.1403e-05,-0.00022938,-2.1439e+05,-3498.9
-4.7938e-05,-0.00018812,-1.9941e+05,-2987.1
-4.4335e-05,-0.00015076,-1.8394e+05,-2514.2
-4.0909e-05,-0.00011664,-1.6927e+05,-2079.6
-3.5675e-05,-8.8805e-05,-1.4735e+05,-1675.4
-3.458e-05,-5.9911e-05,-1.423e+05,-1344.2
-2.6713e-05,-6.47e-05,-1.103e+05,-1235.3
-2.4991e-05,-7.0039e-05,-1.0338e+05,-1257.4
-1.8034e-05,-0.00012282,-76072,-1680.3
-2.755e-06,-8.1246e-05,-15483,-780.41
-4.1512e-07,0.00055906,18913,6466.8
2.8623e-07,0.00061586,25649,7220.7
-2.6724e-07,0.00061005,22880,7128
2.0063e-07,0.00060045,24661,7035.1
-1.0963e-06,0.00059387,18376,6899.3
-1.0589e-06,0.00058266,18077,6767.9
-2.7414e-06,0.00057724,10061,6628.5
-3.2473e-06,0.00056774,7318.6,6492.9
-4.9858e-06,0.00056216,-889.61,6350.9
-5.8802e-06,0.00055373,-5338.7,6211.5
-7.8782e-06,0.00054839,-14577,6066.1
-8.6779e-06,0.00054046,-18593,5934.7
-9.731e-06,0.00053712,-23451,5852.3
-1.0524e-05,0.00053123,-26908,5768.9
-1.1793e-05,0.00053013,-32947,5686.6
-1.2506e-05,0.00052507,-36215,5604.5
-1.3611e-05,0.00052212,-41348,5519.5
-1.4599e-05,0.00051793,-45832,5434.5
-1.5695e-05,0.00051407,-50774,5348.9
-1.6582e-05,0.00050954,-54812,5263.8
-1.7943e-05,0.0005059,-60835,5174.5
-1.8894e-05,0.0005014,-65105,5089.6
-2.0264e-05,0.0004973,-71104,4998.5
-2.1358e-05,0.00049265,-75923,4910.6
-2.2973e-05,0.00048892,-82882,4819.7
-2.4098e-05,0.00048392,-87779,4730.6
-2.5566e-05,0.00047949,-94057,4640.6
-2.6471e-05,0.00047414,-97983,4556.8
-2.7997e-05,0.00046967,-1.0444e+05,4468.5
-2.8991e-05,0.00046439,-1.0869e+05,4386.3
-3.0484e-05,0.00045934,-1.1496e+05,4296.3
-3.1318e-05,0.00045326,-1.1853e+05,4211.6
-3.2995e-05,0.00044821,-1.255e+05,4121.9
-3.4041e-05,0.00044228,-1.2988e+05,4037.2
-3.5735e-05,0.00043719,-1.369e+05,3948.4
-3.6797e-05,0.0004313,-1.4135e+05,3863.8
-3.8295e-05,0.00042589,-1.4758e+05,3775.5
-3.9475e-05,0.00042023,-1.5251e+05,3690.9
-4.0987e-05,0.00041494,-1.5878e+05,3603.7
-4.2146e-05,0.00040915,-1.6363e+05,3518.2
-4.3648e-05,0.00040382,-1.6986e+05,3430.7
-4.5115e-05,0.00039858,-1.7595e+05,3344.9
-4.6838e-05,0.00039354,-1.8309e+05,3256
-4.8193e-05,0.00038811,-1.8873e+05,3170.3
-4.9859e-05,0.00038305,-1.9563e+05,3082.3
-5.1147e-05,0.00037752,-2.01e+05,2997.1
-5.258e-05,0.00037207,-2.0696e+05,2909.6
-5.4053e-05,0.00036676,-2.1307e+05,2822.9
-5.5554e-05,0.00036138,-2.1930e+05,2734.9
-5.673e-05,0.00035575,-2.2422e+05,2650.8
-5.8117e-05,0.00035027,-2.2999e+05,2564
-5.9245e-05,0.00034455,-2.3471e+05,2479.8
-6.0879e-05,0.00033928,-2.4149e+05,2390.3
-6.2004e-05,0.00033339,-2.4619e+05,2304.4
-6.3597e-05,0.00032833,-2.528e+05,2217.9
-6.4977e-05,0.00032292,-2.5854e+05,2131.9
-6.6299e-05,0.00031729,-2.6405e+05,2044.9
-6.7785e-05,0.00031215,-2.7022e+05,1959.7
-6.9399e-05,0.00030711,-2.769e+05,1873
-7.0711e-05,0.0003016,-2.8237e+05,1787.4
-7.2083e-05,0.000296,-2.8809e+05,1699.6
-7.3587e-05,0.00029084,-2.9433e+05,1613.8
-7.5363e-05,0.00028604,-3.0167e+05,1526.4
-7.6581e-05,0.0002804,-3.0676e+05,1441.3
-7.784e-05,0.00027471,-3.1201e+05,1354.9
-7.925e-05,0.00026939,-3.1787e+05,1269.2
-8.1066e-05,0.00026467,-3.2538e+05,1181.9
-8.2297e-05,0.00025914,-3.3052e+05,1097.7
-8.3674e-05,0.00025371,-3.3625e+05,1011.5
-8.4878e-05,0.00024806,-3.4128e+05,926.65
-8.6309e-05,0.0002427,-3.4722e+05,840.29
-8.7688e-05,0.00023747,-3.5296e+05,756.29
-8.8925e-05,0.00023185,-3.5812e+05,671.01
-8.9939e-05,0.00022598,-3.6238e+05,587.56
-9.151e-05,0.0002209,-3.6889e+05,501.32
-9.2559e-05,0.00021525,-3.7329e+05,419.55
-9.3684e-05,0.00020941,-3.78e+05,334.25
-9.4605e-05,0.00020351,-3.8188e+05,252.34
-9.6147e-05,0.00019844,-3.8827e+05,166.74
-9.7172e-05,0.00019214,-3.9258e+05,78.578
-9.9689e-05,0.00018262,-4.0305e+05,-74.505
-0.00010091,0.00017158,-4.0825e+05,-217.38
-0.00010328,0.00016223,-4.1814e+05,-365.68
-0.00010469,0.00015179,-4.2409e+05,-506.02
-0.00010615,0.00014101,-4.3027e+05,-650.98
-0.00010768,0.00013094,-4.367e+05,-789.77
-0.00010938,0.0001206,-4.4385e+05,-934.93
-0.00011152,0.00010602,-4.5288e+05,-1134.5
-0.00011278,-2.3164e-05,-4.6065e+05,-2542.1
-0.00011155,-0.00087837,-4.7307e+05,-11667
4.5938e-05,-0.0051546,-1.8018e+05,-39363
