-6.0444e-06,-0.00022162,-28479,-2536.1
-4.6125e-06,-0.00017054,-21853,-1944.7
-5.0254e-06,-9.7551e-05,-22464,-1146.8
-7.1713e-06,-4.1756e-05,-30104,-592.36
-7.5219e-06,-6.6094e-06,-30819,-223.67
-6.2761e-06,4.7481e-07,-25593,-122.58
-6.5744e-06,8.225e-06,-26652,-45.78
-6.9956e-06,9.9577e-06,-28336,-35.819
-7.03e-06,1.0881e-05,-28457,-26.65
-7.2193e-06,1.1516e-05,-29216,-23.711
-7.263e-06,1.171e-05,-29391,-22.517
-7.4269e-06,1.0848e-05,-30077,-35.074
-7.6534e-06,9.3785e-06,-31031,-55.391
-6.8802e-06,2.2284e-07,-28063,-137.57
-7.1446e-06,-7.5376e-06,-29299,-225.93
-7.7243e-06,-1.0769e-05,-31730,-272.27
-7.7534e-06,-1.0583e-05,-31844,-270.87
-7.8169e-06,-9.0706e-06,-32073,-255.99
-7.9702e-06,-8.6454e-06,-32690,-254.56
-7.4109e-06,-8.7235e-06,-30410,-244.02
-7.6832e-06,-1.0346e-05,-31554,-266.92
-8.1983e-06,-9.651e-06,-33641,-269.96
-8.1864e-06,-8.0346e-06,-33559,-252.43
-8.2848e-06,-5.6973e-06,-33913,-229.44
-8.2099e-06,-6.9989e-06,-33634,-241.84
-8.3672e-06,-6.2868e-06,-34261,-237.42
-8.2222e-06,-5.5192e-06,-33654,-226.26
-8.3172e-06,-4.3883e-06,-34019,-216.1
-8.1975e-06,-4.6802e-06,-33536,-216.79
-8.2074e-06,-4.4016e-06,-33571,-214.01
-8.1532e-06,-4.8705e-06,-33359,-217.92
-8.1357e-06,-3.6254e-06,-33263,-204.25
-7.9608e-06,-5.1186e-06,-32579,-216.66
-8.0908e-06,-1.1183e-05,-33233,-284.15
-8.5011e-06,-1.0117e-05,-34885,-281.1
-7.6746e-06,-5.4891e-06,-31420,-214.8
-7.5306e-06,-1.2989e-05,-30985,-292.07
-7.9498e-06,-1.6874e-05,-32774,-342.14
-7.7338e-06,-1.5183e-05,-31858,-319.66
-7.7386e-06,-1.2845e-05,-31830,-294.76
-7.5712e-06,-1.0191e-05,-31094,-262.97
-7.5451e-06,-7.4319e-06,-30931,-232.94
-7.366e-06,-3.2973e-06,-30116,-185.09
-7.0844e-06,-2.1907e-06,-28945,-167.53
-7.1389e-06,-4.3188e-06,-29210,-191.39
-6.9949e-06,-2.3239e-06,-28582,-167.13
-6.984e-06,-2.991e-06,-28552,-174.04
-6.9644e-06,-1.6879e-06,-28445,-159.71
-6.8035e-06,-3.4132e-07,-27761,-142.04
-6.7286e-06,-3.3044e-06,-27516,-172.2
-6.5386e-06,-6.5497e-06,-26807,-203.04
-6.3133e-06,-1.0029e-05,-25959,-235.65
-6.3478e-06,-1.6162e-05,-26224,-301.94
-6.4604e-06,-1.6743e-05,-26695,-310.44
-6.2505e-06,-1.1499e-05,-25732,-250.1
-6.439e-06,-2.3209e-06,-26314,-155.79
-5.8482e-06,9.1414e-06,-23671,-21.207
-5.8041e-06,6.4419e-06,-23546,-49.176
-5.5856e-06,8.8106e-06,-22607,-19.404
-5.4669e-06,8.3654e-06,-22131,-21.75
-5.2574e-06,1.211e-05,-21200,22.553
-5.1382e-06,1.1024e-05,-20736,13.362
-4.9198e-06,1.4276e-05,-19779,52.585
-4.8085e-06,1.1996e-05,-19372,30.466
-4.5743e-06,1.3199e-05,-18392,48.093
-4.4706e-06,1.0052e-05,-18033,16.552
-4.2661e-06,9.31e-06,-17214,12.774
-4.1364e-06,3.2036e-06,-16809,-49.881
-3.9607e-06,-3.2757e-07,-16164,-84.066
-3.9598e-06,-2.4664e-06,-16204,-106.92
-3.6909e-06,-1.227e-06,-15081,-88.195
-3.7323e-06,-1.5861e-06,-15258,-92.877
-3.5578e-06,3.4105e-07,-14506,-68.72
-3.5628e-06,2.5508e-06,-14482,-45.193
-3.4182e-06,7.5481e-06,-13790,11.182
-3.4598e-06,1.6841e-05,-13771,109.7
-3.1082e-06,2.5316e-05,-12165,207.47
-3.3441e-06,1.7745e-05,-13281,121.72
-3.1776e-06,1.2512e-05,-12708,69.149
-3.0303e-06,7.3864e-06,-12212,17.343
-2.8791e-06,5.158e-06,-11640,-3.4086
-2.9088e-06,2.1631e-06,-11822,-36.038
-2.8895e-06,9.2936e-07,-11768,-48.836
-2.8814e-06,-4.42e-07,-11763,-63.335
-2.8958e-06,1.1769e-06,-11789,-46.317
-2.8355e-06,3.5353e-06,-11495,-19.874
-2.8334e-06,9.2309e-06,-11371,41.07
-2.9556e-06,1.8142e-05,-11688,133.87
-2.9821e-06,2.6728e-05,-11621,225.13
-3.133e-06,1.9979e-05,-12374,149.91
-3.1603e-06,1.5851e-05,-12569,105.21
-3.1076e-06,1.1245e-05,-12448,57.031
-3.2282e-06,9.809e-06,-12970,39.221
-3.1957e-06,6.7533e-06,-12899,7.2074
-3.3668e-06,6.0542e-06,-13611,-3.7458
-3.3914e-06,4.6297e-06,-13740,-19.478
-3.5682e-06,5.6812e-06,-14440,-11.831
-3.6123e-06,4.7041e-06,-14640,-23.177
-3.7925e-06,6.2791e-06,-15343,-9.9999
-3.849e-06,5.5152e-06,-15589,-19.318
-4.0284e-06,8.4006e-06,-16262,7.8866
-4.0799e-06,6.5406e-06,-16511,-13.052
-4.202e-06,7.1292e-06,-16997,-9.2413
-4.4679e-06,7.015e-06,-18083,-15.869
-4.6464e-06,7.9553e-06,-18793,-9.4461
-4.747e-06,3.8927e-06,-19286,-54.933
-4.922e-06,3.7915e-06,-20002,-59.574
-5.03e-06,7.8284e-07,-20504,-93.943
-5.2241e-06,2.473e-06,-21261,-79.819
-5.3442e-06,-2.0975e-07,-21805,-110.95
-5.5492e-06,1.5254e-06,-22606,-96.562
-5.6585e-06,-1.2177e-06,-23108,-128.12
-5.8827e-06,1.2099e-06,-23973,-106.72
-6.0056e-06,-1.6289e-06,-24532,-139.57
-6.2287e-06,1.4628e-07,-25406,-125.13
-6.3305e-06,-2.6797e-06,-25879,-157.42
-6.5458e-06,-7.2028e-07,-26718,-140.85
-6.624e-06,-4.3394e-06,-27110,-181.14
-6.7855e-06,-5.8037e-06,-27799,-200.08
-6.9052e-06,-7.2867e-06,-28317,-218.37
-7.0552e-06,-8.7115e-06,-28958,-236.66
-7.092e-06,-6.79e-06,-29069,-216.86
-7.2577e-06,-6.1767e-06,-29733,-213.67
-7.3024e-06,-9.9336e-06,-29991,-254.75
-7.4871e-06,-7.6406e-06,-30698,-233.99
-7.5299e-06,-6.9494e-06,-30859,-227.47
-7.7555e-06,-7.4001e-06,-31788,-236.88
-7.589e-06,-6.9295e-06,-31100,-228.46
-7.8391e-06,-3.0335e-06,-32041,-191.89
-7.9256e-06,-4.9937e-06,-32433,-214.61
-8.0978e-06,-3.9292e-06,-33114,-206.73
-8.1494e-06,-4.5557e-06,-33338,-214.48
-8.0267e-06,-7.2784e-06,-32892,-241.1
-8.2348e-06,-6.6897e-06,-33729,-239.03
-8.3233e-06,-3.8232e-06,-34032,-210.18
-8.3774e-06,-5.5668e-06,-34288,-229.93
-8.436e-06,-2.9113e-06,-34473,-202.72
-8.5248e-06,-4.4623e-06,-34867,-221.12
-8.3004e-06,-4.794e-06,-33958,-220.1
-9.4498e-06,6.0821e-09,-38550,-192.15
-8.747e-06,-9.2962e-06,-35872,-277.32
-8.5928e-06,-1.1045e-05,-35278,-292.89
-8.7439e-06,-7.3377e-06,-35819,-256.32
-8.6456e-06,-5.8226e-06,-35388,-238.12
-9.7155e-06,-3.8887e-06,-39713,-239.2
-8.5291e-06,-1.1329e-05,-35024,-294.63
-8.5377e-06,-1.2733e-05,-35088,-309.82
-8.5562e-06,-1.2572e-05,-35160,-308.47
-8.489e-06,-1.4571e-05,-34926,-328.47
-8.4134e-06,-1.4413e-05,-34615,-325.25
-8.3371e-06,-1.2128e-05,-34257,-299.27
-8.2257e-06,-1.038e-05,-33767,-278.31
-8.0803e-06,-1.0699e-05,-33181,-278.76
-7.9974e-06,-6.8692e-06,-32764,-236.12
-7.9749e-06,1.1152e-06,-32510,-150.29
-7.7881e-06,6.284e-06,-31643,-91.221
-7.7324e-06,1.1237e-05,-31315,-37.122
-7.5485e-06,1.2285e-05,-30544,-22.18
-7.5178e-06,1.3364e-05,-30396,-10.019
-6.4972e-06,1.058e-05,-26289,-19.027
-7.0392e-06,1.0449e-05,-28503,-31.454
-6.0222e-06,4.8355e-06,-24469,-70.791
-6.5276e-06,1.45e-06,-26599,-117.27
-6.3789e-06,-8.5056e-06,-26195,-220.7
-7.9027e-06,-1.8984e-05,-32624,-363.74
-5.2458e-06,-6.41e-05,-22704,-792.12
-6.7511e-06,-0.00011699,-29908,-1389.2
-4.5799e-06,-0.00019493,-21976,-2219.3
-9.8673e-07,-0.00022024,-6518.9,-2488.1
-6.2377e-07,-4.8818e-05,-3450.1,-539.97
-1.6502e-07,2.3404e-05,-138.31,250.23
-1.6257e-07,2.3262e-05,-122.2,249.27
3.6236e-07,2.1911e-05,2039.9,248.3
3.5403e-07,2.1903e-05,1995.9,247.34
7.1852e-07,2.101e-05,3482.8,246.38
5.8262e-07,2.1351e-05,2912.5,245.41
7.536e-07,2.0976e-05,3602.2,244.45
6.4796e-07,2.1144e-05,3161.2,243.49
7.8754e-07,2.0761e-05,3733.6,242.53
8.1047e-07,2.0642e-05,3823.1,241.57
8.1492e-07,2.055e-05,3839.4,240.65
8.8911e-07,2.0335e-05,4146.1,240.11
9.0743e-07,2.0245e-05,4221.4,239.58
9.6872e-07,2.0059e-05,4475.1,239.04
9.3466e-07,2.0087e-05,4332.5,238.5
1.0164e-06,1.9857e-05,4672.5,237.97
1.0156e-06,1.981e-05,4667.7,237.43
1.0272e-06,1.9735e-05,4715.4,236.89
1.0403e-06,1.9658e-05,4769,236.35
1.069e-06,1.9546e-05,4888.1,235.82
1.0824e-06,1.9469e-05,4943,235.28
1.1118e-06,1.9356e-05,5065.4,234.74
1.1272e-06,1.9274e-05,5128.9,234.21
1.1636e-06,1.9147e-05,5280.9,233.68
1.1867e-06,1.9049e-05,5377.1,233.14
1.2269e-06,1.8915e-05,5545.6,232.6
1.2943e-06,1.8724e-05,5829.2,232.07
1.3246e-06,1.8613e-05,5956.6,231.54
1.4098e-06,1.839e-05,6316.7,231
1.4479e-06,1.8265e-05,6478,230.47
1.4325e-06,1.825e-05,6411.7,229.93
1.5567e-06,1.7955e-05,6941.9,229.4
1.5564e-06,1.7909e-05,6939.5,228.87
1.5451e-06,1.7885e-05,6890.8,228.33
1.5281e-06,1.787e-05,6816.4,227.8
1.7302e-06,1.7414e-05,7678.6,227.26
1.6381e-06,1.7552e-05,7283.6,226.73
1.7482e-06,1.7286e-05,7754.9,226.2
1.6831e-06,1.7368e-05,7474.9,225.66
1.5884e-06,1.751e-05,7068.4,225.13
1.5572e-06,1.7526e-05,6934.2,224.6
1.6289e-06,1.7334e-05,7239.6,224.07
1.6882e-06,1.7167e-05,7491.7,223.54
1.7036e-06,1.7091e-05,7557.6,223.01
1.7538e-06,1.6942e-05,7771.5,222.48
1.858e-06,1.6665e-05,8211,221.95
1.8469e-06,1.6624e-05,8158.1,221.43
1.9704e-06,1.631e-05,8682.9,220.88
2.0082e-06,1.6164e-05,8838.1,220.35
1.8542e-06,1.6412e-05,8170.8,219.82
1.8819e-06,1.6286e-05,8282.5,219.3
1.8861e-06,1.6211e-05,8293.9,218.79
2.0131e-06,1.5871e-05,8839.1,218.23
1.9107e-06,1.5988e-05,8410.1,217.7
1.8793e-06,1.5973e-05,8281.5,217.17
1.9911e-06,1.572e-05,8752.2,216.64
1.9027e-06,1.591e-05,8362.9,216.12
1.8241e-06,1.6021e-05,8028.8,215.58
1.8246e-06,1.6006e-05,8025.2,215.07
1.9227e-06,1.5764e-05,8444.2,214.53
1.8411e-06,1.5902e-05,8098.5,214
1.7504e-06,1.6057e-05,7714.1,213.48
1.7891e-06,1.5941e-05,7881.4,212.95
1.891e-06,1.5697e-05,8319.9,212.42
1.8366e-06,1.5773e-05,8089.1,211.89
1.7304e-06,1.5952e-05,7636.9,211.37
1.671e-06,1.6035e-05,7384.6,210.84
1.6888e-06,1.5964e-05,7463.2,210.31
1.6716e-06,1.596e-05,7392,209.78
1.6613e-06,1.5928e-05,7344.5,209.26
1.5582e-06,1.6086e-05,6902.7,208.73
1.5603e-06,1.6037e-05,6911.6,208.21
1.5136e-06,1.6079e-05,6710.2,207.67
1.4501e-06,1.6147e-05,6435.3,207.15
1.3865e-06,1.622e-05,6161.8,206.62
1.463e-06,1.5996e-05,6479.1,206.1
1.4721e-06,1.5914e-05,6512.2,205.57
1.3572e-06,1.61e-05,6023,205.05
1.3572e-06,1.5997e-05,6027.8,204.49
1.1403e-06,1.6244e-05,5109.5,203.54
1.147e-06,1.6006e-05,5130,202.6
7.8198e-07,1.6865e-05,3627.7,201.65
7.2284e-07,1.6925e-05,3383.8,200.71
6.9574e-07,1.6909e-05,3268.3,199.77
4.1921e-07,1.7462e-05,2131.6,198.82
2.7331e-07,1.7673e-05,1534.8,197.88
-2.6459e-08,1.8225e-05,309.73,196.94
-3.3412e-07,1.8809e-05,-951.97,196
-4.0925e-07,1.1476e-05,-1428.7,114.85
-1.009e-06,-6.668e-05,-5329.4,-742.11
