-2.6188e-09,-3.4292e-07,-17.116,-2.0733
-2.4707e-09,-2.673e-07,-14.587,-1.6342
-2.4843e-09,-1.6052e-07,-11.559,-1.0294
-2.2856e-09,-8.2716e-08,-9.3267,-0.55307
-2.1782e-09,-3.8157e-08,-8.3285,-0.27192
-1.8265e-09,-7.8539e-09,-6.9556,-0.057572
-1.6658e-09,3.1758e-09,-6.3316,0.020485
-1.2487e-09,6.333e-09,-4.7416,0.043259
-1.0685e-09,9.075e-09,-4.0532,0.062827
-6.6827e-10,6.0237e-09,-2.5346,0.041751
-4.8701e-10,3.1386e-09,-1.8486,0.021592
-1.4071e-10,-7.2981e-10,-0.53601,-0.005316
2.881e-11,-4.2129e-09,0.10475,-0.029713
4.055e-10,-6.439e-09,1.535,-0.044998
5.1694e-10,-8.5419e-09,1.9565,-0.059717
8.8606e-10,-1.2006e-08,3.3565,-0.083748
1.1052e-09,-1.143e-08,4.1909,-0.079428
1.4498e-09,-1.156e-08,5.5015,-0.079945
1.6237e-09,-9.6561e-09,6.1654,-0.066295
1.9661e-09,-8.8128e-09,7.4688,-0.059943
2.1287e-09,-5.9444e-09,8.0906,-0.039497
2.4439e-09,-5.2153e-09,9.2905,-0.033982
2.5943e-09,-3.3981e-09,9.8647,-0.020974
2.8931e-09,-3.4157e-09,11.001,-0.020753
3.0401e-09,-1.6453e-09,11.563,-0.0080795
3.3231e-09,-1.8344e-09,12.639,-0.0090868
3.4624e-09,-1.106e-10,13.171,0.0032491
3.7323e-09,-2.4408e-10,14.198,0.0026195
3.8657e-09,1.6212e-09,14.707,0.015948
4.1226e-09,1.3011e-09,15.684,0.013985
4.248e-09,3.3042e-09,16.163,0.028278
4.497e-09,2.6269e-09,17.11,0.023783
4.6151e-09,2.8541e-09,17.559,0.025524
4.8484e-09,2.8581e-09,18.447,0.025823
4.9673e-09,4.3242e-09,18.901,0.036316
5.1898e-09,2.2783e-09,19.745,0.022125
5.2998e-09,4.3416e-09,20.166,0.036826
5.517e-09,3.1039e-09,20.991,0.028337
5.6237e-09,3.6863e-09,21.397,0.032574
5.8239e-09,1.5084e-09,22.156,0.017424
5.9208e-09,3.83e-09,22.527,0.033934
6.1133e-09,2.222e-09,23.258,0.022801
6.1999e-09,1.7236e-09,23.587,0.019382
6.3619e-09,9.0064e-10,24.202,0.013757
6.4363e-09,2.8071e-09,24.487,0.027309
6.5659e-09,1.1975e-09,24.979,0.016091
6.6298e-09,2.6164e-09,25.223,0.026188
6.7544e-09,1.3139e-09,25.695,0.017132
6.8155e-09,1.2279e-09,25.928,0.016597
6.9392e-09,6.3101e-10,26.398,0.012524
7.0113e-09,2.4328e-09,26.674,0.025335
7.1627e-09,-1.2451e-09,27.246,-0.00046686
7.231e-09,1.9227e-10,27.507,0.0097648
7.356e-09,3.9868e-10,27.983,0.011368
7.3797e-09,4.7679e-09,28.078,0.042255
7.5276e-09,8.4912e-09,28.645,0.068725
7.5559e-09,5.5392e-09,28.749,0.047908
7.7238e-09,8.258e-09,29.391,0.067306
7.7997e-09,2.2023e-09,29.673,0.024623
7.9377e-09,-2.3953e-09,30.192,-0.0076903
7.9964e-09,-2.3236e-09,30.416,-0.0071157
8.1062e-09,-2.9922e-09,30.833,-0.01171
8.0981e-09,1.2154e-09,30.807,0.017999
8.2319e-09,7.5188e-09,31.323,0.062676
8.2345e-09,6.1152e-09,31.332,0.052765
8.3781e-09,9.3725e-09,31.882,0.075939
8.384e-09,6.2445e-09,31.901,0.053852
8.5213e-09,7.6647e-09,32.425,0.064044
8.5217e-09,4.4324e-09,32.422,0.041214
8.6396e-09,9.7317e-09,32.877,0.078781
8.6514e-09,5.4791e-09,32.917,0.048758
8.7572e-09,7.4496e-09,33.322,0.062799
8.7734e-09,3.1017e-09,33.378,0.032108
8.8601e-09,6.1342e-09,33.712,0.053628
8.8844e-09,2.677e-09,33.8,0.029237
8.9482e-09,5.7803e-09,34.047,0.051231
8.9747e-09,3.1884e-09,34.145,0.032954
9.0299e-09,7.4446e-09,34.359,0.063082
9.0655e-09,2.7236e-09,34.489,0.029777
9.0988e-09,7.8698e-09,34.622,0.066165
9.141e-09,3.4851e-09,34.778,0.035243
9.172e-09,6.5626e-09,34.899,0.057017
9.1967e-09,3.5812e-09,34.99,0.035987
9.2273e-09,7.4499e-09,35.111,0.063349
9.2435e-09,2.1639e-09,35.166,0.02603
9.2847e-09,7.6729e-09,35.329,0.064991
9.2834e-09,3.5344e-09,35.32,0.035757
9.3333e-09,6.8967e-09,35.513,0.059565
9.3115e-09,4.2652e-09,35.427,0.040952
9.3669e-09,9.1993e-09,35.644,0.075868
9.3585e-09,4.8091e-09,35.607,0.044848
9.3813e-09,1.0704e-08,35.7,0.086512
9.3794e-09,6.7719e-09,35.689,0.058737
9.39e-09,9.76e-09,35.733,0.079856
9.3953e-09,6.5964e-09,35.749,0.057516
9.3952e-09,1.0239e-08,35.753,0.083244
9.4136e-09,7.0058e-09,35.819,0.060429
9.4043e-09,1.1939e-08,35.789,0.095264
9.4209e-09,9.6547e-09,35.85,0.079148
9.3735e-09,1.319e-08,35.673,0.10406
9.4024e-09,6.2852e-09,35.776,0.055326
9.3592e-09,8.7479e-09,35.614,0.072671
9.4038e-09,4.3069e-09,35.779,0.041354
9.3555e-09,9.7787e-10,35.591,0.017783
9.3023e-09,7.9391e-09,35.397,0.066892
9.2019e-09,1.4005e-08,35.022,0.10962
9.2187e-09,1.1222e-08,35.082,0.089984
9.1336e-09,1.5695e-08,34.764,0.12147
9.1647e-09,9.3509e-09,34.875,0.076704
9.1123e-09,7.3197e-09,34.673,0.062295
9.0734e-09,9.6872e-09,34.528,0.078972
9.0166e-09,8.022e-09,34.309,0.067144
8.9607e-09,7.6754e-09,34.097,0.064631
8.9231e-09,4.8866e-09,33.95,0.044889
8.8442e-09,4.7012e-09,33.65,0.043488
8.8525e-09,-1.7134e-09,33.674,-0.0018109
8.7778e-09,-3.3963e-09,33.388,-0.013784
8.8157e-09,-7.0981e-09,33.528,-0.039888
8.778e-09,-3.938e-09,33.388,-0.01761
8.7702e-09,-8.8217e-09,33.352,-0.052115
8.745e-09,-6.4015e-09,33.259,-0.035049
8.7864e-09,-1.0413e-08,33.412,-0.063335
8.784e-09,-7.9573e-09,33.406,-0.045992
8.8729e-09,-7.8398e-09,33.744,-0.045059
8.9033e-09,-8.0908e-09,33.859,-0.046797
9.055e-09,-1.1536e-08,34.433,-0.070958
8.9627e-09,-4.8819e-09,34.089,-0.024064
8.9364e-09,-1.6401e-09,33.993,-0.0011982
8.872e-09,6.8216e-09,33.758,0.058494
8.8209e-09,1.1088e-08,33.569,0.088568
8.7801e-09,1.486e-08,33.418,0.11517
8.7885e-09,1.313e-08,33.448,0.10296
8.7737e-09,9.2948e-09,33.388,0.075851
8.9352e-09,-2.967e-09,33.988,-0.010572
9.0915e-09,-2.2708e-08,34.56,-0.14983
9.6797e-09,-4.0577e-08,36.777,-0.27538
9.9684e-09,-5.7906e-08,37.856,-0.39745
9.974e-09,-5.3905e-08,37.882,-0.36918
1.0386e-08,-1.8383e-08,39.491,-0.11778
8.996e-09,-2.9665e-08,34.189,-0.19908
8.9447e-09,-7.2966e-09,34.02,-0.041139
8.6168e-09,6.1687e-09,32.788,0.053594
8.5357e-09,1.437e-08,32.489,0.11143
8.4209e-09,1.8247e-08,32.057,0.13869
8.3664e-09,2.2057e-08,31.854,0.16553
8.335e-09,1.7859e-08,31.73,0.13585
8.2522e-09,1.9846e-08,31.417,0.14979
8.2178e-09,1.059e-08,31.275,0.084366
8.184e-09,7.3155e-09,31.143,0.061201
8.1421e-09,1.8094e-09,30.977,0.022261
8.1035e-09,-3.2612e-09,30.825,-0.0136
8.0771e-09,-1.3212e-08,30.713,-0.083919
8.065e-09,-2.1043e-08,30.658,-0.13925
7.8871e-09,-3.6193e-08,29.964,-0.24648
8.0017e-09,-5.4209e-08,30.379,-0.37361
8.1902e-09,-7.5546e-08,31.073,-0.52414
8.1857e-09,-8.7607e-08,31.042,-0.60935
8.27e-09,-9.7104e-08,31.352,-0.67635
8.2426e-09,-1.0569e-07,31.239,-0.73704
8.3359e-09,-1.0878e-07,31.59,-0.75876
8.2734e-09,-1.1095e-07,31.35,-0.77414
8.1768e-09,-1.073e-07,30.987,-0.74852
8.1072e-09,-1.0214e-07,30.728,-0.71212
7.7717e-09,-8.0339e-08,29.476,-0.55849
7.4469e-09,-2.4092e-08,28.304,-0.16147
6.5673e-09,5.9389e-08,25.056,0.42725
5.6879e-09,2.1753e-07,21.907,1.5434
4.6454e-09,4.1139e-07,18.191,2.9122
-9.0894e-10,4.5933e-07,-2.8799,3.2442
-2.5088e-09,3.4737e-07,-9.1277,2.4501
7.5857e-09,-3.6134e-08,28.803,-0.24554
2.6134e-09,3.3333e-07,10.429,2.3616
-6.9068e-09,3.3586e-07,-27.896,2.2688
8.0321e-09,-5.1393e-07,29.992,-3.6212
5.1087e-09,3.8549e-07,16.643,2.5738
-4.5841e-09,1.6639e-07,-20.021,1.0115
5.5578e-09,-1.9165e-07,20.924,-1.347
-5.0134e-09,1.3966e-07,-20.936,0.8557
1.9753e-09,4.8981e-07,2.1988,3.1339
6.0771e-09,-2.5104e-07,22.835,-1.766
3.1405e-08,-9.4542e-06,116.01,-67.126
-2.0344e-09,5.0015e-08,-8.3193,0.31018
1.0769e-08,-3.5427e-07,40.577,-2.4901
1.6515e-08,3.1142e-07,55.434,1.7706
1.6799e-08,-5.7567e-07,63.298,-4.0485
1.7305e-08,3.0168e-07,57.057,1.641
1.762e-08,2.974e-07,58.189,1.6075
1.7973e-08,2.9173e-07,58.494,1.5302
1.8315e-08,2.8758e-07,59.672,1.4947
1.8506e-08,2.8259e-07,58.318,1.3965
1.8736e-08,2.7799e-07,58.254,1.3437
1.8858e-08,2.7345e-07,56.887,1.2837
1.885e-08,2.6923e-07,55.925,1.2443
1.9043e-08,2.6455e-07,54.669,1.1976
1.9253e-08,2.599e-07,55.585,1.1696
1.9277e-08,2.5536e-07,52.992,1.1534
1.954e-08,2.5035e-07,53.014,1.1266
1.9505e-08,2.4429e-07,50.955,1.1532
9.7153e-09,2.533e-07,31.706,1.7071
5.3168e-08,1.84e-07,202.7,1.3637
1.5577e-08,2.3577e-07,40.365,1.4615
2.1193e-08,2.2675e-07,52.029,1.0872
2.1659e-08,2.2191e-07,52.2,1.0719
2.1291e-08,2.1798e-07,49.307,1.2108
-1.5394e-09,2.4401e-07,-7.9933,1.6159
8.0742e-08,1.27e-07,307.83,0.99339
1.2603e-08,2.1627e-07,38.546,1.4265
2.2606e-08,1.9823e-07,48.67,1.286
2.3032e-08,1.9276e-07,49.241,1.2594
2.3963e-08,1.8886e-07,50.63,1.2384
2.4155e-08,1.8441e-07,50.946,1.2144
2.4216e-08,1.791e-07,51.351,1.1922
2.4191e-08,1.7376e-07,51.376,1.1658
2.4331e-08,1.7144e-07,51.773,1.1484
2.443e-08,1.6651e-07,51.934,1.121
2.4307e-08,1.6187e-07,51.867,1.0959
2.4346e-08,1.5575e-07,51.942,1.0651
2.4351e-08,1.5431e-07,51.982,1.0456
2.4377e-08,1.4928e-07,51.984,1.0162
2.4126e-08,1.449e-07,51.535,0.98837
2.4112e-08,1.4039e-07,51.528,0.96033
2.4094e-08,1.3547e-07,51.414,0.92934
2.3873e-08,1.3291e-07,50.993,0.90443
2.3374e-08,1.2441e-07,50.03,0.86209
2.3282e-08,1.2282e-07,49.825,0.84156
2.3044e-08,1.2093e-07,49.36,0.81866
2.2968e-08,1.1553e-07,49.178,0.78637
2.2392e-08,1.1369e-07,47.829,0.76081
2.2273e-08,1.0839e-07,47.708,0.72867
2.1723e-08,1.0583e-07,46.451,0.70102
2.1427e-08,1.0158e-07,45.815,0.67033
2.0919e-08,9.7702e-08,44.868,0.64054
2.0779e-08,9.3849e-08,44.271,0.60902
2.0038e-08,9.0679e-08,42.98,0.58065
1.9726e-08,8.7013e-08,42.022,0.54997
1.8912e-08,8.3188e-08,40.656,0.51977
1.8933e-08,7.8969e-08,40.219,0.48598
3.0718e-08,-5.7765e-07,93.018,-3.714
-8.2929e-09,2.2505e-06,-43.519,15.283
1.8594e-08,-4.3884e-07,51.656,-2.6972
1.7106e-08,6.4503e-08,36.15,0.36247
1.2612e-08,-3.2402e-07,31.84,-1.9058
8.6666e-09,-3.0199e-07,18.847,-1.7233
1.4179e-08,5.5056e-08,30.93,0.26526
1.3862e-08,5.1236e-08,30.169,0.23143
1.2608e-08,4.8029e-08,28.028,0.19718
1.2158e-08,4.4482e-08,27.112,0.16275
1.1103e-08,4.152e-08,25.147,0.13014
1.0393e-08,3.7795e-08,23.938,0.092774
8.621e-09,3.2356e-08,20.57,0.033757
7.8609e-09,2.5692e-08,18.815,-0.024535
-4.3974e-09,1.4128e-08,-16.708,0.094629
2.6917e-09,-8.9539e-08,8.3882,-0.613
2.6173e-09,3.2843e-08,6.0169,0.086781
3.2333e-09,1.6907e-09,8.7415,-0.11128
-2.574e-09,2.3734e-08,-9.762,0.16457
1.3449e-09,-1.4552e-08,4.0224,-0.12071
2.2957e-10,-4.8172e-08,0.59862,-0.3306
-4.4439e-10,-9.873e-08,-2.3702,-0.66557
-1.4977e-09,-1.8378e-07,-9.0217,-1.1325
