0.00021573,-0.012201,-5.2212e+05,-70529
-6.5322e-05,-0.0037518,-3.6865e+05,-39491
-6.8951e-05,-0.0016588,-3.0779e+05,-19626
-7.1136e-05,-0.00033012,-2.9696e+05,-4978.2
-7.1126e-05,0.00038861,-2.823e+05,2709.5
-6.6209e-05,0.00081666,-2.5353e+05,7387.4
-6.5033e-05,0.00093089,-2.4649e+05,8627.9
-6.2215e-05,0.00093726,-2.349e+05,8750.3
-6.0725e-05,0.00084911,-2.3055e+05,7842.3
-5.7568e-05,0.00074538,-2.1972e+05,6800.5
-5.6038e-05,0.00063747,-2.1567e+05,5677.7
-5.3839e-05,0.00052754,-2.0893e+05,4546.6
-5.1532e-05,0.00041557,-2.0179e+05,3396.1
-5.038e-05,0.00030227,-1.994e+05,2207.8
-4.6771e-05,0.00018424,-1.8707e+05,1019
-4.4479e-05,8.2023e-05,-1.798e+05,-27.579
-4.2952e-05,3.3698e-05,-1.7455e+05,-513.33
-3.9991e-05,8.8159e-06,-1.6297e+05,-719.2
-3.8263e-05,-1.4465e-05,-1.564e+05,-933.02
-3.7277e-05,-2.1872e-05,-1.5252e+05,-992.18
-3.4592e-05,-1.2039e-05,-1.4137e+05,-832.4
-3.1817e-05,-2.1313e-05,-1.3024e+05,-875.16
-3.1191e-05,-3.9898e-05,-1.2806e+05,-1061.2
-2.8552e-05,-3.6308e-05,-1.1722e+05,-969.07
-2.9193e-05,-5.44e-05,-1.202e+05,-1175.6
-2.6385e-05,-5.1221e-05,-1.0868e+05,-1084.5
-2.6889e-05,-3.8492e-05,-1.1048e+05,-958.58
-2.3825e-05,-1.4859e-05,-97498,-643.51
-2.3077e-05,-2.5269e-05,-94657,-739.62
-2.148e-05,-1.8974e-05,-88017,-639.84
-2.2265e-05,6.2675e-06,-90703,-385.87
-2.1201e-05,4.7199e-05,-85530,73.459
-2.0204e-05,9.6476e-05,-80462,620.66
-1.8368e-05,0.00015124,-71858,1243.6
-1.8812e-05,0.0002056,-72566,1815.8
-1.7004e-05,0.0002681,-64126,2506.4
-1.5845e-05,0.00030385,-58919,2897.6
-1.4852e-05,0.00032672,-54460,3161.7
-1.3947e-05,0.00035684,-50024,3513.9
-1.2955e-05,0.0003875,-45062,3883.9
-1.2257e-05,0.00041542,-41273,4222.1
-1.1693e-05,0.00044398,-37935,4568.8
-1.0912e-05,0.00047219,-33538,4925.7
-1.0706e-05,0.00049692,-31733,5222.8
-9.8044e-06,0.00051766,-26964,5502.6
-9.9585e-06,0.00053774,-26822,5735.4
-8.9683e-06,0.00055234,-21797,5950.6
-9.2426e-06,0.00056784,-22339,6125.7
-8.2023e-06,0.00057571,-17370,6263.3
-8.6658e-06,0.00058697,-18963,6378.3
-7.5126e-06,0.0005907,-13571,6474.2
-7.8135e-06,0.0005946,-14720,6510.1
-6.9784e-06,0.00058989,-11096,6492.7
-7.3007e-06,0.00057997,-12998,6358.7
-6.7854e-06,0.0005661,-11204,6218.5
-7.2547e-06,0.00054936,-14013,5999.5
-6.4806e-06,0.00052768,-11277,5782.2
-6.86e-06,0.00049391,-14369,5365.3
-6.8455e-06,0.00045964,-15605,4964.4
-7.2567e-06,0.00041833,-18948,4465.8
-7.2892e-06,0.00037706,-20498,3989.1
-7.9704e-06,0.00032945,-24957,3422.9
-8.1388e-06,0.00028349,-26990,2901.8
-9.0756e-06,0.00023293,-32278,2312.8
-9.3485e-06,0.00018501,-34506,1783.6
-1.0582e-05,0.00013649,-40540,1235.8
-1.1073e-05,9.2661e-05,-43342,762.24
-1.2591e-05,5.5094e-05,-50242,333.02
-1.3203e-05,2.2304e-05,-53408,-30.059
-1.4914e-05,-8.3184e-06,-61012,-392.32
-1.5658e-05,-2.4824e-05,-64382,-583.95
-1.7806e-05,-3.5752e-05,-73366,-744.5
-1.8488e-05,-3.58e-05,-76152,-758.9
-2.0806e-05,-3.5421e-05,-85599,-801.99
-2.1528e-05,-2.7847e-05,-88393,-735.7
-2.3954e-05,-1.3271e-05,-97990,-629.16
-2.4575e-05,4.1987e-06,-1.0017e+05,-454.98
-2.7207e-05,-6.3114e-06,-1.1112e+05,-620.93
-2.8024e-05,-1.5811e-05,-1.1465e+05,-739.13
-3.035e-05,-2.9311e-05,-1.2441e+05,-930.81
-3.1248e-05,-3.8205e-05,-1.2826e+05,-1044.2
-3.3702e-05,-5.1783e-05,-1.3854e+05,-1239.3
-3.4715e-05,-7.0098e-05,-1.4305e+05,-1455.8
-3.7125e-05,-8.6535e-05,-1.5322e+05,-1680.6
-3.8217e-05,-9.4831e-05,-1.5784e+05,-1791.6
-4.0558e-05,-0.00011192,-1.6774e+05,-2022
-4.1572e-05,-0.00012114,-1.7207e+05,-2141.2
-4.403e-05,-0.00012157,-1.8211e+05,-2195.8
-4.5115e-05,-0.00013082,-1.8672e+05,-2316.9
-4.7667e-05,-0.00015461,-1.9762e+05,-2623.2
-4.8678e-05,-0.00017222,-2.021e+05,-2832.1
-5.0911e-05,-0.00019634,-2.1171e+05,-3135.6
-5.2043e-05,-0.00021349,-2.1667e+05,-3342
-5.4091e-05,-0.0002231,-2.2522e+05,-3486.4
-5.5284e-05,-0.00024318,-2.305e+05,-3725.5
-5.7316e-05,-0.00025077,-2.3895e+05,-3848
-5.8493e-05,-0.00026503,-2.4404e+05,-4024.5
-6.0402e-05,-0.00027445,-2.5202e+05,-4164.1
-6.1505e-05,-0.00028885,-2.5682e+05,-4340.6
-6.3316e-05,-0.00028391,-2.6410e+05,-4324.6
-6.4404e-05,-0.00026809,-2.6822e+05,-4177.5
-6.5997e-05,-0.00025945,-2.7455e+05,-4117.6
-6.697e-05,-0.00026876,-2.7871e+05,-4237
-6.8653e-05,-0.00024623,-2.8512e+05,-4030.3
-6.9752e-05,-0.00024755,-2.8963e+05,-4066.7
-7.1071e-05,-0.00024214,-2.949e+05,-4035.7
-7.1955e-05,-0.00023895,-2.9844e+05,-4019.6
-7.3137e-05,-0.00023695,-3.0323e+05,-4022.2
-7.3996e-05,-0.00022739,-3.0654e+05,-3937.5
-7.5028e-05,-0.00022183,-3.1064e+05,-3899.1
-7.5826e-05,-0.00022256,-3.1391e+05,-3923.1
-7.6677e-05,-0.00021005,-3.1712e+05,-3806.5
-7.7355e-05,-0.00019977,-3.1968e+05,-3710.4
-7.8002e-05,-0.00019219,-3.2217e+05,-3642.6
-7.8619e-05,-0.00019763,-3.248e+05,-3713.2
-7.9082e-05,-0.00018341,-3.264e+05,-3570.6
-7.9564e-05,-0.00018005,-3.283e+05,-3544.5
-7.9874e-05,-0.00018089,-3.2958e+05,-3559.8
-8.0189e-05,-0.00021166,-3.3149e+05,-3895.3
-8.029e-05,-0.00018813,-3.3142e+05,-3645.6
-8.0524e-05,-0.00021142,-3.3285e+05,-3899.5
-8.036e-05,-0.00018371,-3.3162e+05,-3599.8
-8.0426e-05,-0.00019846,-3.3219e+05,-3758.9
-8.0095e-05,-0.00021002,-3.3107e+05,-3875.8
-8.0229e-05,-0.00020666,-3.3155e+05,-3842.6
-7.9677e-05,-0.00018653,-3.2889e+05,-3616.1
-7.9904e-05,-0.00020582,-3.3021e+05,-3827
-7.8683e-05,-0.00017976,-3.247e+05,-3523.5
-7.8815e-05,-0.00017535,-3.2514e+05,-3478.9
-7.8051e-05,-0.00017522,-3.2202e+05,-3462
-7.7942e-05,-0.00018271,-3.2173e+05,-3539.9
-7.6951e-05,-0.00017537,-3.1754e+05,-3441.2
-7.609e-05,-0.00019005,-3.1432e+05,-3580.7
-7.5537e-05,-0.00017631,-3.1179e+05,-3422.5
-7.5157e-05,-0.00015363,-3.0977e+05,-3172.2
-7.4274e-05,-0.00016263,-3.0635e+05,-3250.4
-7.3887e-05,-0.00014,-3.0431e+05,-3000.5
-7.2751e-05,-0.0001484,-2.9985e+05,-3067.2
-7.187e-05,-0.0001427,-2.9614e+05,-2988.3
-7.2146e-05,-0.00011652,-2.9673e+05,-2713.9
-7.0482e-05,-0.00014493,-2.9052e+05,-2983.9
-6.85e-05,-0.00013822,-2.823e+05,-2871.9
-6.7902e-05,-0.00012839,-2.7966e+05,-2754.6
-6.6106e-05,-0.0001193,-2.7214e+05,-2620.7
-6.6722e-05,-0.00013836,-2.7504e+05,-2837.1
-6.3167e-05,-0.00014006,-2.6057e+05,-2783
-6.1922e-05,-0.00018086,-2.5632e+05,-3194.1
-6.0118e-05,-0.00018352,-2.4901e+05,-3185.8
-5.9091e-05,-0.00022108,-2.4559e+05,-3566.7
-5.6859e-05,-0.00025816,-2.3723e+05,-3917.8
-5.5493e-05,-0.00030223,-2.3256e+05,-4361.3
-5.3447e-05,-0.00033378,-2.2485e+05,-4657.1
-5.228e-05,-0.00038675,-2.2117e+05,-5199.9
-5.0306e-05,-0.00040612,-2.1351e+05,-5366.9
-4.891e-05,-0.0003835,-2.0735e+05,-5096.6
-4.7477e-05,-0.00033862,-2.0059e+05,-4587.4
-4.5761e-05,-0.00029573,-1.9271e+05,-4093.7
-4.4614e-05,-0.00025487,-1.872e+05,-3633.3
-4.1747e-05,-0.00021692,-1.7473e+05,-3169.1
-4.1999e-05,-0.00017445,-1.749e+05,-2720
-3.7848e-05,-0.00014121,-1.5728e+05,-2280
-3.7361e-05,-0.00010725,-1.546e+05,-1906.9
-3.4118e-05,-8.0094e-05,-1.4082e+05,-1550.5
-3.0431e-05,-5.7569e-05,-1.2532e+05,-1234.6
-3.0469e-05,-3.4486e-05,-1.25e+05,-988.53
-2.384e-05,-4.4355e-05,-98162,-959.23
-2.2041e-05,-6.8868e-05,-91318,-1184.8
-1.6557e-05,-0.00011752,-69940,-1593.6
-2.0976e-06,-0.00011033,-14389,-1024.5
1.9957e-06,0.00033672,19944,3903.7
3.5966e-06,0.00039674,30866,4732.4
3.9726e-06,0.00039232,32432,4696.7
4.6233e-06,0.00038666,35259,4658.9
4.273e-06,0.00038148,33374,4580
4.6532e-06,0.00037373,34826,4504.2
3.8494e-06,0.00037004,30872,4422.4
3.7702e-06,0.00036382,30228,4344
3.0387e-06,0.00035976,26633,4261.9
2.6779e-06,0.00035438,24720,4181.2
1.7439e-06,0.00035086,20235,4097.4
1.3193e-06,0.00034595,18072,4020.3
9.1623e-07,0.00034346,16112,3973.1
4.3965e-07,0.00034116,13847,3925.8
-1.4154e-07,0.00033917,11101,3877.2
-6.5472e-07,0.00033682,8682.7,3828.4
-1.1975e-06,0.00033439,6117,3777
-1.661e-06,0.00033189,3931.6,3728.8
-2.2034e-06,0.00032951,1397.2,3679.1
-2.8134e-06,0.00032702,-1425.6,3626.2
-3.3119e-06,0.00032456,-3739.5,3578.2
-4.0741e-06,0.00032264,-7196.8,3526.8
-4.5404e-06,0.0003196,-9366.1,3474.3
-5.2383e-06,0.00031745,-12523,3423.6
-5.9851e-06,0.00031528,-15868,3372
-6.7322e-06,0.00031281,-19206,3317.8
-7.3754e-06,0.00031001,-22096,3263.8
-8.124e-06,0.00030768,-25401,3212.7
-8.9746e-06,0.00030585,-29114,3164.6
-9.79e-06,0.00030359,-32670,3113.8
-1.0451e-05,0.00030072,-35571,3061.6
-1.1125e-05,0.00029761,-38526,3006.4
-1.1927e-05,0.00029483,-41993,2952.3
-1.2645e-05,0.00029186,-45099,2898.9
-1.3485e-05,0.00028859,-48715,2839.5
-1.4329e-05,0.00028632,-52309,2791.6
-1.4887e-05,0.00028294,-54724,2739.8
-1.5846e-05,0.00028031,-58774,2686.5
-1.6618e-05,0.00027728,-62047,2634.5
-1.7452e-05,0.00027425,-65560,2581.8
-1.8182e-05,0.00027108,-68636,2530.7
-1.9344e-05,0.00026843,-73455,2477
-1.9998e-05,0.00026503,-76195,2427.2
-2.1141e-05,0.00026225,-80914,2374.3
-2.1788e-05,0.00025888,-83619,2325.2
-2.2808e-05,0.00025596,-87843,2273.1
-2.3327e-05,0.00025233,-90032,2223.8
-2.4314e-05,0.00024936,-94119,2172
-2.4959e-05,0.00024591,-96822,2121.9
-2.5933e-05,0.00024296,-1.0086e+05,2070.6
-2.6606e-05,0.00023954,-1.0367e+05,2020.4
-2.7449e-05,0.0002364,-1.0718e+05,1969.7
-2.8222e-05,0.00023305,-1.104e+05,1918.1
-2.9062e-05,0.00022974,-1.1389e+05,1865.7
-2.9853e-05,0.00022664,-1.1718e+05,1816.3
-3.0931e-05,0.00022379,-1.2164e+05,1764
-3.1538e-05,0.00022026,-1.2419e+05,1713.9
-3.2736e-05,0.00021769,-1.2912e+05,1662.1
-3.3604e-05,0.00021467,-1.3273e+05,1612.2
-3.4459e-05,0.00021154,-1.3628e+05,1561.2
-3.5101e-05,0.00020801,-1.3897e+05,1510.5
-3.6215e-05,0.00020531,-1.4357e+05,1458.9
-3.7244e-05,0.00020253,-1.4783e+05,1408.3
-3.8099e-05,0.00019938,-1.5138e+05,1357.2
-3.8668e-05,0.00019578,-1.5377e+05,1307.2
-3.9767e-05,0.00019303,-1.5831e+05,1255.4
-4.0785e-05,0.00019028,-1.6252e+05,1205.3
-4.1702e-05,0.00018729,-1.6632e+05,1154.7
-4.2373e-05,0.00018393,-1.6913e+05,1105.1
-4.3199e-05,0.00018078,-1.7256e+05,1054.6
-4.4072e-05,0.00017767,-1.7619e+05,1003.6
-4.5039e-05,0.00017487,-1.8019e+05,954
-4.5739e-05,0.00017153,-1.8312e+05,904
-4.6476e-05,0.00016827,-1.8619e+05,854.2
-4.7373e-05,0.00016531,-1.8991e+05,804.24
-4.8136e-05,0.00016223,-1.9309e+05,755.85
-4.8833e-05,0.00015881,-1.96e+05,705.05
-4.9459e-05,0.0001555,-1.9862e+05,656.92
-5.0516e-05,0.00015276,-2.0299e+05,606.18
-5.1305e-05,0.00014937,-2.0628e+05,553.85
-5.3013e-05,0.00014411,-2.1335e+05,462.93
-5.3996e-05,0.00013804,-2.1749e+05,377.97
-5.5845e-05,0.00013331,-2.2513e+05,289.72
-5.7078e-05,0.0001279,-2.3027e+05,206.83
-5.8449e-05,0.00012227,-2.3598e+05,118.7
-5.9926e-05,0.00011738,-2.4211e+05,36.435
-6.1869e-05,0.00011259,-2.5014e+05,-54.367
-6.3996e-05,9.5832e-05,-2.5915e+05,-276.84
-6.5345e-05,-7.6771e-05,-2.6817e+05,-2150.4
-6.5522e-05,-0.00079501,-2.8352e+05,-9836.6
9.2029e-06,-0.0032562,-94906,-30136
