0.00055199,-0.0208,-6.6242e+05,-87696
-7.9313e-05,-0.004508,-4.6843e+05,-46177
-8.5571e-05,-0.0017918,-3.8019e+05,-21276
-8.5831e-05,-0.00015262,-3.5331e+05,-3378.6
-8.5305e-05,0.00066469,-3.3455e+05,5374.3
-8.0302e-05,0.0011079,-3.0514e+05,10216
-7.8858e-05,0.0011876,-2.9769e+05,11093
-7.5123e-05,0.0011582,-2.8304e+05,10855
-7.3305e-05,0.0010489,-2.7784e+05,9722.1
-7.0073e-05,0.00093399,-2.6692e+05,8563.7
-6.7954e-05,0.00082034,-2.6058e+05,7391.2
-6.4175e-05,0.00070332,-2.4754e+05,6216.6
-6.1955e-05,0.0005862,-2.4086e+05,5009.1
-5.8853e-05,0.00046521,-2.3066e+05,3778.2
-5.54e-05,0.00034145,-2.1908e+05,2524.9
-5.1435e-05,0.00022409,-2.0529e+05,1350.3
-4.9489e-05,0.00014405,-1.9898e+05,533.89
-4.5566e-05,0.00011159,-1.8363e+05,266.53
-4.3332e-05,7.5156e-05,-1.7526e+05,-77.703
-4.1156e-05,5.8306e-05,-1.6672e+05,-213.66
-3.8516e-05,6.4146e-05,-1.5583e+05,-97.49
-3.4972e-05,4.9951e-05,-1.4166e+05,-177.24
-3.3989e-05,3.8817e-05,-1.3787e+05,-276.3
-3.0753e-05,5.3029e-05,-1.2438e+05,-58.506
-3.0559e-05,4.6655e-05,-1.2372e+05,-122.73
-2.713e-05,6.1901e-05,-1.0942e+05,110.06
-2.711e-05,7.156e-05,-1.0914e+05,213.75
-2.3575e-05,0.00010498,-94040,643.03
-2.2182e-05,0.00011306,-88195,757.76
-2.0411e-05,0.00014123,-80399,1094.9
-2.1698e-05,0.00015202,-85427,1184.2
-2.0755e-05,0.00020038,-80597,1720.5
-1.9889e-05,0.00025907,-75872,2365.7
-1.941e-05,0.00032239,-72944,3031.1
-1.8591e-05,0.00039479,-68267,3817.3
-1.6756e-05,0.00044554,-59318,4429.8
-1.8337e-05,0.00051001,-64116,5110
-1.8019e-05,0.0005777,-60575,5896.6
-1.8013e-05,0.00065643,-57661,6818.4
-1.5966e-05,0.00072301,-46013,7688.2
-1.5155e-05,0.00074584,-41426,7994.6
-1.3988e-05,0.00074931,-36076,8084.9
-1.3046e-05,0.00075522,-31553,8197.7
-1.2468e-05,0.00076225,-28626,8307
-1.1445e-05,0.00076638,-23840,8400.9
-1.1302e-05,0.00077126,-22956,8466.8
-1.0225e-05,0.00077135,-18038,8516.2
-1.0293e-05,0.00077174,-18291,8519.7
-9.1154e-06,0.00076449,-13245,8485.1
-9.4431e-06,0.00075833,-14989,8397.2
-8.1708e-06,0.00074425,-9814,8286.1
-8.5267e-06,0.00072634,-12166,8058.2
-7.6685e-06,0.00069939,-9409.2,7775.8
-8.2536e-06,0.00066826,-13469,7375.2
-7.8779e-06,0.00063285,-13204,6972.3
-8.7426e-06,0.00059584,-18452,6504.2
-8.2505e-06,0.00055441,-17652,6048.8
-9.0513e-06,0.00050266,-23200,5409.2
-9.3524e-06,0.00045265,-26321,4817.2
-1.0336e-05,0.00039945,-32400,4168.9
-1.0729e-05,0.00034814,-35634,3575.6
-1.2137e-05,0.00029456,-43087,2934.5
-1.2695e-05,0.00024703,-46625,2394.8
-1.4508e-05,0.00019993,-55158,1841.2
-1.5193e-05,0.0001609,-58726,1410.5
-1.7494e-05,0.00013048,-68718,1039
-1.8375e-05,0.00010914,-72743,793.27
-2.1111e-05,9.4249e-05,-84207,578.42
-2.199e-05,8.7317e-05,-87936,486.42
-2.4767e-05,6.476e-05,-99721,188.74
-2.5737e-05,5.9444e-05,-1.0379e+05,112.16
-2.877e-05,4.4057e-05,-1.1647e+05,-114.08
-2.9737e-05,3.0162e-05,-1.207e+05,-282.33
-3.2875e-05,1.7519e-05,-1.3376e+05,-481.37
-3.391e-05,1.0424e-06,-1.3832e+05,-678.62
-3.7107e-05,-2.6743e-06,-1.5144e+05,-783.41
-3.8103e-05,-1.0263e-05,-1.5566e+05,-884.83
-4.156e-05,-3.6208e-05,-1.7029e+05,-1232.6
-4.271e-05,-6.2952e-05,-1.7553e+05,-1542
-4.5872e-05,-9.0459e-05,-1.8899e+05,-1900.6
-4.7125e-05,-0.00011462,-1.9459e+05,-2184.5
-5.0389e-05,-0.00013536,-2.0833e+05,-2472.7
-5.1761e-05,-0.00016842,-2.146e+05,-2854.2
-5.4977e-05,-0.00019031,-2.2817e+05,-3153.8
-5.6416e-05,-0.0002067,-2.3438e+05,-3358.3
-5.9534e-05,-0.00022908,-2.4756e+05,-3661.2
-6.0901e-05,-0.0002462,-2.5349e+05,-3872.2
-6.4088e-05,-0.00024531,-2.6647e+05,-3927.5
-6.5519e-05,-0.0002638,-2.7269e+05,-4154.4
-6.8777e-05,-0.00028668,-2.8645e+05,-4465.4
-7.0101e-05,-0.00030783,-2.9228e+05,-4718.6
-7.2978e-05,-0.00033237,-3.0452e+05,-5039.7
-7.4407e-05,-0.00035296,-3.1077e+05,-5289
-7.7036e-05,-0.00035441,-3.2153e+05,-5358.1
-7.8491e-05,-0.00037676,-3.2792e+05,-5626.8
-8.1031e-05,-0.00037297,-3.3821e+05,-5637.9
-8.2439e-05,-0.00038311,-3.4416e+05,-5775.1
-8.4784e-05,-0.00037755,-3.5362e+05,-5763.4
-8.6108e-05,-0.00038681,-3.5921e+05,-5889.4
-8.8332e-05,-0.00036353,-3.6781e+05,-5685.6
-8.9617e-05,-0.00033404,-3.7246e+05,-5396.4
-9.154e-05,-0.00031098,-3.7984e+05,-5188.8
-9.2666e-05,-0.00032565,-3.8473e+05,-5368.7
-9.4606e-05,-0.00029438,-3.9201e+05,-5073.6
-9.581e-05,-0.00030092,-3.9706e+05,-5168.1
-9.7309e-05,-0.00028852,-4.0292e+05,-5066
-9.8255e-05,-0.00028729,-4.0676e+05,-5072.1
-9.9542e-05,-0.00028298,-4.1193e+05,-5052.2
-0.00010043,-0.00027583,-4.1541e+05,-4993.9
-0.0001015,-0.00026939,-4.1962e+05,-4946.6
-0.00010229,-0.00027688,-4.23e+05,-5042.8
-0.00010312,-0.00026174,-4.2612e+05,-4897.9
-0.00010378,-0.00025491,-4.2866e+05,-4838.2
-0.00010437,-0.00024793,-4.3090e+05,-4775.4
-0.00010494,-0.00026173,-4.3352e+05,-4934.8
-0.00010528,-0.00024405,-4.3455e+05,-4752.5
-0.00010567,-0.00024305,-4.3613e+05,-4749.8
-0.0001058,-0.00024449,-4.3668e+05,-4767.8
-0.00010598,-0.00028702,-4.3828e+05,-5226.5
-0.00010584,-0.00025316,-4.3702e+05,-4861.4
-0.00010594,-0.00028491,-4.3806e+05,-5203
-0.00010546,-0.00024864,-4.3538e+05,-4805.4
-0.00010533,-0.00026865,-4.3527e+05,-5016.8
-0.00010461,-0.00028172,-4.3259e+05,-5141.9
-0.00010455,-0.00027815,-4.3225e+05,-5102.4
-0.00010353,-0.00025037,-4.2756e+05,-4784.6
-0.00010355,-0.0002769,-4.2814e+05,-5068.7
-0.0001018,-0.0002412,-4.2031e+05,-4651.3
-0.00010173,-0.00023834,-4.1993e+05,-4619.1
-0.00010039,-0.00023627,-4.1445e+05,-4569.8
-0.00010003,-0.0002465,-4.1318e+05,-4671.9
-9.8441e-05,-0.00023537,-4.0646e+05,-4520.5
-9.7365e-05,-0.00025317,-4.0243e+05,-4689
-9.619e-05,-0.00023629,-3.9729e+05,-4484.5
-9.5606e-05,-0.000208,-3.9434e+05,-4170
-9.4223e-05,-0.00021968,-3.8893e+05,-4266.7
-9.3605e-05,-0.00019108,-3.8582e+05,-3948.2
-9.1941e-05,-0.00020158,-3.7925e+05,-4026.7
-9.0762e-05,-0.00019508,-3.743e+05,-3933.2
-9.0386e-05,-0.00016448,-3.7215e+05,-3598.2
-8.8438e-05,-0.00019924,-3.649e+05,-3930.4
-8.5766e-05,-0.0001908,-3.5383e+05,-3785.7
-8.479e-05,-0.00018083,-3.4964e+05,-3659.1
-8.2241e-05,-0.00017062,-3.3903e+05,-3498.1
-8.2429e-05,-0.00019594,-3.4031e+05,-3772.8
-7.8083e-05,-0.00019288,-3.2251e+05,-3651.6
-7.6518e-05,-0.00024489,-3.1719e+05,-4176
-7.3822e-05,-0.00024848,-3.0626e+05,-4159.5
-7.2409e-05,-0.00029323,-3.014e+05,-4609.4
-6.9314e-05,-0.00033763,-2.8968e+05,-5021.3
-6.7574e-05,-0.0003918,-2.8368e+05,-5565.4
-6.4786e-05,-0.0004287,-2.7305e+05,-5903.2
-6.3064e-05,-0.00048743,-2.6722e+05,-6496.4
-6.072e-05,-0.00050728,-2.5806e+05,-6661
-5.8763e-05,-0.00048028,-2.4953e+05,-6332.4
-5.6499e-05,-0.00042967,-2.3926e+05,-5744.9
-5.4318e-05,-0.00038058,-2.2936e+05,-5175.5
-5.2515e-05,-0.00033376,-2.2105e+05,-4638
-4.9345e-05,-0.00028946,-2.0721e+05,-4099.6
-4.8308e-05,-0.00024179,-2.0201e+05,-3568.7
-4.4245e-05,-0.00020167,-1.8461e+05,-3056.9
-4.1785e-05,-0.00016335,-1.738e+05,-2597
-3.8379e-05,-0.00012962,-1.5922e+05,-2167
-3.3568e-05,-0.00010169,-1.3902e+05,-1770.4
-3.3045e-05,-7.2527e-05,-1.3629e+05,-1447.8
-2.5635e-05,-7.6903e-05,-1.0615e+05,-1343.9
-2.3908e-05,-8.4952e-05,-99264,-1394.8
-1.7568e-05,-0.00013516,-74424,-1802.8
-3.1908e-06,-0.00010261,-18248,-986.77
7.6753e-07,0.00049995,21707,5810.6
1.881e-06,0.00055697,30416,6588.4
2.0896e-06,0.00054978,31094,6512.6
2.7173e-06,0.00054088,33655,6435.2
2.1603e-06,0.00053315,30677,6316.4
2.468e-06,0.00052234,31630,6200.5
1.3195e-06,0.0005166,25970,6078.3
1.0096e-06,0.00050789,24127,5959.3
-1.9268e-07,0.00050223,18261,5835.8
-8.8665e-07,0.00049472,14701,5714
-2.4886e-06,0.00048932,7137.8,5581.2
-3.1702e-06,0.00048286,3649.4,5469.6
-3.9525e-06,0.00047963,-64.514,5397
-4.6732e-06,0.00047362,-3187.7,5316.5
-5.6256e-06,0.00047337,-7936.8,5250.4
-6.4124e-06,0.00046888,-11535,5172
-7.343e-06,0.00046676,-15968,5099.1
-8.1597e-06,0.00046296,-19744,5022.8
-9.0528e-06,0.00045961,-23862,4947.4
-9.9251e-06,0.00045603,-27862,4871.5
-1.1047e-05,0.00045293,-32916,4793.1
-1.2057e-05,0.00044958,-37471,4716.5
-1.2914e-05,0.00044552,-41350,4638.9
-1.3982e-05,0.00044188,-46110,4559.7
-1.5177e-05,0.00043854,-51371,4481.4
-1.6209e-05,0.00043448,-55924,4401.8
-1.7263e-05,0.00043053,-60538,4324.5
-1.8109e-05,0.00042612,-64269,4248.8
-1.9505e-05,0.00042271,-70260,4170.2
-2.0411e-05,0.00041835,-74188,4096.2
-2.1823e-05,0.00041428,-80200,4013.4
-2.2794e-05,0.00040944,-84371,3934.6
-2.4386e-05,0.00040543,-91077,3850.9
-2.5439e-05,0.00040055,-95541,3772.5
-2.6684e-05,0.00039591,-1.0077e+05,3693.6
-2.7757e-05,0.00039092,-1.0528e+05,3616.3
-2.8969e-05,0.00038597,-1.1034e+05,3538.1
-3.0089e-05,0.00038092,-1.1501e+05,3461.4
-3.1341e-05,0.00037608,-1.2022e+05,3384.2
-3.2443e-05,0.00037099,-1.2481e+05,3307.3
-3.3696e-05,0.00036611,-1.3002e+05,3229.8
-3.5021e-05,0.00036146,-1.3553e+05,3153.1
-3.6402e-05,0.00035677,-1.4125e+05,3074.8
-3.7716e-05,0.00035205,-1.4671e+05,2997.7
-3.8948e-05,0.00034723,-1.5184e+05,2921
-4.0164e-05,0.00034237,-1.569e+05,2844.4
-4.1291e-05,0.00033731,-1.616e+05,2767.3
-4.2612e-05,0.00033257,-1.6708e+05,2689.8
-4.3842e-05,0.00032763,-1.722e+05,2612
-4.4998e-05,0.00032273,-1.7702e+05,2536.1
-4.6142e-05,0.00031772,-1.8179e+05,2459.3
-4.7251e-05,0.00031273,-1.8642e+05,2383.3
-4.8674e-05,0.00030798,-1.9232e+05,2303.6
-4.9653e-05,0.00030267,-1.9642e+05,2226.9
-5.0974e-05,0.00029803,-2.0191e+05,2150.5
-5.2354e-05,0.00029338,-2.0763e+05,2072.7
-5.3378e-05,0.00028816,-2.1192e+05,1996
-5.4777e-05,0.00028367,-2.1771e+05,1919.6
-5.6145e-05,0.00027909,-2.2339e+05,1842.8
-5.7341e-05,0.0002742,-2.2837e+05,1766.1
-5.8516e-05,0.00026913,-2.3327e+05,1688
-5.9859e-05,0.00026453,-2.3884e+05,1611.5
-6.1433e-05,0.00026024,-2.4535e+05,1533.7
-6.2561e-05,0.00025525,-2.5005e+05,1457.4
-6.3639e-05,0.0002501,-2.5456e+05,1380.4
-6.4989e-05,0.00024547,-2.6016e+05,1303.4
-6.6554e-05,0.00024121,-2.6664e+05,1226
-6.7649e-05,0.00023627,-2.7121e+05,1150.9
-6.8777e-05,0.00023129,-2.7591e+05,1074.7
-6.9856e-05,0.00022626,-2.8042e+05,998.95
-7.1095e-05,0.00022143,-2.8557e+05,922.11
-7.2346e-05,0.0002168,-2.9077e+05,847.17
-7.334e-05,0.00021164,-2.9493e+05,771.79
-7.4286e-05,0.00020645,-2.9889e+05,697.03
-7.5579e-05,0.0002018,-3.0427e+05,620.96
-7.6528e-05,0.00019678,-3.0824e+05,548.02
-7.7421e-05,0.00019143,-3.12e+05,472.55
-7.8216e-05,0.00018613,-3.1534e+05,399.76
-7.9576e-05,0.00018159,-3.2099e+05,323.6
-8.0473e-05,0.00017597,-3.2476e+05,245.22
-8.2598e-05,0.00016733,-3.3361e+05,109.58
-8.3701e-05,0.00015751,-3.3831e+05,-17.877
-8.5771e-05,0.00014916,-3.4693e+05,-149.38
-8.71e-05,0.00013998,-3.5254e+05,-274.59
-8.8485e-05,0.00013047,-3.5839e+05,-404.45
-9.0006e-05,0.00012175,-3.6477e+05,-528.66
-9.1845e-05,0.00011294,-3.7246e+05,-660.3
-9.4069e-05,9.7161e-05,-3.8186e+05,-874.33
-9.5475e-05,-4.8468e-05,-3.9055e+05,-2460.7
-9.4802e-05,-0.00086111,-4.0436e+05,-11140
3.809e-05,-0.0046135,-1.4559e+05,-36538
