-6.6266e-06,-0.004105,-1.3074e+05,-22583
-3.0718e-05,-0.0020139,-1.034e+05,-15009
-2.9475e-05,-0.0009603,-1.0692e+05,-7210.4
-2.8035e-05,-0.00023523,-1.0691e+05,-1693.5
-2.7675e-05,0.00016255,-1.0508e+05,1115.6
-2.5438e-05,0.00041345,-96229,2893.1
-2.4288e-05,0.00046986,-91497,3312.6
-2.1911e-05,0.00047064,-82201,3337.5
-2.0907e-05,0.00041954,-78693,2961.3
-1.9145e-05,0.00036116,-72219,2540.1
-1.7982e-05,0.0003036,-67988,2126.3
-1.648e-05,0.00024648,-62384,1721.7
-1.4825e-05,0.0001894,-56166,1320.1
-1.3606e-05,0.00013851,-51587,962.1
-1.2579e-05,8.887e-05,-47738,612.84
-1.059e-05,4.7476e-05,-40221,322.89
-9.8469e-06,1.9124e-05,-37429,123.58
-8.3196e-06,1.5884e-06,-31640,1.542
-7.3166e-06,-8.0897e-06,-27836,-65.622
-6.1481e-06,-1.2211e-05,-23397,-93.362
-5.2264e-06,-4.9274e-06,-19883,-40.864
-3.5405e-06,-4.4263e-06,-13471,-35.366
-2.9834e-06,-3.038e-06,-11350,-24.917
-1.5196e-06,-6.3288e-08,-5779.6,-2.2135
-1.0168e-06,4.1151e-07,-3866.5,1.7232
-8.6066e-08,2.4644e-06,-320.15,17.565
6.4391e-07,1.0008e-05,2660.1,77.876
1.7992e-06,1.2345e-05,7406.3,99.681
2.4937e-06,1.7972e-06,10241,22.586
3.5882e-06,-1.4739e-05,14768,-101.72
4.2295e-06,-2.5037e-05,17513,-182.95
5.2001e-06,-3.4688e-05,21735,-263
5.9641e-06,-3.1249e-05,25105,-235.76
6.6541e-06,-1.3331e-05,28116,-89.142
7.2997e-06,3.7018e-06,30979,51.635
7.9615e-06,2.0675e-05,33967,189.52
8.4694e-06,5.5621e-05,36484,482.6
8.7299e-06,8.6663e-05,38055,749.98
9.3616e-06,0.00011361,41394,989.32
9.6284e-06,0.00014156,43130,1233.6
9.8458e-06,0.00017442,44839,1518.4
9.8174e-06,0.00020435,45393,1773.2
1.0322e-05,0.0002328,48449,2028.2
1.0122e-05,0.00025992,48224,2254.9
1.0725e-05,0.00028308,51648,2468.9
1.0146e-05,0.00030107,49453,2607
1.0776e-05,0.00031553,52780,2748
1.0115e-05,0.00033133,50158,2864.5
1.0764e-05,0.00034354,53510,2987
1.0135e-05,0.00036066,51083,3115.4
1.0577e-05,0.00037051,53404,3211.9
1.013e-05,0.00037858,51571,3268
1.0223e-05,0.00038229,52103,3302.3
9.9396e-06,0.00039017,51018,3361.4
9.8659e-06,0.00038532,50538,3318
9.5681e-06,0.00037717,48933,3240.1
9.3806e-06,0.0003573,47502,3065.3
9.0173e-06,0.00035259,45693,3014.9
8.7745e-06,0.00033453,44064,2854.1
8.3567e-06,0.00031818,41687,2703.2
8.0708e-06,0.00029175,39645,2470.6
7.604e-06,0.00027151,36968,2286.4
7.262e-06,0.00024114,34616,2021
6.7264e-06,0.00021744,31604,1808.7
6.307e-06,0.00018496,28952,1528.2
5.6676e-06,0.00015746,25514,1287.4
5.1832e-06,0.00012348,22718,1000.9
4.4624e-06,9.1045e-05,19057,728.42
3.9451e-06,5.681e-05,16426,451.92
3.026e-06,3.1844e-05,12438,254.13
2.3905e-06,3.2121e-06,9689.8,33.542
1.3306e-06,-1.5115e-05,5169.6,-100.05
6.8747e-07,-3.4009e-05,2626.1,-238.83
-5.7203e-07,-4.5294e-05,-2341.3,-313.45
-1.2492e-06,-5.6097e-05,-4975.6,-388.99
-2.5863e-06,-6.0306e-05,-9960.5,-425.79
-3.3384e-06,-6.2529e-05,-12817,-442.26
-4.8613e-06,-5.682e-05,-18555,-406.81
-5.5469e-06,-4.7696e-05,-21152,-343.19
-7.1706e-06,-4.1439e-05,-27320,-300.9
-7.8847e-06,-3.5564e-05,-30029,-260.26
-9.4444e-06,-3.2218e-05,-35957,-238.45
-1.0159e-05,-3.2308e-05,-38677,-239.92
-1.1705e-05,-3.4825e-05,-44560,-259.49
-1.2404e-05,-3.6163e-05,-47220,-269.75
-1.3925e-05,-4.4636e-05,-53013,-331.34
-1.4585e-05,-5.2987e-05,-55532,-391.07
-1.605e-05,-6.3416e-05,-61117,-466.42
-1.6713e-05,-7.549e-05,-63654,-552.44
-1.8183e-05,-8.3691e-05,-69255,-612.06
-1.8786e-05,-8.9999e-05,-71555,-657.3
-2.0236e-05,-0.00010025,-77081,-731.39
-2.0836e-05,-0.00011034,-79375,-803.32
-2.2186e-05,-0.00011554,-84518,-841.62
-2.2789e-05,-0.0001276,-86827,-927.44
-2.4019e-05,-0.00013463,-91510,-978.51
-2.4597e-05,-0.0001463,-93724,-1061.6
-2.5754e-05,-0.00015413,-98134,-1118.3
-2.632e-05,-0.00016602,-1.003e+05,-1202.8
-2.7416e-05,-0.0001686,-1.0447e+05,-1222.3
-2.7941e-05,-0.00016974,-1.0647e+05,-1231
-2.8914e-05,-0.00017102,-1.1017e+05,-1241.2
-2.9401e-05,-0.00018514,-1.1204e+05,-1341.5
-3.0255e-05,-0.00018359,-1.1529e+05,-1331.5
-3.0706e-05,-0.00019138,-1.1702e+05,-1387
-3.1483e-05,-0.00018774,-1.1996e+05,-1362.2
-3.1862e-05,-0.00018781,-1.2141e+05,-1363.2
-3.2538e-05,-0.00018453,-1.2398e+05,-1340.8
-3.2885e-05,-0.00018161,-1.2529e+05,-1320.6
-3.3426e-05,-0.00017581,-1.2734e+05,-1280.3
-3.3727e-05,-0.00017411,-1.2848e+05,-1268.7
-3.4178e-05,-0.00016084,-1.3019e+05,-1175.5
-3.4411e-05,-0.00015144,-1.3106e+05,-1109.4
-3.477e-05,-0.00013884,-1.3241e+05,-1020.8
-3.4928e-05,-0.00013794,-1.3301e+05,-1014.6
-3.5187e-05,-0.0001224,-1.3398e+05,-905.21
-3.528e-05,-0.00011779,-1.3433e+05,-872.78
-3.5393e-05,-0.00011113,-1.3475e+05,-825.9
-3.5419e-05,-0.00012171,-1.3486e+05,-900.6
-3.5443e-05,-0.00010208,-1.3493e+05,-762.04
-3.5414e-05,-0.0001105,-1.3483e+05,-821.44
-3.5342e-05,-9.7062e-05,-1.3454e+05,-726.48
-3.5268e-05,-0.00010498,-1.3427e+05,-782.29
-3.5074e-05,-0.00010738,-1.3353e+05,-799
-3.4988e-05,-0.00010764,-1.332e+05,-800.78
-3.471e-05,-9.6829e-05,-1.3213e+05,-724.09
-3.4565e-05,-0.00010831,-1.316e+05,-804.96
-3.418e-05,-9.5496e-05,-1.3012e+05,-714.06
-3.3991e-05,-9.8731e-05,-1.294e+05,-736.68
-3.35e-05,-9.8003e-05,-1.2753e+05,-730.97
-3.3256e-05,-0.00010362,-1.2661e+05,-770.36
-3.2719e-05,-9.8958e-05,-1.2456e+05,-736.81
-3.2432e-05,-0.00010388,-1.2348e+05,-771.19
-3.1867e-05,-9.9098e-05,-1.2132e+05,-736.8
-3.1609e-05,-8.9968e-05,-1.2033e+05,-672.03
-3.1043e-05,-9.3555e-05,-1.1818e+05,-696.7
-3.0778e-05,-8.3701e-05,-1.1716e+05,-626.81
-3.016e-05,-8.6243e-05,-1.1482e+05,-644.04
-2.9806e-05,-8.3947e-05,-1.1346e+05,-627.41
-2.907e-05,-7.4703e-05,-1.1065e+05,-561.28
-2.8634e-05,-8.2097e-05,-1.0901e+05,-612.99
-2.7733e-05,-7.6105e-05,-1.0557e+05,-569.62
-2.7274e-05,-7.3462e-05,-1.0382e+05,-550.43
-2.6273e-05,-6.9664e-05,-1.0001e+05,-522.44
-2.5773e-05,-7.9762e-05,-98121,-593.16
-2.4704e-05,-7.4161e-05,-94047,-552.36
-2.412e-05,-9.2657e-05,-91848,-682.29
-2.2992e-05,-9.4776e-05,-87558,-695.93
-2.2394e-05,-0.00011352,-85306,-827.56
-2.1155e-05,-0.00013405,-80616,-971.08
-2.0499e-05,-0.00016214,-78155,-1168.7
-1.9224e-05,-0.00018538,-73334,-1331.3
-1.8501e-05,-0.0002199,-70624,-1574.2
-1.7528e-05,-0.00024202,-66961,-1728.3
-1.6734e-05,-0.00024412,-63962,-1741
-1.5753e-05,-0.00022031,-60187,-1572.7
-1.5092e-05,-0.00019358,-57626,-1384.3
-1.4113e-05,-0.00016338,-53867,-1169.9
-1.2932e-05,-0.00013334,-49339,-956.45
-1.2051e-05,-0.00010079,-45951,-725.62
-1.1304e-05,-6.6765e-05,-43069,-484.53
-9.8447e-06,-2.3245e-05,-37470,-175.57
-9.3099e-06,2.2329e-05,-35383,146.82
-7.7916e-06,7.4697e-05,-29547,518.31
-6.1712e-06,0.00013542,-23446,941.18
-5.651e-06,0.00022865,-20565,1650.3
-3.4696e-06,0.00034191,-9612.7,2597.4
-3.6509e-06,0.00047088,-7274.8,3665.9
7.7353e-07,0.00050984,13125,4115.1
4.1308e-06,0.0003558,23673,2904.5
4.6682e-06,0.00016,21095,1289.5
4.5061e-06,0.00015254,20285,1224.3
4.3296e-06,0.00014528,19383,1162
4.1628e-06,0.00014265,18636,1137.6
3.9577e-06,0.00013992,17721,1111.6
3.6718e-06,0.00013781,16477,1089.9
3.4199e-06,0.00013537,15375,1066
2.9662e-06,0.00013366,13436,1044.9
2.6433e-06,0.00013146,12051,1022.2
2.1004e-06,0.00013002,9761.7,1001.9
1.7896e-06,0.00012799,8411.6,979.64
1.5222e-06,0.00012699,7308.8,968.87
1.2346e-06,0.00012599,6116.2,956.89
9.3642e-07,0.00012523,4883.3,946.72
6.0078e-07,0.00012445,3496.1,935.86
3.0253e-07,0.00012387,2273.9,927.39
-5.9871e-08,0.00012312,793.07,916.84
-3.5964e-07,0.00012225,-431.4,906.3
-7.2756e-07,0.0001216,-1923.3,896.83
-1.0448e-06,0.00012087,-3206.7,887.56
-1.419e-06,0.00012009,-4712.9,877.45
-1.7587e-06,0.00011932,-6074.2,868.01
-2.1856e-06,0.00011879,-7773.2,859.8
-2.4984e-06,0.00011773,-9019.8,848.94
-2.9481e-06,0.00011708,-10794,840.34
-3.289e-06,0.00011595,-12140,829.21
-3.7362e-06,0.00011488,-13893,818.22
-4.062e-06,0.0001136,-15171,806.61
-4.4735e-06,0.00011224,-16771,794.47
-4.8228e-06,0.00011096,-18127,783.43
-5.3089e-06,0.00011013,-20008,775.09
-5.7111e-06,0.00010896,-21558,765.06
-6.1336e-06,0.00010774,-23182,754.99
-6.5556e-06,0.00010637,-24799,744.16
-7.0413e-06,0.00010577,-26653,738.86
-7.3629e-06,0.00010375,-27882,724.03
-7.9434e-06,0.00010304,-30092,718.26
-8.3704e-06,0.00010185,-31717,709.33
-8.8435e-06,0.00010053,-33518,699.51
-9.2666e-06,9.9498e-05,-35128,691.72
-9.8002e-06,9.9794e-05,-37157,693.19
-1.025e-05,9.8738e-05,-38868,685.21
-1.0867e-05,9.7966e-05,-41217,679.04
-1.1218e-05,9.6739e-05,-42555,669.97
-1.1829e-05,9.5901e-05,-44879,663.35
-1.2198e-05,9.4669e-05,-46282,654.22
-1.2816e-05,9.3766e-05,-48635,647.13
-1.3207e-05,9.2552e-05,-50124,638.11
-1.3881e-05,9.1678e-05,-52690,631.15
-1.4215e-05,9.0355e-05,-53960,621.43
-1.4842e-05,8.9343e-05,-56347,613.56
-1.5278e-05,8.8124e-05,-58005,604.44
-1.5893e-05,8.7045e-05,-60347,596.11
-1.6346e-05,8.5736e-05,-62071,586.35
-1.6956e-05,8.4616e-05,-64393,577.73
-1.7463e-05,8.3295e-05,-66323,567.82
-1.8055e-05,8.2042e-05,-68575,558.28
-1.8566e-05,8.0787e-05,-70522,548.82
-1.9154e-05,7.9644e-05,-72759,540.07
-1.9623e-05,7.8366e-05,-74542,530.51
-2.0206e-05,7.7192e-05,-76761,521.54
-2.0753e-05,7.5967e-05,-78845,512.25
-2.1276e-05,7.4754e-05,-80836,503.08
-2.1775e-05,7.3537e-05,-82732,493.92
-2.2361e-05,7.234e-05,-84963,484.79
-2.2865e-05,7.1051e-05,-86881,475.09
-2.3397e-05,6.9825e-05,-88910,465.82
-2.3848e-05,6.8517e-05,-90623,456.06
-2.4332e-05,6.7219e-05,-92467,446.34
-2.4906e-05,6.6065e-05,-94654,437.52
-2.5365e-05,6.4711e-05,-96399,427.43
-2.5923e-05,6.3539e-05,-98522,418.51
-2.6374e-05,6.22e-05,-1.0024e+05,408.53
-2.6865e-05,6.0913e-05,-1.0211e+05,398.87
-2.7308e-05,5.9545e-05,-1.038e+05,388.7
-2.7798e-05,5.8318e-05,-1.0566e+05,379.47
-2.8168e-05,5.6852e-05,-1.0707e+05,368.68
-2.8769e-05,5.5682e-05,-1.0936e+05,359.72
-2.9205e-05,5.413e-05,-1.1102e+05,348.26
-3.0275e-05,5.2113e-05,-1.1509e+05,332.78
-3.0843e-05,4.9439e-05,-1.1725e+05,313.24
-3.1861e-05,4.714e-05,-1.2113e+05,295.82
-3.2419e-05,4.4194e-05,-1.2326e+05,274.37
-3.3448e-05,4.2027e-05,-1.2717e+05,257.88
-3.4021e-05,3.9021e-05,-1.2935e+05,235.98
-3.5454e-05,3.7296e-05,-1.3481e+05,222.14
-3.6071e-05,1.8534e-05,-1.3718e+05,88.934
-3.6192e-05,-0.00015877,-1.3784e+05,-1163.2
-3.6385e-05,-0.00066913,-1.3869e+05,-4801.4
-2.1285e-05,-0.0016644,-64525,-12715
