-5.8057e-06,-0.0056485,-3.5634e+05,-47687
-4.7613e-05,-0.0027397,-2.4605e+05,-30224
-4.7923e-05,-0.0013448,-2.1509e+05,-15860
-5.0907e-05,-0.00038459,-2.1552e+05,-5148.8
-5.1217e-05,0.0001486,-2.0594e+05,547.38
-4.7334e-05,0.00046273,-1.8371e+05,3985.8
-4.676e-05,0.0005581,-1.7943e+05,5017.4
-4.5304e-05,0.00057386,-1.7316e+05,5215.4
-4.424e-05,0.00052842,-1.6975e+05,4751.1
-4.2861e-05,0.0004623,-1.6546e+05,4072.1
-4.1444e-05,0.00039454,-1.6106e+05,3376.2
-4.0609e-05,0.00032496,-1.5907e+05,2649.1
-3.868e-05,0.0002527,-1.5267e+05,1915.7
-3.8746e-05,0.00018046,-1.544e+05,1141.7
-3.589e-05,0.00010317,-1.4432e+05,373.24
-3.4238e-05,4.0564e-05,-1.3886e+05,-262.65
-3.3259e-05,8.0417e-06,-1.3552e+05,-590.53
-3.1511e-05,-6.2695e-06,-1.2868e+05,-708.03
-3.0257e-05,-1.9935e-05,-1.2384e+05,-828.64
-3.0648e-05,-2.1735e-05,-1.2548e+05,-855.86
-2.7691e-05,-1.8082e-05,-1.1334e+05,-756.64
-2.7065e-05,-2.9381e-05,-1.1101e+05,-864.73
-2.6152e-05,-2.771e-05,-1.0725e+05,-828.29
-2.5248e-05,-1.8076e-05,-1.0337e+05,-706.87
-2.416e-05,-1.6217e-05,-98891,-664.86
-2.3254e-05,-2.0578e-05,-95286,-693.07
-2.2572e-05,-3.9792e-05,-92895,-884.67
-2.1722e-05,-4.899e-05,-89613,-965.72
-2.0795e-05,-6.1384e-05,-86082,-1079.4
-2.0987e-05,-6.0793e-05,-86854,-1077
-1.9922e-05,-3.3629e-05,-81958,-764.85
-1.8914e-05,-5.3394e-06,-77271,-441.85
-1.7634e-05,2.0719e-05,-71519,-137.17
-1.6675e-05,2.2457e-05,-67572,-99.082
-1.6326e-05,3.7405e-05,-65844,67.854
-1.4172e-05,6.0593e-05,-56584,359.63
-1.3484e-05,7.5825e-05,-53467,536.49
-1.3242e-05,9.9463e-05,-52001,794.15
-1.2163e-05,0.00012828,-47011,1124.2
-1.1638e-05,0.00015908,-44243,1464.2
-1.0971e-05,0.00018675,-41255,1753.6
-1.0808e-05,0.00021557,-40203,2053.8
-1.002e-05,0.00024366,-36516,2367.8
-1.0039e-05,0.00026835,-36057,2636
-9.1645e-06,0.00028939,-31928,2890.6
-9.5382e-06,0.00031057,-32888,3118.4
-8.598e-06,0.00032664,-28471,3327.9
-8.9936e-06,0.00034421,-29576,3517.1
-8.1223e-06,0.00035542,-25507,3673.7
-8.6598e-06,0.00037032,-27299,3827.6
-7.6874e-06,0.00037968,-22777,3970.5
-7.9348e-06,0.00039176,-23379,4104
-7.2544e-06,0.00039766,-20177,4199.7
-7.544e-06,0.00039888,-21410,4202.2
-7.0636e-06,0.00039878,-19261,4222
-7.4479e-06,0.00039697,-20971,4188.3
-6.5422e-06,0.0003922,-17040,4174.1
-6.7508e-06,0.00037562,-18595,3971.2
-6.5527e-06,0.00035976,-18254,3796.4
-6.7125e-06,0.00033801,-19684,3539.3
-6.5157e-06,0.00031638,-19513,3300.1
-6.8217e-06,0.00028833,-21718,2969.2
-6.7068e-06,0.00026143,-22000,2670.5
-7.1359e-06,0.00022874,-24694,2292.4
-7.0692e-06,0.00019762,-25132,1954.3
-7.6578e-06,0.00016285,-28272,1565.3
-7.7917e-06,0.00013067,-29352,1224.1
-8.5315e-06,9.8579e-05,-32799,880.54
-9.0127e-06,7.7116e-05,-35198,641.26
-9.5142e-06,3.8864e-05,-38023,222.04
-9.8937e-06,1.5809e-05,-40040,-32.195
-1.1032e-05,-5.9086e-06,-45124,-287.57
-1.1415e-05,-2.0314e-05,-46981,-449.41
-1.2804e-05,-2.7423e-05,-52791,-553.68
-1.326e-05,-2.5064e-05,-54604,-537.73
-1.4937e-05,-7.4429e-06,-61088,-383.43
-1.5247e-05,1.2159e-05,-61953,-180.12
-1.7069e-05,-1.6442e-07,-69636,-348.95
-1.7603e-05,-2.6597e-06,-71864,-386.5
-1.9146e-05,-8.9522e-06,-78290,-485.18
-1.9743e-05,-7.2311e-06,-80688,-478.92
-2.1442e-05,-1.4892e-05,-87776,-595.4
-2.215e-05,-2.0894e-05,-90789,-674
-2.3815e-05,-3.1192e-05,-97791,-818
-2.4602e-05,-3.1274e-05,-1.01e+05,-834.87
-2.622e-05,-4.1612e-05,-1.0782e+05,-978.35
-2.6929e-05,-4.1937e-05,-1.1071e+05,-996.25
-2.8709e-05,-3.9935e-05,-1.1793e+05,-1011
-2.9473e-05,-3.8765e-05,-1.2103e+05,-1014.1
-3.1362e-05,-6.0445e-05,-1.2918e+05,-1284.4
-3.2095e-05,-7.2238e-05,-1.3240e+05,-1425.4
-3.3692e-05,-9.2839e-05,-1.3934e+05,-1678.2
-3.455e-05,-0.00010438,-1.4308e+05,-1819
-3.6008e-05,-0.00011672,-1.4928e+05,-1980.7
-3.6943e-05,-0.00013079,-1.5338e+05,-2150.2
-3.8438e-05,-0.00014177,-1.597e+05,-2298.1
-3.9377e-05,-0.00015201,-1.6374e+05,-2426.7
-4.0815e-05,-0.0001659,-1.6989e+05,-2604.5
-4.1704e-05,-0.00017772,-1.7376e+05,-2749.1
-4.3085e-05,-0.00018216,-1.7948e+05,-2824.6
-4.3974e-05,-0.0001744,-1.8295e+05,-2759.7
-4.5203e-05,-0.00017721,-1.8803e+05,-2814.8
-4.6014e-05,-0.00018706,-1.9153e+05,-2936.6
-4.7374e-05,-0.0001788,-1.9691e+05,-2875.9
-4.8313e-05,-0.00018239,-2.0082e+05,-2933.4
-4.935e-05,-0.00018843,-2.0518e+05,-3019.2
-5.0115e-05,-0.00018778,-2.0828e+05,-3027.8
-5.1076e-05,-0.00019123,-2.1228e+05,-3084.2
-5.1844e-05,-0.00018175,-2.1522e+05,-2998.5
-5.2713e-05,-0.00017856,-2.1869e+05,-2982
-5.3456e-05,-0.00017467,-2.2165e+05,-2955.5
-5.4194e-05,-0.00016587,-2.2448e+05,-2876.4
-5.4846e-05,-0.00015495,-2.2692e+05,-2773
-5.5454e-05,-0.00014912,-2.2928e+05,-2722.9
-5.6064e-05,-0.00014857,-2.3176e+05,-2729.5
-5.6516e-05,-0.00013758,-2.3338e+05,-2621.2
-5.7001e-05,-0.00013021,-2.3521e+05,-2552.2
-5.7347e-05,-0.00012871,-2.3659e+05,-2543.2
-5.7696e-05,-0.00014737,-2.3839e+05,-2749.8
-5.787e-05,-0.00013172,-2.3878e+05,-2586
-5.816e-05,-0.00014702,-2.4028e+05,-2755.6
-5.8133e-05,-0.00012613,-2.3974e+05,-2531.6
-5.8289e-05,-0.00013548,-2.4057e+05,-2634.7
-5.8161e-05,-0.00014517,-2.4025e+05,-2735.8
-5.8391e-05,-0.0001416,-2.4111e+05,-2702.2
-5.8094e-05,-0.00012826,-2.3963e+05,-2553.6
-5.8442e-05,-0.00014091,-2.4131e+05,-2695.9
-5.7537e-05,-0.00012366,-2.3726e+05,-2493
-5.781e-05,-0.00011831,-2.3827e+05,-2441.4
-5.7418e-05,-0.00011991,-2.367e+05,-2450.5
-5.7481e-05,-0.00012519,-2.3707e+05,-2508.2
-5.6896e-05,-0.00012212,-2.3462e+05,-2463.5
-5.6202e-05,-0.00013516,-2.3205e+05,-2588.8
-5.6073e-05,-0.0001258,-2.3133e+05,-2486.1
-5.5858e-05,-0.00011004,-2.3014e+05,-2313.2
-5.5362e-05,-0.00011785,-2.2827e+05,-2386.6
-5.5148e-05,-0.0001019,-2.2707e+05,-2211.7
-5.4412e-05,-0.00010925,-2.2422e+05,-2275.3
-5.3752e-05,-0.00010517,-2.2144e+05,-2218.2
-5.4511e-05,-8.465e-05,-2.2412e+05,-2014.2
-5.3102e-05,-0.00010848,-2.1886e+05,-2240.4
-5.1697e-05,-0.00010519,-2.1306e+05,-2176.6
-5.1371e-05,-9.6287e-05,-2.1155e+05,-2074.8
-5.0186e-05,-8.8545e-05,-2.0655e+05,-1967.9
-5.1099e-05,-0.00010014,-2.1052e+05,-2110.4
-4.8155e-05,-0.00010389,-1.9858e+05,-2090.7
-4.7256e-05,-0.00013238,-1.9549e+05,-2377.1
-4.6096e-05,-0.00013271,-1.9076e+05,-2357
-4.5403e-05,-0.00015872,-1.8846e+05,-2621
-4.3861e-05,-0.00018375,-1.8268e+05,-2857.4
-4.2847e-05,-0.00021239,-1.7913e+05,-3143.1
-4.1489e-05,-0.00023209,-1.7399e+05,-3326.1
-4.0508e-05,-0.00026731,-1.707e+05,-3682.8
-3.9117e-05,-0.00027774,-1.6524e+05,-3766.1
-3.8415e-05,-0.00025571,-1.6193e+05,-3516.2
-3.7158e-05,-0.00021774,-1.5603e+05,-3084.5
-3.6224e-05,-0.00018104,-1.5147e+05,-2673
-3.4923e-05,-0.00014753,-1.4548e+05,-2288.2
-3.2737e-05,-0.00011589,-1.3591e+05,-1905.2
-3.335e-05,-8.015e-05,-1.3769e+05,-1535.5
-2.9749e-05,-5.3409e-05,-1.2245e+05,-1176.3
-3.0206e-05,-2.548e-05,-1.2375e+05,-886.91
-2.7368e-05,-5.0058e-06,-1.1175e+05,-610.23
-2.5516e-05,1.257e-05,-1.0384e+05,-384.61
-2.6736e-05,2.9967e-05,-1.0846e+05,-223.4
-2.1662e-05,1.3552e-05,-88096,-295.74
-2.1207e-05,-1.7811e-05,-86877,-621.92
-1.7288e-05,-7.0089e-05,-71954,-1101.3
-1.922e-06,-8.3739e-05,-9737,-940.03
2.2218e-06,0.00018513,15132,2144.6
3.5948e-06,0.0002518,24324,2994.2
4.1027e-06,0.00024959,26574,2989.8
4.9688e-06,0.00024581,30471,2982.4
5.2233e-06,0.00024111,31468,2937.4
5.8502e-06,0.00023516,34173,2893.6
5.6713e-06,0.00023187,33197,2846.5
5.8744e-06,0.00022731,33972,2800.9
5.8064e-06,0.00022373,33511,2755.3
5.807e-06,0.00021967,33357,2707
5.416e-06,0.00021695,31416,2658.2
5.3457e-06,0.00021346,30957,2613.9
5.1709e-06,0.00021172,30076,2586
5.0937e-06,0.00020969,29649,2559
4.6993e-06,0.00020862,27774,2530.1
4.5402e-06,0.0002068,26979,2502.3
4.1722e-06,0.00020545,25227,2471.5
4.0205e-06,0.00020353,24472,2443.2
3.6705e-06,0.00020221,22820,2414.1
3.4271e-06,0.00020047,21647,2384.4
3.1124e-06,0.00019896,20163,2354.7
2.7e-06,0.00019775,18250,2325
2.3751e-06,0.0001961,16729,2293.9
1.9423e-06,0.00019478,14731,2262.5
1.5527e-06,0.00019351,12937,2233.3
1.1573e-06,0.00019201,11120,2201.9
6.7935e-07,0.00019079,8948.9,2170.6
2.5607e-07,0.00018949,7030.1,2140.8
-2.3724e-07,0.00018855,4813.9,2112.6
-7.2956e-07,0.00018749,2614.3,2083.6
-1.0605e-06,0.0001858,1114,2053.4
-1.534e-06,0.00018422,-1008.5,2019.5
-1.936e-06,0.00018245,-2805.4,1986.7
-2.3908e-06,0.00018074,-4827.1,1952.8
-2.8551e-06,0.00017901,-6884.2,1918.7
-3.4191e-06,0.0001774,-9360.5,1883
-3.6613e-06,0.0001751,-10460,1850.2
-4.3204e-06,0.00017337,-13332,1810.7
-4.8058e-06,0.00017163,-15451,1776.8
-5.3422e-06,0.00017109,-17744,1755.2
-5.7868e-06,0.00016986,-19661,1728.7
-6.5618e-06,0.00016878,-22963,1694.7
-7.0153e-06,0.00016709,-24916,1663.4
-7.8322e-06,0.0001659,-28367,1628.3
-8.3178e-06,0.00016433,-30433,1598.4
-9.0394e-06,0.00016283,-33467,1563.9
-9.3433e-06,0.00016089,-34772,1535.2
-1.0061e-05,0.00015943,-37768,1502.5
-1.0504e-05,0.00015754,-39630,1472
-1.1287e-05,0.00015667,-42857,1445.7
-1.159e-05,0.00015378,-44152,1408.7
-1.2299e-05,0.00015237,-47075,1379.1
-1.2745e-05,0.00015093,-48924,1354.7
-1.3273e-05,0.00014814,-51134,1314.1
-1.3842e-05,0.00014732,-53473,1293.8
-1.4542e-05,0.00014576,-56360,1262.8
-1.5053e-05,0.00014386,-58481,1232.2
-1.5905e-05,0.00014262,-61985,1201.5
-1.6561e-05,0.00014108,-64692,1171.8
-1.7225e-05,0.00013945,-67435,1140.8
-1.761e-05,0.00013737,-69045,1110.8
-1.8382e-05,0.00013599,-72223,1080.3
-1.918e-05,0.00013467,-75506,1049.9
-1.973e-05,0.00013289,-77787,1019.7
-2.0157e-05,0.00013086,-79569,989.31
-2.092e-05,0.00012946,-82712,958.83
-2.1724e-05,0.00012818,-86019,928.82
-2.2381e-05,0.00012662,-88730,898.75
-2.2874e-05,0.00012478,-90780,869.07
-2.3452e-05,0.00012308,-93171,839.16
-2.4122e-05,0.00012147,-95938,808.28
-2.4825e-05,0.00012008,-98832,779.15
-2.5427e-05,0.00011836,-1.0133e+05,748.48
-2.5972e-05,0.00011663,-1.0358e+05,718.85
-2.6666e-05,0.00011515,-1.0645e+05,688.96
-2.7348e-05,0.00011372,-1.0926e+05,659.76
-2.7747e-05,0.00011167,-1.1093e+05,629.75
-2.8339e-05,0.00011007,-1.1337e+05,600.63
-2.9121e-05,0.00010874,-1.1659e+05,570.49
-2.9833e-05,0.00010715,-1.1953e+05,538.97
-3.1173e-05,0.00010456,-1.2505e+05,484.1
-3.2072e-05,0.0001015,-1.2878e+05,433.1
-3.3633e-05,9.9538e-05,-1.3519e+05,380.33
-3.4782e-05,9.7147e-05,-1.3992e+05,331.4
-3.6005e-05,9.4452e-05,-1.4497e+05,277.7
-3.7395e-05,9.2581e-05,-1.5068e+05,229.42
-3.9218e-05,9.0758e-05,-1.5815e+05,172.85
-4.0957e-05,7.2747e-05,-1.6561e+05,-55.144
-4.1806e-05,-0.00011703,-1.7294e+05,-2102
-4.2359e-05,-0.00069803,-1.8682e+05,-8342.4
-2.068e-05,-0.0020684,-1.1305e+05,-23047
